1.134574413299560547e-02,-1.211631484329700470e-02,6.472581624984741211e-01,-1.828320138156414032e-02,-3.057196363806724548e-02,8.630337119102478027e-01,5.038887262344360352e-01,-7.547793984413146973e-01,3.588295280933380127e-01,9.948944300413131714e-02,1.365478634834289551e+00,-7.820671796798706055e-01,6.691458076238632202e-02,-5.434246659278869629e-01,-2.385117858648300171e-01,-1.809543222188949585e-01,1.420225381851196289e+00,-7.608875632286071777e-01,2.187941595911979675e-02,-1.963232308626174927e-01,4.469479992985725403e-02,-2.700420329347252846e-03,-1.369245529174804688e+00,7.037233114242553711e-01,-9.595541357994079590e-01,-2.997143864631652832e-01,2.067206948995590210e-01,-3.162972927093505859e-01,2.353522926568984985e-01,-1.414232373237609863e+00,-1.512367129325866699e+00,1.037133812904357910e+00,-7.891536951065063477e-01,-8.144229650497436523e-02,-3.869337737560272217e-01,-1.414958834648132324e-01
1.809325627982616425e-02,-1.505769509822130203e-02,6.374455690383911133e-01,-1.184297651052474976e-01,1.675074175000190735e-02,8.694700598716735840e-01,4.792866110801696777e-01,-1.062894344329833984e+00,3.394446074962615967e-01,6.776305288076400757e-02,1.370426058769226074e+00,-7.197998762130737305e-01,8.442933857440948486e-02,-8.283407092094421387e-01,-2.620571553707122803e-01,-2.191831469535827637e-01,1.466573476791381836e+00,-7.392688989639282227e-01,-8.910613134503364563e-03,-2.246090918779373169e-01,1.069004088640213013e-01,-1.891636699438095093e-01,-1.497206687927246094e+00,6.665319800376892090e-01,-1.026570916175842285e+00,-2.107678502798080444e-01,1.479796767234802246e-01,-3.464748561382293701e-01,3.228422999382019043e-01,-1.616873145103454590e+00,-1.555990695953369141e+00,1.214835524559020996e+00,-8.228268027305603027e-01,-5.886348336935043335e-02,-3.773156404495239258e-01,-2.576014995574951172e-01
2.398555539548397064e-02,-1.652429252862930298e-02,6.258611083030700684e-01,-1.328334212303161621e-01,8.915328420698642731e-03,8.741815686225891113e-01,4.669929146766662598e-01,-1.142504572868347168e+00,3.623369336128234863e-01,4.307129979133605957e-02,1.421870708465576172e+00,-7.180228233337402344e-01,8.616107702255249023e-02,-8.790858387947082520e-01,-2.685254216194152832e-01,-2.529370188713073730e-01,1.527234792709350586e+00,-7.584962248802185059e-01,-3.037659078836441040e-02,-2.456253767013549805e-01,1.439900100231170654e-01,-1.862360835075378418e-01,-1.498342275619506836e+00,6.528380513191223145e-01,-9.976326823234558105e-01,-2.156838029623031616e-01,1.504057198762893677e-01,-3.489645421504974365e-01,3.269810378551483154e-01,-1.667049050331115723e+00,-1.550264835357666016e+00,1.254231810569763184e+00,-8.422089815139770508e-01,-6.027173250913619995e-02,-3.830096125602722168e-01,-2.777853310108184814e-01
2.922786399722099304e-02,-1.732178963720798492e-02,6.146630048751831055e-01,-1.446826308965682983e-01,-9.232598240487277508e-04,8.774883747100830078e-01,4.572528898715972900e-01,-1.214233756065368652e+00,3.780201971530914307e-01,9.397924877703189850e-03,1.467031359672546387e+00,-7.176657915115356445e-01,9.102012217044830322e-02,-9.180898070335388184e-01,-2.705968320369720459e-01,-2.865965068340301514e-01,1.577631592750549316e+00,-7.806808948516845703e-01,-5.267244949936866760e-02,-2.632627189159393311e-01,1.861516535282135010e-01,-1.760141700506210327e-01,-1.497687220573425293e+00,6.358396410942077637e-01,-9.571333527565002441e-01,-2.142900079488754272e-01,1.324907541275024414e-01,-3.517440557479858398e-01,3.342272043228149414e-01,-1.692872881889343262e+00,-1.546372652053833008e+00,1.271356821060180664e+00,-8.692864775657653809e-01,-6.003109365701675415e-02,-3.947601318359375000e-01,-3.082641661167144775e-01
2.973637543618679047e-02,-2.228805050253868103e-02,6.056165695190429688e-01,-1.562299877405166626e-01,-1.111894845962524414e-02,8.785050511360168457e-01,4.513285458087921143e-01,-1.274462342262268066e+00,3.803063929080963135e-01,-2.290691994130611420e-02,1.501111626625061035e+00,-7.232191562652587891e-01,9.912734478712081909e-02,-9.483823180198669434e-01,-2.724606096744537354e-01,-3.112662136554718018e-01,1.606099843978881836e+00,-7.973361611366271973e-01,-6.357656419277191162e-02,-2.750570178031921387e-01,2.280053943395614624e-01,-1.610281914472579956e-01,-1.488663434982299805e+00,6.255866885185241699e-01,-9.198668003082275391e-01,-2.087945789098739624e-01,1.107953637838363647e-01,-3.522716164588928223e-01,3.400999307632446289e-01,-1.698689222335815430e+00,-1.543941855430603027e+00,1.270794510841369629e+00,-8.869310617446899414e-01,-6.884483993053436279e-02,-4.029714465141296387e-01,-3.437403738498687744e-01
2.708263136446475983e-02,-3.157767280936241150e-02,6.007072925567626953e-01,-1.656360179185867310e-01,-2.364066056907176971e-02,8.780892491340637207e-01,4.482912719249725342e-01,-1.314394474029541016e+00,3.773377537727355957e-01,-4.859959334135055542e-02,1.516024708747863770e+00,-7.300989627838134766e-01,1.085905879735946655e-01,-9.636724591255187988e-01,-2.690621316432952881e-01,-3.306932449340820312e-01,1.607457876205444336e+00,-7.983465194702148438e-01,-6.898509711027145386e-02,-2.877866029739379883e-01,2.680228948593139648e-01,-1.434777230024337769e-01,-1.468693494796752930e+00,6.202892065048217773e-01,-8.922621607780456543e-01,-2.030113041400909424e-01,8.986485004425048828e-02,-3.566912114620208740e-01,3.480966985225677490e-01,-1.694991230964660645e+00,-1.538228154182434082e+00,1.265447139739990234e+00,-9.023468494415283203e-01,-9.312599152326583862e-02,-4.095804095268249512e-01,-3.624481558799743652e-01
2.493669465184211731e-02,-4.034942016005516052e-02,6.014289259910583496e-01,-1.707212775945663452e-01,-3.156818822026252747e-02,8.756516575813293457e-01,4.506571590900421143e-01,-1.329683661460876465e+00,3.760575950145721436e-01,-6.123720854520797729e-02,1.512096405029296875e+00,-7.205764651298522949e-01,1.134757399559020996e-01,-9.713271260261535645e-01,-2.597958445549011230e-01,-3.376945257186889648e-01,1.587552189826965332e+00,-7.836090922355651855e-01,-6.416671723127365112e-02,-2.935458719730377197e-01,2.988254129886627197e-01,-1.279413253068923950e-01,-1.456843972206115723e+00,6.293951272964477539e-01,-8.847576975822448730e-01,-2.082078158855438232e-01,5.672940239310264587e-02,-3.629039824008941650e-01,3.489330708980560303e-01,-1.693055748939514160e+00,-1.519508481025695801e+00,1.259580135345458984e+00,-9.084522724151611328e-01,-9.858515113592147827e-02,-4.113931953907012939e-01,-3.660678267478942871e-01
2.046473324298858643e-02,-4.914138093590736389e-02,6.080522537231445312e-01,-1.774747967720031738e-01,-3.747014701366424561e-02,8.707901239395141602e-01,4.569717943668365479e-01,-1.326955437660217285e+00,3.768674135208129883e-01,-6.678054481744766235e-02,1.481618762016296387e+00,-7.062447071075439453e-01,1.172191873192787170e-01,-9.709594249725341797e-01,-2.367620021104812622e-01,-3.367710113525390625e-01,1.531908869743347168e+00,-7.617072463035583496e-01,-5.179570242762565613e-02,-2.948828935623168945e-01,3.306145071983337402e-01,-1.162029355764389038e-01,-1.450295448303222656e+00,6.496267914772033691e-01,-8.930417299270629883e-01,-2.158630043268203735e-01,3.258594125509262085e-02,-3.740763664245605469e-01,3.434418737888336182e-01,-1.701907992362976074e+00,-1.494301438331604004e+00,1.260037899017333984e+00,-9.103415608406066895e-01,-1.010957434773445129e-01,-4.127002954483032227e-01,-3.538239002227783203e-01
1.251413207501173019e-02,-5.476298555731773376e-02,6.199114918708801270e-01,-1.839190125465393066e-01,-3.753196075558662415e-02,8.627172708511352539e-01,4.695573151111602783e-01,-1.293728828430175781e+00,3.889715373516082764e-01,-4.880493879318237305e-02,1.421327710151672363e+00,-6.979221105575561523e-01,1.186115816235542297e-01,-9.595460295677185059e-01,-2.087131738662719727e-01,-3.250358700752258301e-01,1.444971442222595215e+00,-7.423475980758666992e-01,-3.035289049148559570e-02,-2.819853127002716064e-01,3.582550883293151855e-01,-1.082802787423133850e-01,-1.468353748321533203e+00,6.889050006866455078e-01,-9.247285127639770508e-01,-2.362289279699325562e-01,1.224895380437374115e-02,-3.864372372627258301e-01,3.326837420463562012e-01,-1.749950408935546875e+00,-1.456631779670715332e+00,1.293371200561523438e+00,-9.102085232734680176e-01,-8.344526588916778564e-02,-4.112114310264587402e-01,-3.224525749683380127e-01
7.222631014883518219e-03,-5.346314981579780579e-02,6.362252235412597656e-01,-1.893062293529510498e-01,-3.330041840672492981e-02,8.521423935890197754e-01,4.867315590381622314e-01,-1.243034362792968750e+00,4.038059115409851074e-01,-2.990057878196239471e-02,1.341461777687072754e+00,-6.517267227172851562e-01,1.058846712112426758e-01,-9.378834962844848633e-01,-1.665748655796051025e-01,-3.010010421276092529e-01,1.330031394958496094e+00,-7.110194563865661621e-01,3.151446115225553513e-03,-2.637053728103637695e-01,3.758516609668731689e-01,-1.057401001453399658e-01,-1.483908295631408691e+00,7.365612387657165527e-01,-9.629189372062683105e-01,-2.627983689308166504e-01,6.172018591314554214e-03,-3.919755220413208008e-01,3.291576802730560303e-01,-1.830507993698120117e+00,-1.400679349899291992e+00,1.357528328895568848e+00,-9.056439995765686035e-01,-5.538261681795120239e-02,-3.974698781967163086e-01,-2.906883358955383301e-01
-6.724699633195996284e-04,-5.156488344073295593e-02,6.562799215316772461e-01,-1.968502700328826904e-01,-2.938566915690898895e-02,8.393379449844360352e-01,5.058639049530029297e-01,-1.174515485763549805e+00,4.075930118560791016e-01,-7.707764860242605209e-03,1.233969092369079590e+00,-5.675115585327148438e-01,6.252859532833099365e-02,-8.994268774986267090e-01,-1.273903548717498779e-01,-2.741395235061645508e-01,1.184355258941650391e+00,-6.426894068717956543e-01,5.374908819794654846e-02,-2.454415410757064819e-01,3.970306813716888428e-01,-9.650424867868423462e-02,-1.500023245811462402e+00,7.888081073760986328e-01,-9.963153600692749023e-01,-3.019986748695373535e-01,-1.518506836146116257e-02,-4.101054370403289795e-01,3.451205790042877197e-01,-1.903818368911743164e+00,-1.328372120857238770e+00,1.399999976158142090e+00,-8.929709792137145996e-01,-2.130200527608394623e-02,-3.933681547641754150e-01,-2.598403394222259521e-01
-1.041361223906278610e-02,-4.913862422108650208e-02,6.778392195701599121e-01,-1.946548819541931152e-01,-1.922813989222049713e-02,8.240918517112731934e-01,5.316129922866821289e-01,-1.089180707931518555e+00,3.907133638858795166e-01,6.753928493708372116e-03,1.116379618644714355e+00,-4.595132172107696533e-01,7.936869747936725616e-03,-8.388027548789978027e-01,-1.235673204064369202e-01,-2.634368836879730225e-01,1.028858065605163574e+00,-5.339962244033813477e-01,1.004873141646385193e-01,-2.146667838096618652e-01,3.986596167087554932e-01,-1.010024249553680420e-01,-1.499894142150878906e+00,8.273632526397705078e-01,-1.032498359680175781e+00,-3.136129081249237061e-01,-2.943723462522029877e-02,-4.086404740810394287e-01,3.450393676757812500e-01,-1.913392186164855957e+00,-1.266045928001403809e+00,1.399999976158142090e+00,-8.717163205146789551e-01,2.971285022795200348e-02,-3.774699866771697998e-01,-2.217654585838317871e-01
-2.152254246175289154e-02,-4.654173180460929871e-02,6.998094916343688965e-01,-1.971613317728042603e-01,-8.194538764655590057e-03,8.036146759986877441e-01,5.614835023880004883e-01,-1.003971219062805176e+00,3.726289570331573486e-01,1.158658880740404129e-02,9.829100966453552246e-01,-3.698914945125579834e-01,-4.260968789458274841e-02,-7.799859642982482910e-01,-1.099838688969612122e-01,-2.409877777099609375e-01,8.649918437004089355e-01,-3.848595023155212402e-01,1.619991511106491089e-01,-1.830915212631225586e-01,3.951793015003204346e-01,-1.178152784705162048e-01,-1.477119207382202148e+00,8.557282686233520508e-01,-1.057561635971069336e+00,-3.131621181964874268e-01,-7.168665528297424316e-02,-4.034874439239501953e-01,3.197384178638458252e-01,-1.898785591125488281e+00,-1.202580928802490234e+00,1.399999976158142090e+00,-8.381534814834594727e-01,8.906493335962295532e-02,-3.566707670688629150e-01,-1.984331607818603516e-01
-3.376537188887596130e-02,-4.320283234119415283e-02,7.211834192276000977e-01,-1.917438209056854248e-01,7.900310680270195007e-03,7.829985618591308594e-01,5.916798710823059082e-01,-8.939566016197204590e-01,3.490090668201446533e-01,1.825701631605625153e-02,8.311938643455505371e-01,-3.012215793132781982e-01,-8.552015572786331177e-02,-7.056170105934143066e-01,-9.999123960733413696e-02,-2.105492204427719116e-01,6.909302473068237305e-01,-2.305667847394943237e-01,2.171428799629211426e-01,-1.456474214792251587e-01,3.703093528747558594e-01,-1.416981518268585205e-01,-1.456657290458679199e+00,8.721514940261840820e-01,-1.087339162826538086e+00,-2.998567223548889160e-01,-6.337510049343109131e-02,-3.997296690940856934e-01,2.945606112480163574e-01,-1.859437346458435059e+00,-1.144443154335021973e+00,1.399999976158142090e+00,-7.945080995559692383e-01,1.293506771326065063e-01,-3.364355266094207764e-01,-1.712015718221664429e-01
-4.579548537731170654e-02,-4.023520648479461670e-02,7.386702895164489746e-01,-1.762263625860214233e-01,2.628586255013942719e-02,7.624806165695190430e-01,6.219940781593322754e-01,-7.763068675994873047e-01,3.173261284828186035e-01,4.377634823322296143e-02,7.064547538757324219e-01,-2.597095370292663574e-01,-9.920373558998107910e-02,-6.410586237907409668e-01,-1.084622219204902649e-01,-1.824277639389038086e-01,5.749631524085998535e-01,-1.115125045180320740e-01,2.603508234024047852e-01,-1.132256984710693359e-01,3.203982114791870117e-01,-1.701533794403076172e-01,-1.437493085861206055e+00,8.564029335975646973e-01,-1.129259824752807617e+00,-2.556847631931304932e-01,-2.440802380442619324e-02,-3.863090872764587402e-01,2.630124986171722412e-01,-1.784575462341308594e+00,-1.104282736778259277e+00,1.399999976158142090e+00,-7.171061038970947266e-01,1.294085234403610229e-01,-3.208785951137542725e-01,-1.671377420425415039e-01
-5.404215306043624878e-02,-3.775012493133544922e-02,7.530720233917236328e-01,-1.571557968854904175e-01,4.512592405080795288e-02,7.370942831039428711e-01,6.557115912437438965e-01,-6.577481627464294434e-01,2.878710925579071045e-01,7.697000354528427124e-02,5.929745435714721680e-01,-2.283578515052795410e-01,-1.064770743250846863e-01,-5.859133005142211914e-01,-1.114870533347129822e-01,-1.513946056365966797e-01,4.834422171115875244e-01,-3.471649065613746643e-02,2.617999911308288574e-01,-8.737964183092117310e-02,2.514112889766693115e-01,-1.891015917062759399e-01,-1.434194564819335938e+00,8.390890359878540039e-01,-1.184435248374938965e+00,-2.008135318756103516e-01,2.592846564948558807e-02,-3.662844002246856689e-01,2.405477613210678101e-01,-1.694792509078979492e+00,-1.071184158325195312e+00,1.399999976158142090e+00,-6.484751105308532715e-01,1.224185898900032043e-01,-3.027280867099761963e-01,-1.847222149372100830e-01
-6.317935883998870850e-02,-3.723193705081939697e-02,7.612699866294860840e-01,-1.285148411989212036e-01,6.504698097705841064e-02,7.128995656967163086e-01,6.863141059875488281e-01,-5.689090490341186523e-01,2.341684103012084961e-01,1.184320002794265747e-01,5.355620384216308594e-01,-2.056821584701538086e-01,-9.344904124736785889e-02,-5.625386834144592285e-01,-1.551641970872879028e-01,-1.284127533435821533e-01,4.562193751335144043e-01,1.135309925302863121e-03,2.617999911308288574e-01,-7.901462912559509277e-02,1.700076609849929810e-01,-2.003960162401199341e-01,-1.406805276870727539e+00,8.194525837898254395e-01,-1.219944715499877930e+00,-1.258199214935302734e-01,7.427845895290374756e-02,-3.680839538574218750e-01,2.247752696275711060e-01,-1.591140389442443848e+00,-1.058513045310974121e+00,1.399999976158142090e+00,-5.837128758430480957e-01,1.384170502424240112e-01,-3.100544512271881104e-01,-1.888495981693267822e-01
-7.156684994697570801e-02,-3.796121105551719666e-02,7.647325396537780762e-01,-9.746683388948440552e-02,8.812040835618972778e-02,6.804029941558837891e-01,7.209624052047729492e-01,-4.952065646648406982e-01,1.742069274187088013e-01,1.667246967554092407e-01,4.851519763469696045e-01,-1.986693292856216431e-01,-7.493028044700622559e-02,-5.747879743576049805e-01,-2.005425542593002319e-01,-8.444709330797195435e-02,4.593834578990936279e-01,1.042504981160163879e-02,2.617999911308288574e-01,-7.462306320667266846e-02,9.781876206398010254e-02,-2.041282951831817627e-01,-1.380328178405761719e+00,8.149605393409729004e-01,-1.252474665641784668e+00,-6.522300839424133301e-02,1.456223875284194946e-01,-3.937614262104034424e-01,2.002251446247100830e-01,-1.493237376213073730e+00,-1.046891331672668457e+00,1.391305208206176758e+00,-5.348304510116577148e-01,1.271058619022369385e-01,-3.154184222221374512e-01,-1.774036586284637451e-01
-6.751763075590133667e-02,-4.670435935258865356e-02,7.643030285835266113e-01,-7.268109172582626343e-02,1.074908226728439331e-01,6.546160578727722168e-01,7.447422742843627930e-01,-4.641231596469879150e-01,1.361314207315444946e-01,2.012073695659637451e-01,4.580325782299041748e-01,-1.965367197990417480e-01,-5.928005650639533997e-02,-6.134478449821472168e-01,-2.323741912841796875e-01,-6.356346607208251953e-02,4.818853437900543213e-01,-6.688649766147136688e-03,2.617999911308288574e-01,-7.717937231063842773e-02,4.036219045519828796e-02,-2.091186642646789551e-01,-1.342725515365600586e+00,8.106732368469238281e-01,-1.275903582572937012e+00,-1.503421086817979813e-02,1.764389723539352417e-01,-4.064529538154602051e-01,1.651822626590728760e-01,-1.391557097434997559e+00,-1.035345554351806641e+00,1.366219639778137207e+00,-5.092549324035644531e-01,1.330392360687255859e-01,-3.173739314079284668e-01,-1.490697413682937622e-01
-6.293614953756332397e-02,-4.933051392436027527e-02,7.628855109214782715e-01,-5.903545767068862915e-02,1.283328533172607422e-01,6.333956122398376465e-01,7.608255743980407715e-01,-4.491639137268066406e-01,1.095413267612457275e-01,2.374728471040725708e-01,4.276016056537628174e-01,-2.026397138833999634e-01,-4.895089566707611084e-02,-6.562430262565612793e-01,-2.563133239746093750e-01,-5.722498521208763123e-02,4.954768717288970947e-01,-2.350391261279582977e-02,2.617999911308288574e-01,-7.521335780620574951e-02,5.718900938518345356e-04,-2.197967022657394409e-01,-1.300957202911376953e+00,7.944633364677429199e-01,-1.276159882545471191e+00,1.387337781488895416e-02,1.947866231203079224e-01,-4.006490111351013184e-01,1.495257019996643066e-01,-1.293267369270324707e+00,-1.010429024696350098e+00,1.335346460342407227e+00,-4.927377700805664062e-01,1.528421491384506226e-01,-3.077132403850555420e-01,-1.213882863521575928e-01
-5.775851011276245117e-02,-5.537340044975280762e-02,7.601400017738342285e-01,-4.576189815998077393e-02,1.454223543405532837e-01,6.144903898239135742e-01,7.740541100502014160e-01,-4.456480145454406738e-01,9.071545302867889404e-02,2.708944380283355713e-01,4.157661795616149902e-01,-2.154065966606140137e-01,-3.741020336747169495e-02,-7.005574107170104980e-01,-2.778566777706146240e-01,-4.966517165303230286e-02,5.143498778343200684e-01,-3.817488998174667358e-02,2.617999911308288574e-01,-7.655739039182662964e-02,-2.125935070216655731e-02,-2.256881296634674072e-01,-1.259126663208007812e+00,7.894528508186340332e-01,-1.278604388236999512e+00,3.016667999327182770e-02,1.768807172775268555e-01,-3.943539559841156006e-01,1.325069367885589600e-01,-1.218327879905700684e+00,-9.940613508224487305e-01,1.323347330093383789e+00,-4.745081067085266113e-01,1.601435542106628418e-01,-2.917067110538482666e-01,-1.057325974106788635e-01
-5.507242679595947266e-02,-5.949779599905014038e-02,7.580283284187316895e-01,-2.880664542317390442e-02,1.599949598312377930e-01,6.040205359458923340e-01,7.802121043205261230e-01,-4.297158420085906982e-01,5.260448530316352844e-02,2.954379916191101074e-01,3.836948871612548828e-01,-2.111322134733200073e-01,-2.844493649899959564e-02,-7.299944758415222168e-01,-3.171445429325103760e-01,-4.338537156581878662e-02,5.303541421890258789e-01,-5.259514600038528442e-02,2.617999911308288574e-01,-8.258208632469177246e-02,-4.930407181382179260e-02,-2.227506637573242188e-01,-1.221775054931640625e+00,7.906534075736999512e-01,-1.287839889526367188e+00,4.424352198839187622e-02,1.893181353807449341e-01,-3.945153951644897461e-01,1.142251938581466675e-01,-1.132171034812927246e+00,-9.740257859230041504e-01,1.299630403518676758e+00,-4.511149823665618896e-01,1.591279953718185425e-01,-2.753319144248962402e-01,-8.644139766693115234e-02
-5.528321862220764160e-02,-6.066662445664405823e-02,7.550867795944213867e-01,-2.504666522145271301e-02,1.721159368753433228e-01,5.926330685615539551e-01,7.864698767662048340e-01,-4.453068077564239502e-01,4.485883191227912903e-02,3.209417164325714111e-01,3.960898518562316895e-01,-2.276756763458251953e-01,-2.649614214897155762e-02,-7.729668617248535156e-01,-3.333977758884429932e-01,-4.134551808238029480e-02,5.516490340232849121e-01,-6.027539819478988647e-02,2.617999911308288574e-01,-8.061398565769195557e-02,-4.708282276988029480e-02,-2.228521555662155151e-01,-1.181098461151123047e+00,7.977192997932434082e-01,-1.299075961112976074e+00,5.435096472501754761e-02,2.139897197484970093e-01,-3.985700607299804688e-01,9.945914894342422485e-02,-1.069674372673034668e+00,-9.551570415496826172e-01,1.299871563911437988e+00,-4.257937669754028320e-01,1.507460922002792358e-01,-2.597101032733917236e-01,-7.649172842502593994e-02
-5.246691033244132996e-02,-6.215061247348785400e-02,7.541459202766418457e-01,-1.014625933021306992e-02,1.836249530315399170e-01,5.888752937316894531e-01,7.870227694511413574e-01,-4.288018345832824707e-01,4.735121503472328186e-03,3.325615823268890381e-01,3.605830669403076172e-01,-2.076535820960998535e-01,-2.365309931337833405e-02,-7.878257632255554199e-01,-3.665158152580261230e-01,-2.791213430464267731e-02,5.535880327224731445e-01,-6.991094350814819336e-02,2.617999911308288574e-01,-8.847773820161819458e-02,-6.354285031557083130e-02,-2.118385881185531616e-01,-1.132372498512268066e+00,7.988069653511047363e-01,-1.306084275245666504e+00,7.470469921827316284e-02,2.499627321958541870e-01,-4.117517173290252686e-01,9.978525340557098389e-02,-9.862079024314880371e-01,-9.272705912590026855e-01,1.286902785301208496e+00,-3.841040432453155518e-01,1.381322145462036133e-01,-2.492049634456634521e-01,-5.908714607357978821e-02
-5.596971884369850159e-02,-5.957514420151710510e-02,7.530384659767150879e-01,-8.581001311540603638e-03,1.914171576499938965e-01,5.863637924194335938e-01,7.870599031448364258e-01,-4.261855483055114746e-01,-1.526021212339401245e-02,3.453388214111328125e-01,3.370719552040100098e-01,-2.125096321105957031e-01,-1.992376521229743958e-02,-8.065549731254577637e-01,-3.841275870800018311e-01,-2.296043746173381805e-02,5.562006831169128418e-01,-6.698704510927200317e-02,2.617999911308288574e-01,-9.546139836311340332e-02,-6.054812669754028320e-02,-2.033608108758926392e-01,-1.083276033401489258e+00,8.022525310516357422e-01,-1.323524713516235352e+00,9.330423921346664429e-02,3.180655241012573242e-01,-4.385003149509429932e-01,1.257914900779724121e-01,-9.161149263381958008e-01,-8.993558883666992188e-01,1.290853023529052734e+00,-3.212563991546630859e-01,9.514164924621582031e-02,-2.504846751689910889e-01,-6.434132158756256104e-02
-6.056026369333267212e-02,-5.876756086945533752e-02,7.512690424919128418e-01,-4.994526505470275879e-03,1.957331001758575439e-01,5.819927453994750977e-01,7.892705798149108887e-01,-4.210327267646789551e-01,-3.196088224649429321e-02,3.600939810276031494e-01,3.234072625637054443e-01,-2.254576534032821655e-01,-1.474859565496444702e-02,-8.211935162544250488e-01,-3.990147709846496582e-01,-1.966874115169048309e-02,5.589917302131652832e-01,-6.625149399042129517e-02,2.617999911308288574e-01,-9.907592087984085083e-02,-5.713602900505065918e-02,-1.949183195829391479e-01,-1.037796139717102051e+00,8.075578808784484863e-01,-1.342706680297851562e+00,1.070144772529602051e-01,3.808893859386444092e-01,-4.697790443897247314e-01,1.550625711679458618e-01,-8.515381217002868652e-01,-8.668516874313354492e-01,1.298633933067321777e+00,-2.684741914272308350e-01,5.070548132061958313e-02,-2.549280822277069092e-01,-7.333306968212127686e-02
-6.238326057791709900e-02,-5.645597353577613831e-02,7.490713000297546387e-01,-2.759525086730718613e-03,2.014078199863433838e-01,5.782617926597595215e-01,7.905950546264648438e-01,-4.227018952369689941e-01,-4.379862546920776367e-02,3.710506260395050049e-01,3.214759528636932373e-01,-2.409417927265167236e-01,-1.139902882277965546e-02,-8.361027836799621582e-01,-4.120547771453857422e-01,-1.725321821868419647e-02,5.627066493034362793e-01,-7.683723419904708862e-02,2.617999911308288574e-01,-1.011671945452690125e-01,-5.223504081368446350e-02,-1.879971623420715332e-01,-9.785193800926208496e-01,8.048458695411682129e-01,-1.344834446907043457e+00,1.334174871444702148e-01,4.067331552505493164e-01,-4.852942824363708496e-01,1.729704141616821289e-01,-7.798841595649719238e-01,-8.214186429977416992e-01,1.292194843292236328e+00,-2.009883075952529907e-01,1.998270861804485321e-02,-2.485548853874206543e-01,-8.746174722909927368e-02
-6.383026391267776489e-02,-5.150429531931877136e-02,7.471490502357482910e-01,2.487961319275200367e-04,2.076273858547210693e-01,5.753903985023498535e-01,7.910857796669006348e-01,-4.177626669406890869e-01,-6.214419007301330566e-02,3.762023150920867920e-01,3.112123310565948486e-01,-2.555511295795440674e-01,-4.253651946783065796e-03,-8.430409431457519531e-01,-4.270977079868316650e-01,-5.946649704128503799e-03,5.577142238616943359e-01,-8.821333944797515869e-02,2.617999911308288574e-01,-1.061711013317108154e-01,-5.362768098711967468e-02,-1.801954507827758789e-01,-9.208769798278808594e-01,7.906630039215087891e-01,-1.340536475181579590e+00,1.721507459878921509e-01,4.266130030155181885e-01,-4.915969967842102051e-01,1.878769993782043457e-01,-7.038271427154541016e-01,-7.700243592262268066e-01,1.280094385147094727e+00,-1.230499818921089172e-01,-1.262267678976058960e-02,-2.458339184522628784e-01,-1.075201779603958130e-01
-6.657163053750991821e-02,-5.161134153604507446e-02,7.449405789375305176e-01,5.491995718330144882e-03,2.107939571142196655e-01,5.737846493721008301e-01,7.913955450057983398e-01,-4.121809899806976318e-01,-7.945206761360168457e-02,3.857788741588592529e-01,3.006464242935180664e-01,-2.675530910491943359e-01,8.202943718060851097e-04,-8.522832989692687988e-01,-4.458991885185241699e-01,-1.693835132755339146e-03,5.585693717002868652e-01,-9.351077675819396973e-02,2.617999911308288574e-01,-1.103774532675743103e-01,-5.800493434071540833e-02,-1.730585545301437378e-01,-8.650085330009460449e-01,7.722729444503784180e-01,-1.332228779792785645e+00,2.196485847234725952e-01,4.549081921577453613e-01,-4.995957612991333008e-01,2.096484303474426270e-01,-6.362639069557189941e-01,-7.154260873794555664e-01,1.270311474800109863e+00,-4.349196702241897583e-02,-5.835616216063499451e-02,-2.511686682701110840e-01,-1.363703161478042603e-01
-6.894681602716445923e-02,-4.826239868998527527e-02,7.430009841918945312e-01,1.160811353474855423e-02,2.119715064764022827e-01,5.725606679916381836e-01,7.919012308120727539e-01,-3.909694552421569824e-01,-1.014950796961784363e-01,3.884151875972747803e-01,2.767904102802276611e-01,-2.825967669486999512e-01,7.612894289195537567e-03,-8.565528988838195801e-01,-4.658126533031463623e-01,9.756618179380893707e-03,5.686302781105041504e-01,-1.037312895059585571e-01,2.617999911308288574e-01,-1.162364557385444641e-01,-6.661023944616317749e-02,-1.627030223608016968e-01,-7.972531914710998535e-01,7.386461496353149414e-01,-1.304917812347412109e+00,2.948647439479827881e-01,4.901052117347717285e-01,-4.878381788730621338e-01,2.424239814281463623e-01,-5.680841207504272461e-01,-6.469058990478515625e-01,1.252969145774841309e+00,5.261132866144180298e-02,-9.877341240644454956e-02,-2.494775354862213135e-01,-1.694389283657073975e-01
-7.184992730617523193e-02,-4.633352160453796387e-02,7.410129904747009277e-01,1.463671680539846420e-02,2.129171639680862427e-01,5.701854825019836426e-01,7.933098673820495605e-01,-3.868719041347503662e-01,-1.120218783617019653e-01,3.904609680175781250e-01,2.789002358913421631e-01,-3.026216030120849609e-01,1.842851936817169189e-02,-8.684158921241760254e-01,-4.775865375995635986e-01,1.968312822282314301e-02,5.816695094108581543e-01,-1.077492684125900269e-01,2.617999911308288574e-01,-1.217233464121818542e-01,-7.527276873588562012e-02,-1.542935669422149658e-01,-7.320217490196228027e-01,7.043107748031616211e-01,-1.268202185630798340e+00,3.694282174110412598e-01,5.034153461456298828e-01,-4.626108109951019287e-01,2.629030048847198486e-01,-5.073680877685546875e-01,-5.899969935417175293e-01,1.227960705757141113e+00,1.327736675739288330e-01,-9.547446668148040771e-02,-2.329190820455551147e-01,-1.929710060358047485e-01
-7.412391901016235352e-02,-4.117446392774581909e-02,7.394254207611083984e-01,2.065235190093517303e-02,2.117178142070770264e-01,5.687564611434936523e-01,7.945219278335571289e-01,-3.650451600551605225e-01,-1.303834170103073120e-01,3.873103260993957520e-01,2.693552672863006592e-01,-3.222871124744415283e-01,3.005949966609477997e-02,-8.700297474861145020e-01,-4.950036108493804932e-01,3.385492041707038879e-02,5.996652245521545410e-01,-1.169881895184516907e-01,2.617999911308288574e-01,-1.298230886459350586e-01,-8.766239881515502930e-02,-1.433481425046920776e-01,-6.650736331939697266e-01,6.560724973678588867e-01,-1.224014997482299805e+00,4.549992084503173828e-01,5.072493553161621094e-01,-4.344611167907714844e-01,2.788721024990081787e-01,-4.515645802021026611e-01,-5.330098867416381836e-01,1.199830770492553711e+00,2.193307727575302124e-01,-9.758562594652175903e-02,-2.186802625656127930e-01,-2.125259786844253540e-01
-7.801458984613418579e-02,-3.958238661289215088e-02,7.378143668174743652e-01,2.330661378800868988e-02,2.101716399192810059e-01,5.680370330810546875e-01,7.953732609748840332e-01,-3.580919504165649414e-01,-1.402513831853866577e-01,3.854669034481048584e-01,2.713187932968139648e-01,-3.419941365718841553e-01,4.584194347262382507e-02,-8.787390589714050293e-01,-5.055521130561828613e-01,4.124921560287475586e-02,6.157225966453552246e-01,-1.163399592041969299e-01,2.617999911308288574e-01,-1.328385621309280396e-01,-9.868310391902923584e-02,-1.367535740137100220e-01,-6.143022179603576660e-01,6.168555021286010742e-01,-1.185252904891967773e+00,5.277150273323059082e-01,4.988660216331481934e-01,-4.091175794601440430e-01,2.741437554359436035e-01,-4.045871198177337646e-01,-4.889809191226959229e-01,1.172583580017089844e+00,2.861327826976776123e-01,-8.158168196678161621e-02,-2.056468576192855835e-01,-2.191614210605621338e-01
-8.036960661411285400e-02,-4.132227227091789246e-02,7.370013594627380371e-01,3.099437430500984192e-02,2.049704045057296753e-01,5.691956877708435059e-01,7.956398129463195801e-01,-3.401301801204681396e-01,-1.530009657144546509e-01,3.809062242507934570e-01,2.688448131084442139e-01,-3.517928123474121094e-01,5.693676695227622986e-02,-8.711767792701721191e-01,-5.213367938995361328e-01,4.187067970633506775e-02,6.206285953521728516e-01,-1.076230257749557495e-01,2.617999911308288574e-01,-1.367451548576354980e-01,-1.119279116392135620e-01,-1.244046911597251892e-01,-5.741936564445495605e-01,5.697630643844604492e-01,-1.152698040008544922e+00,6.149235367774963379e-01,5.089732408523559570e-01,-3.926072716712951660e-01,2.706044316291809082e-01,-3.669970035552978516e-01,-4.393820166587829590e-01,1.152397513389587402e+00,3.654749691486358643e-01,-1.003034785389900208e-01,-2.025661766529083252e-01,-2.262282818555831909e-01
-8.415563404560089111e-02,-4.355699941515922546e-02,7.360732555389404297e-01,3.588804975152015686e-02,2.011745870113372803e-01,5.708653926849365234e-01,7.952066063880920410e-01,-3.301859498023986816e-01,-1.640343517065048218e-01,3.751756846904754639e-01,2.665280997753143311e-01,-3.621997833251953125e-01,6.125525012612342834e-02,-8.700612187385559082e-01,-5.352553725242614746e-01,4.076906293630599976e-02,6.229782700538635254e-01,-9.944480657577514648e-02,2.617999911308288574e-01,-1.323727816343307495e-01,-1.272716373205184937e-01,-1.121768802404403687e-01,-5.502075552940368652e-01,5.283609628677368164e-01,-1.119937777519226074e+00,6.855576038360595703e-01,5.282152891159057617e-01,-3.737593293190002441e-01,2.751860916614532471e-01,-3.298521637916564941e-01,-3.993017971515655518e-01,1.127464890480041504e+00,4.220456480979919434e-01,-1.075636744499206543e-01,-1.956417709589004517e-01,-2.383377552032470703e-01
-8.702917397022247314e-02,-4.572706669569015503e-02,7.353620529174804688e-01,4.254149273037910461e-02,1.962313503026962280e-01,5.718356370925903320e-01,7.954165935516357422e-01,-3.121715188026428223e-01,-1.758780032396316528e-01,3.713002800941467285e-01,2.587464153766632080e-01,-3.683683574199676514e-01,6.432042270898818970e-02,-8.641062378883361816e-01,-5.495289564132690430e-01,3.787544742226600647e-02,6.243768930435180664e-01,-9.474212676286697388e-02,2.617999911308288574e-01,-1.304612606763839722e-01,-1.444843411445617676e-01,-1.026599258184432983e-01,-5.335403680801391602e-01,4.879941046237945557e-01,-1.088441014289855957e+00,7.573402523994445801e-01,5.337340235710144043e-01,-3.477494418621063232e-01,2.643838822841644287e-01,-2.955680787563323975e-01,-3.630206286907196045e-01,1.099846601486206055e+00,4.733469784259796143e-01,-8.291365206241607666e-02,-1.842432320117950439e-01,-2.373161166906356812e-01
-8.999170362949371338e-02,-4.874103143811225891e-02,7.344860434532165527e-01,4.883571714162826538e-02,1.921213418245315552e-01,5.739598870277404785e-01,7.945278882980346680e-01,-3.035711646080017090e-01,-1.859547197818756104e-01,3.690589964389801025e-01,2.621968686580657959e-01,-3.744707405567169189e-01,6.688207387924194336e-02,-8.625240921974182129e-01,-5.641186237335205078e-01,3.891574963927268982e-02,6.294299364089965820e-01,-9.338532388210296631e-02,2.617999911308288574e-01,-1.274059265851974487e-01,-1.609583795070648193e-01,-9.563397616147994995e-02,-5.325442552566528320e-01,4.588554799556732178e-01,-1.066862583160400391e+00,8.023040890693664551e-01,5.422528982162475586e-01,-3.308770656585693359e-01,2.579585313796997070e-01,-2.711502611637115479e-01,-3.398436903953552246e-01,1.082329392433166504e+00,5.059499740600585938e-01,-8.042386174201965332e-02,-1.801615208387374878e-01,-2.337120175361633301e-01
-9.267534315586090088e-02,-5.171336606144905090e-02,7.339158058166503906e-01,5.437196418642997742e-02,1.868073940277099609e-01,5.768235325813293457e-01,7.933607697486877441e-01,-2.966584861278533936e-01,-1.929002553224563599e-01,3.622810542583465576e-01,2.708846032619476318e-01,-3.815816938877105713e-01,6.978487968444824219e-02,-8.537032008171081543e-01,-5.767607688903808594e-01,3.536044806241989136e-02,6.292865276336669922e-01,-9.053318947553634644e-02,2.617999911308288574e-01,-1.199159771203994751e-01,-1.776634007692337036e-01,-8.883704245090484619e-02,-5.385645627975463867e-01,4.306062161922454834e-01,-1.044781208038330078e+00,8.466702699661254883e-01,5.477017760276794434e-01,-3.118137121200561523e-01,2.513221800327301025e-01,-2.518543004989624023e-01,-3.213620483875274658e-01,1.069602012634277344e+00,5.357338786125183105e-01,-9.505421668291091919e-02,-1.758961528539657593e-01,-2.220182716846466064e-01
-9.435930103063583374e-02,-5.433320999145507812e-02,7.334020137786865234e-01,6.044459342956542969e-02,1.804555952548980713e-01,5.800250172615051270e-01,7.920563220977783203e-01,-2.902914881706237793e-01,-1.967243552207946777e-01,3.552970588207244873e-01,2.883775830268859863e-01,-3.885719776153564453e-01,6.547258794307708740e-02,-8.375906348228454590e-01,-5.897541642189025879e-01,2.551172487437725067e-02,6.275713443756103516e-01,-9.529940783977508545e-02,2.617999911308288574e-01,-1.083896011114120483e-01,-1.940723657608032227e-01,-7.877594232559204102e-02,-5.516831874847412109e-01,4.076708555221557617e-01,-1.024149298667907715e+00,8.804502487182617188e-01,5.602679848670959473e-01,-3.015001416206359863e-01,2.563183903694152832e-01,-2.350402623414993286e-01,-3.055670559406280518e-01,1.061182379722595215e+00,5.647994875907897949e-01,-1.078094616532325745e-01,-1.754950433969497681e-01,-2.159244865179061890e-01
-9.695970267057418823e-02,-5.684639513492584229e-02,7.336131334304809570e-01,6.728846579790115356e-02,1.692681610584259033e-01,5.835140347480773926e-01,7.914113402366638184e-01,-2.751448452472686768e-01,-1.981783509254455566e-01,3.426566421985626221e-01,3.078070580959320068e-01,-3.996261954307556152e-01,6.360083073377609253e-02,-8.015838265419006348e-01,-6.001559495925903320e-01,9.486366063356399536e-03,6.146865487098693848e-01,-9.103144705295562744e-02,2.617999911308288574e-01,-8.810484409332275391e-02,-2.082969099283218384e-01,-5.799834430217742920e-02,-5.684961676597595215e-01,3.808287978172302246e-01,-1.003316640853881836e+00,9.235654473304748535e-01,5.690207481384277344e-01,-2.917063534259796143e-01,2.595361471176147461e-01,-2.193026840686798096e-01,-2.918416261672973633e-01,1.047438740730285645e+00,6.025255322456359863e-01,-1.437695622444152832e-01,-1.733784377574920654e-01,-1.953789740800857544e-01
-9.899204224348068237e-02,-5.873945727944374084e-02,7.326812744140625000e-01,7.190182805061340332e-02,1.633742302656173706e-01,5.871568322181701660e-01,7.895478606224060059e-01,-2.781197726726531982e-01,-1.996486186981201172e-01,3.315971493721008301e-01,3.395798206329345703e-01,-4.096334576606750488e-01,6.087980046868324280e-02,-7.973916530609130859e-01,-6.120437979698181152e-01,8.011946454644203186e-03,6.307779550552368164e-01,-9.754875302314758301e-02,2.617999911308288574e-01,-6.904240697622299194e-02,-2.176221311092376709e-01,-5.692219361662864685e-02,-5.845217704772949219e-01,3.600895404815673828e-01,-9.789643883705139160e-01,9.587992429733276367e-01,5.743702650070190430e-01,-2.767546474933624268e-01,2.679563462734222412e-01,-1.982839107513427734e-01,-2.881188988685607910e-01,1.033069491386413574e+00,6.288521289825439453e-01,-1.552317142486572266e-01,-1.679493933916091919e-01,-1.893790811300277710e-01
-1.009200960397720337e-01,-6.129572913050651550e-02,7.340472340583801270e-01,7.814849913120269775e-02,1.507755815982818604e-01,5.921441912651062012e-01,7.877339720726013184e-01,-2.614420056343078613e-01,-1.989793181419372559e-01,3.150577545166015625e-01,3.587900698184967041e-01,-4.127260148525238037e-01,5.781042575836181641e-02,-7.489843368530273438e-01,-6.230974793434143066e-01,-2.297652326524257660e-02,6.103097796440124512e-01,-8.662199229001998901e-02,2.617999911308288574e-01,-4.540754109621047974e-02,-2.216165214776992798e-01,-3.564141690731048584e-02,-6.092057824134826660e-01,3.463020920753479004e-01,-9.609834551811218262e-01,1.000090956687927246e+00,5.799356698989868164e-01,-2.755118608474731445e-01,2.660740315914154053e-01,-1.949397772550582886e-01,-2.859093844890594482e-01,1.001731276512145996e+00,6.628958582878112793e-01,-1.933454573154449463e-01,-1.693798601627349854e-01,-1.795672774314880371e-01
-1.020344197750091553e-01,-6.437234580516815186e-02,7.350165247917175293e-01,8.567460626363754272e-02,1.391414701938629150e-01,5.982250571250915527e-01,7.844911217689514160e-01,-2.497318536043167114e-01,-2.010508775711059570e-01,2.929971218109130859e-01,3.850362896919250488e-01,-4.101674556732177734e-01,5.438272655010223389e-02,-7.166357636451721191e-01,-6.389019489288330078e-01,-4.336148127913475037e-02,6.132818460464477539e-01,-8.162099868059158325e-02,2.617999911308288574e-01,-1.971155405044555664e-02,-2.240597307682037354e-01,-2.972326800227165222e-02,-6.343368291854858398e-01,3.342634141445159912e-01,-9.452474117279052734e-01,1.059192776679992676e+00,5.826188325881958008e-01,-2.633646130561828613e-01,2.557099759578704834e-01,-1.885930299758911133e-01,-2.988533675670623779e-01,9.572913646697998047e-01,6.980199217796325684e-01,-2.229396998882293701e-01,-1.627973914146423340e-01,-1.837413161993026733e-01
-1.061891987919807434e-01,-6.558312475681304932e-02,7.367063760757446289e-01,9.317021071910858154e-02,1.237620562314987183e-01,6.059384942054748535e-01,7.802824974060058594e-01,-2.237583100795745850e-01,-2.085165232419967651e-01,2.613423466682434082e-01,3.966444134712219238e-01,-4.072122275829315186e-01,4.906988516449928284e-02,-6.794815063476562500e-01,-6.549811959266662598e-01,-5.546469986438751221e-02,6.259672045707702637e-01,-6.822958588600158691e-02,2.617999911308288574e-01,5.404978524893522263e-03,-2.195450067520141602e-01,-1.978286914527416229e-02,-6.619946360588073730e-01,3.138071596622467041e-01,-9.143139719963073730e-01,1.144528746604919434e+00,5.829452276229858398e-01,-2.461788803339004517e-01,2.668887376785278320e-01,-1.812576800584793091e-01,-3.109639286994934082e-01,8.933290243148803711e-01,7.708085179328918457e-01,-2.447806000709533691e-01,-1.484457850456237793e-01,-2.121975868940353394e-01
-1.126829311251640320e-01,-6.669794768095016479e-02,7.383232116699218750e-01,9.956268966197967529e-02,1.070734411478042603e-01,6.143281459808349609e-01,7.753860354423522949e-01,-2.027068883180618286e-01,-2.137962430715560913e-01,2.335994839668273926e-01,4.196402132511138916e-01,-4.079111218452453613e-01,5.070962756872177124e-02,-6.554563641548156738e-01,-6.761103272438049316e-01,-6.829673051834106445e-02,6.517974138259887695e-01,-4.083869233727455139e-02,2.617999911308288574e-01,1.825345307588577271e-02,-2.102995961904525757e-01,-1.887079514563083649e-02,-6.703420281410217285e-01,3.164330422878265381e-01,-8.741858005523681641e-01,1.217468142509460449e+00,5.896471738815307617e-01,-2.243214994668960571e-01,2.844828963279724121e-01,-1.829303950071334839e-01,-3.401217162609100342e-01,8.191711306571960449e-01,8.483507633209228516e-01,-2.585861682891845703e-01,-1.247037351131439209e-01,-2.364686876535415649e-01
-1.202085465192794800e-01,-6.477323174476623535e-02,7.404119372367858887e-01,1.013584136962890625e-01,9.137807041406631470e-02,6.258742213249206543e-01,7.678918838500976562e-01,-1.838564872741699219e-01,-2.168493121862411499e-01,2.040170431137084961e-01,4.388500154018402100e-01,-4.110651910305023193e-01,5.297247320413589478e-02,-6.383052468299865723e-01,-6.874426603317260742e-01,-6.216354295611381531e-02,6.845203638076782227e-01,-3.592586144804954529e-02,2.617999911308288574e-01,2.229143120348453522e-02,-1.940433233976364136e-01,-1.586014963686466217e-02,-6.550891399383544922e-01,3.236214518547058105e-01,-8.225206136703491211e-01,1.277835130691528320e+00,5.818791389465332031e-01,-2.146144807338714600e-01,3.029099702835083008e-01,-1.769340336322784424e-01,-3.732893466949462891e-01,7.315522432327270508e-01,9.453202486038208008e-01,-2.840318977832794189e-01,-1.048909723758697510e-01,-2.863360345363616943e-01
-1.285627037286758423e-01,-6.394484639167785645e-02,7.427884340286254883e-01,1.020402908325195312e-01,7.262555509805679321e-02,6.386874318122863770e-01,7.592046260833740234e-01,-1.663331091403961182e-01,-2.159251421689987183e-01,1.686687320470809937e-01,4.649416208267211914e-01,-4.141555428504943848e-01,6.181686371564865112e-02,-6.183717250823974609e-01,-6.875594258308410645e-01,-4.629576206207275391e-02,7.326116561889648438e-01,-2.467258088290691376e-02,2.546754181385040283e-01,2.018174715340137482e-02,-1.738301515579223633e-01,-8.941332809627056122e-03,-6.121341586112976074e-01,3.385523557662963867e-01,-7.368536591529846191e-01,1.347956180572509766e+00,5.462093949317932129e-01,-2.009289711713790894e-01,3.252101540565490723e-01,-1.579535901546478271e-01,-4.118645787239074707e-01,6.164332032203674316e-01,1.053554654121398926e+00,-2.706649005413055420e-01,-9.461872279644012451e-02,-3.414827585220336914e-01
-1.391814500093460083e-01,-6.241626292467117310e-02,7.446273565292358398e-01,1.009704247117042542e-01,5.234947428107261658e-02,6.528102159500122070e-01,7.489348053932189941e-01,-1.528733223676681519e-01,-2.159370929002761841e-01,1.272956728935241699e-01,5.005243420600891113e-01,-4.235437214374542236e-01,8.423553407192230225e-02,-6.011709570884704590e-01,-6.667483448982238770e-01,3.395761828869581223e-03,8.408777117729187012e-01,-2.440249174833297729e-02,2.417283207178115845e-01,5.771751049906015396e-03,-1.507873833179473877e-01,5.975048057734966278e-03,-5.461398959159851074e-01,3.758822381496429443e-01,-6.548122167587280273e-01,1.402635097503662109e+00,5.239676833152770996e-01,-1.844931244850158691e-01,3.416638672351837158e-01,-1.480869203805923462e-01,-4.562684893608093262e-01,5.014906525611877441e-01,1.153300642967224121e+00,-2.463318258523941040e-01,-8.582031726837158203e-02,-3.852728009223937988e-01
-1.503189504146575928e-01,-5.883078277111053467e-02,7.466989755630493164e-01,9.574977308511734009e-02,3.301953151822090149e-02,6.682548522949218750e-01,7.370055317878723145e-01,-1.427386254072189331e-01,-2.143037468194961548e-01,7.943445444107055664e-02,5.342648029327392578e-01,-4.350512027740478516e-01,1.114497855305671692e-01,-5.800046324729919434e-01,-6.113217473030090332e-01,6.878072023391723633e-02,1.006026506423950195e+00,-4.527714475989341736e-02,2.228953689336776733e-01,-1.713121309876441956e-02,-1.309050470590591431e-01,1.502990443259477615e-02,-4.550132751464843750e-01,4.084064960479736328e-01,-5.647286772727966309e-01,1.451917648315429688e+00,4.762191772460937500e-01,-1.717741340398788452e-01,3.268486559391021729e-01,-1.210504919290542603e-01,-4.905956983566284180e-01,3.601146936416625977e-01,1.260278463363647461e+00,-1.658143550157546997e-01,-7.946585863828659058e-02,-4.091594219207763672e-01
-1.641581803560256958e-01,-5.298323929309844971e-02,7.508715391159057617e-01,7.742362469434738159e-02,1.742484420537948608e-02,6.810849905014038086e-01,7.278909087181091309e-01,-1.443382054567337036e-01,-1.999676525592803955e-01,3.009101375937461853e-02,5.486978888511657715e-01,-4.456743299961090088e-01,1.371322274208068848e-01,-5.568844676017761230e-01,-5.261520147323608398e-01,9.493219852447509766e-02,1.185955405235290527e+00,-4.920116066932678223e-02,2.029426693916320801e-01,-4.704658687114715576e-02,-1.072039604187011719e-01,1.464182045310735703e-02,-3.395077586174011230e-01,4.438263177871704102e-01,-4.693124294281005859e-01,1.498179554939270020e+00,4.177912473678588867e-01,-1.579929739236831665e-01,2.792643308639526367e-01,-8.395059406757354736e-02,-5.278402566909790039e-01,2.297251969575881958e-01,1.344789981842041016e+00,-8.750930428504943848e-02,-7.334255427122116089e-02,-3.872726857662200928e-01
-1.743111461400985718e-01,-4.651556909084320068e-02,7.570707201957702637e-01,4.477809369564056396e-02,9.273731149733066559e-03,6.893272399902343750e-01,7.230054140090942383e-01,-1.775545477867126465e-01,-1.659906804561614990e-01,-2.337603829801082611e-02,5.640858411788940430e-01,-4.439651072025299072e-01,1.528408676385879517e-01,-5.430076718330383301e-01,-3.923639059066772461e-01,8.709553629159927368e-02,1.325374245643615723e+00,-2.376350946724414825e-02,1.981368064880371094e-01,-7.505605369806289673e-02,-6.421457231044769287e-02,-9.447415359318256378e-03,-2.222511917352676392e-01,4.699187874794006348e-01,-3.851826786994934082e-01,1.519492745399475098e+00,3.616909980773925781e-01,-1.405365914106369019e-01,2.092098146677017212e-01,-4.729714244604110718e-02,-5.604913234710693359e-01,1.263330280780792236e-01,1.411476254463195801e+00,-2.099295891821384430e-02,-6.324183940887451172e-02,-3.300656974315643311e-01
-1.817516535520553589e-01,-4.397949576377868652e-02,7.632129788398742676e-01,1.077223662286996841e-02,1.123628951609134674e-02,6.972763538360595703e-01,7.166333794593811035e-01,-2.261661440134048462e-01,-1.420129090547561646e-01,-8.177187293767929077e-02,5.575221776962280273e-01,-4.262447953224182129e-01,1.617452651262283325e-01,-5.398079156875610352e-01,-2.102046608924865723e-01,8.096954971551895142e-02,1.420305848121643066e+00,3.566358983516693115e-02,2.354622781276702881e-01,-1.111576110124588013e-01,-2.799314819276332855e-02,-4.704612120985984802e-02,-9.505817294120788574e-02,4.794293940067291260e-01,-3.039682209491729736e-01,1.522125124931335449e+00,2.879830002784729004e-01,-1.278101652860641479e-01,1.518299281597137451e-01,2.424103207886219025e-03,-5.698732137680053711e-01,4.529676586389541626e-02,1.449223160743713379e+00,5.136721581220626831e-02,-5.851093307137489319e-02,-2.501063346862792969e-01
-1.820798367261886597e-01,-4.746651276946067810e-02,7.681704759597778320e-01,-1.890179328620433807e-02,2.116405405104160309e-02,7.028571963310241699e-01,7.107647657394409180e-01,-2.853876054286956787e-01,-1.150776669383049011e-01,-1.070307642221450806e-01,5.379799008369445801e-01,-3.942332565784454346e-01,1.639081686735153198e-01,-5.393962264060974121e-01,-5.462116375565528870e-02,3.880937024950981140e-02,1.454680919647216797e+00,8.278653025627136230e-02,2.603560090065002441e-01,-1.370952576398849487e-01,3.956420347094535828e-03,-9.306673705577850342e-02,8.157388307154178619e-03,4.614473879337310791e-01,-2.254010140895843506e-01,1.526410579681396484e+00,2.198049724102020264e-01,-1.101071089506149292e-01,1.118196919560432434e-01,6.378456205129623413e-02,-5.641572475433349609e-01,-1.510556042194366455e-02,1.481156587600708008e+00,9.956566244363784790e-02,-4.739473760128021240e-02,-1.629131138324737549e-01
-1.736449450254440308e-01,-4.919216409325599670e-02,7.710893750190734863e-01,-3.722699359059333801e-02,3.326437994837760925e-02,7.051079869270324707e-01,7.073403596878051758e-01,-3.365522027015686035e-01,-9.160819649696350098e-02,-1.108359321951866150e-01,5.359247922897338867e-01,-3.672876656055450439e-01,1.572420597076416016e-01,-5.251986980438232422e-01,4.672471433877944946e-02,-3.680966095998883247e-03,1.430693984031677246e+00,1.062335744500160217e-01,2.603244781494140625e-01,-1.463557779788970947e-01,1.794042624533176422e-02,-1.266958415508270264e-01,7.690408080816268921e-02,4.404810965061187744e-01,-1.755312830209732056e-01,1.527218937873840332e+00,1.784084737300872803e-01,-9.600767493247985840e-02,7.564122974872589111e-02,1.284620463848114014e-01,-5.387327671051025391e-01,-3.575230762362480164e-02,1.496622443199157715e+00,1.191629841923713684e-01,-3.283034637570381165e-02,-9.311907738447189331e-02
-1.649667620658874512e-01,-5.400282144546508789e-02,7.718641757965087891e-01,-4.485020413994789124e-02,4.470894113183021545e-02,7.091001272201538086e-01,7.022581696510314941e-01,-3.840298950672149658e-01,-8.511531352996826172e-02,-1.052602156996726990e-01,5.497246980667114258e-01,-3.420251011848449707e-01,1.458402425050735474e-01,-4.807698726654052734e-01,1.218458563089370728e-01,-2.783036418259143829e-02,1.362204432487487793e+00,1.213687732815742493e-01,2.604080140590667725e-01,-1.477987915277481079e-01,1.655905693769454956e-02,-1.453347206115722656e-01,1.048931479454040527e-01,4.174101054668426514e-01,-1.546216607093811035e-01,1.519237399101257324e+00,1.641604006290435791e-01,-9.089644253253936768e-02,5.029785260558128357e-02,1.876441985368728638e-01,-4.863297939300537109e-01,-2.770035341382026672e-02,1.507671356201171875e+00,1.129939705133438110e-01,-2.618279308080673218e-02,-4.218925535678863525e-02
-1.614430546760559082e-01,-6.057933345437049866e-02,7.712003588676452637e-01,-4.685898497700691223e-02,5.506606400012969971e-02,7.124789357185363770e-01,6.979582905769348145e-01,-4.348537921905517578e-01,-9.489016979932785034e-02,-9.531850367784500122e-02,5.860967636108398438e-01,-3.208450078964233398e-01,1.316900998353958130e-01,-4.231803417205810547e-01,1.591100990772247314e-01,-2.230690605938434601e-02,1.256615281105041504e+00,1.025639101862907410e-01,2.602097392082214355e-01,-1.466619968414306641e-01,1.148801390081644058e-02,-1.592932641506195068e-01,1.239474266767501831e-01,3.860236704349517822e-01,-1.646880805492401123e-01,1.492637634277343750e+00,1.542243510484695435e-01,-9.046932309865951538e-02,1.960628852248191833e-02,2.335903197526931763e-01,-4.252142906188964844e-01,7.496790029108524323e-03,1.517372250556945801e+00,1.024865433573722839e-01,-2.049596607685089111e-02,-1.063486924977041781e-04
-1.631412953138351440e-01,-6.615804135799407959e-02,7.699521780014038086e-01,-5.059698969125747681e-02,5.998948588967323303e-02,7.147857546806335449e-01,6.949263215065002441e-01,-4.877930283546447754e-01,-1.019624099135398865e-01,-8.676020056009292603e-02,6.429150700569152832e-01,-3.078941404819488525e-01,1.178945004940032959e-01,-3.635498285293579102e-01,1.734369844198226929e-01,-3.013926791027188301e-03,1.136645317077636719e+00,5.233836546540260315e-02,2.507844567298889160e-01,-1.446054726839065552e-01,1.310008764266967773e-02,-1.617574095726013184e-01,1.123223006725311279e-01,3.547175824642181396e-01,-1.940913349390029907e-01,1.454779624938964844e+00,1.521585285663604736e-01,-8.967725187540054321e-02,2.603933215141296387e-03,2.586313486099243164e-01,-3.710494637489318848e-01,5.518577620387077332e-02,1.528560161590576172e+00,8.016872406005859375e-02,-1.405269745737314224e-02,2.729095518589019775e-02
-1.625146567821502686e-01,-7.653554528951644897e-02,7.674065828323364258e-01,-5.400185286998748779e-02,5.862816795706748962e-02,7.159079909324645996e-01,6.936298012733459473e-01,-5.438348650932312012e-01,-9.113010764122009277e-02,-7.241807878017425537e-02,7.109659910202026367e-01,-2.912239730358123779e-01,9.241566061973571777e-02,-2.940861284732818604e-01,1.784635186195373535e-01,-4.913578741252422333e-03,1.009915947914123535e+00,-2.317084185779094696e-02,2.112788558006286621e-01,-1.301101446151733398e-01,2.363407611846923828e-02,-1.582617908716201782e-01,1.018090546131134033e-01,3.246230185031890869e-01,-2.543214857578277588e-01,1.385360479354858398e+00,1.604226827621459961e-01,-9.869689494371414185e-02,-2.755613066256046295e-02,2.772972285747528076e-01,-3.202697932720184326e-01,1.129540428519248962e-01,1.537199974060058594e+00,4.615283757448196411e-02,-1.536651328206062317e-02,3.965497761964797974e-02
-1.638173758983612061e-01,-8.667890727519989014e-02,7.632650732994079590e-01,-6.243058294057846069e-02,5.351955071091651917e-02,7.144953608512878418e-01,6.947908997535705566e-01,-6.069484353065490723e-01,-6.327044963836669922e-02,-5.434764921665191650e-02,7.889798879623413086e-01,-2.786177694797515869e-01,6.785478442907333374e-02,-2.462713569402694702e-01,1.816063672304153442e-01,-1.319790445268154144e-02,9.009616374969482422e-01,-1.208313405513763428e-01,1.656165719032287598e-01,-1.166553422808647156e-01,4.665916040539741516e-02,-1.548588573932647705e-01,8.799305558204650879e-02,3.149243891239166260e-01,-3.190965652465820312e-01,1.290767192840576172e+00,1.721403896808624268e-01,-1.177651286125183105e-01,-4.755001887679100037e-02,2.729491591453552246e-01,-2.933005094528198242e-01,1.649119108915328979e-01,1.531259417533874512e+00,2.879625931382179260e-02,-2.682609669864177704e-02,4.444702342152595520e-02
-1.642203032970428467e-01,-9.615766257047653198e-02,7.577726244926452637e-01,-6.677163392305374146e-02,4.430114850401878357e-02,7.122161984443664551e-01,6.973714828491210938e-01,-6.616050004959106445e-01,-3.218081220984458923e-02,-3.935752809047698975e-02,8.764905929565429688e-01,-2.602757215499877930e-01,4.926123097538948059e-02,-2.219075709581375122e-01,1.893684267997741699e-01,-3.106754273176193237e-02,8.376630544662475586e-01,-2.234110236167907715e-01,1.174901425838470459e-01,-9.529595822095870972e-02,7.071231305599212646e-02,-1.420639306306838989e-01,6.321900337934494019e-02,3.204182684421539307e-01,-3.876747190952301025e-01,1.171039938926696777e+00,1.722055524587631226e-01,-1.289114058017730713e-01,-6.151232123374938965e-02,2.550378441810607910e-01,-2.728210687637329102e-01,2.032136917114257812e-01,1.524801850318908691e+00,3.025435097515583038e-02,-3.959210962057113647e-02,2.377447113394737244e-02
-1.642148792743682861e-01,-1.067085415124893188e-01,7.520170807838439941e-01,-6.780664622783660889e-02,3.191160783171653748e-02,7.098274230957031250e-01,7.003777027130126953e-01,-7.172921895980834961e-01,1.116435159929096699e-03,-2.707223407924175262e-02,9.779387116432189941e-01,-2.118435502052307129e-01,2.525318227708339691e-02,-1.929794698953628540e-01,1.996597498655319214e-01,-4.420201852917671204e-02,7.776616215705871582e-01,-3.200278580188751221e-01,7.513947039842605591e-02,-7.073059678077697754e-02,9.438578039407730103e-02,-1.230514198541641235e-01,1.920608244836330414e-02,3.560420274734497070e-01,-4.851185679435729980e-01,1.009511590003967285e+00,1.600344628095626831e-01,-1.394221037626266479e-01,-8.765186369419097900e-02,2.249204963445663452e-01,-2.690047323703765869e-01,2.527964115142822266e-01,1.512395381927490234e+00,4.533112049102783203e-02,-4.474440217018127441e-02,1.294348109513521194e-02
-1.621879041194915771e-01,-1.190912351012229919e-01,7.466695308685302734e-01,-6.355189532041549683e-02,2.256787940859794617e-02,7.078597545623779297e-01,7.031261324882507324e-01,-7.666107416152954102e-01,3.640174120664596558e-02,1.114357542246580124e-02,1.089914202690124512e+00,-1.796864718198776245e-01,3.140753507614135742e-02,-1.609129905700683594e-01,2.064448148012161255e-01,-4.554457589983940125e-02,7.335168719291687012e-01,-4.175349175930023193e-01,5.005981773138046265e-02,-4.601836204528808594e-02,1.102442741394042969e-01,-1.020749360322952271e-01,-5.447763204574584961e-02,4.259051382541656494e-01,-6.004919409751892090e-01,7.788200378417968750e-01,1.124557629227638245e-01,-1.639233976602554321e-01,-1.024160459637641907e-01,1.744048893451690674e-01,-2.693024575710296631e-01,3.060289919376373291e-01,1.493921399116516113e+00,7.065860927104949951e-02,-5.309907719492912292e-02,-4.968313965946435928e-03
-1.665823012590408325e-01,-1.327480822801589966e-01,7.427243590354919434e-01,-5.483104288578033447e-02,1.312879659235477448e-02,7.048364877700805664e-01,7.071256637573242188e-01,-8.029752373695373535e-01,3.785125911235809326e-02,2.988273650407791138e-02,1.193861961364746094e+00,-1.482603251934051514e-01,3.014387562870979309e-02,-1.399250030517578125e-01,1.938502937555313110e-01,-5.797027051448822021e-02,7.206491827964782715e-01,-4.918347299098968506e-01,1.203793846070766449e-02,-3.113937331363558769e-03,1.170617714524269104e-01,-7.882282882928848267e-02,-1.938299089670181274e-01,5.609276294708251953e-01,-7.199802398681640625e-01,4.547285139560699463e-01,3.088109008967876434e-02,-1.992886215448379517e-01,-1.113055869936943054e-01,9.844487905502319336e-02,-2.702820301055908203e-01,3.566237092018127441e-01,1.478278279304504395e+00,1.122079938650131226e-01,-6.200043112039566040e-02,-2.417759783565998077e-02
-1.700820624828338623e-01,-1.430993378162384033e-01,7.402862310409545898e-01,-4.770147427916526794e-02,9.876999072730541229e-03,7.042176127433776855e-01,7.083110809326171875e-01,-8.384833931922912598e-01,2.203213749453425407e-03,3.255628421902656555e-02,1.274306893348693848e+00,-1.400985866785049438e-01,2.973414771258831024e-02,-1.274628639221191406e-01,1.804461181163787842e-01,-5.925414711236953735e-02,7.043185234069824219e-01,-5.449610352516174316e-01,-1.738288626074790955e-02,4.209991171956062317e-02,1.164829432964324951e-01,-7.298164814710617065e-02,-3.942499756813049316e-01,6.841723322868347168e-01,-8.251344561576843262e-01,1.884922534227371216e-01,-3.558909147977828979e-02,-2.419248670339584351e-01,-7.039402425289154053e-02,2.763485722243785858e-02,-2.750839591026306152e-01,3.882100284099578857e-01,1.478891611099243164e+00,1.298304945230484009e-01,-7.426793128252029419e-02,-7.324382662773132324e-02
-1.673187017440795898e-01,-1.445791125297546387e-01,7.394174933433532715e-01,-3.718421980738639832e-02,1.686229929327964783e-02,6.998164653778076172e-01,7.131549119949340820e-01,-8.624575734138488770e-01,-4.812389239668846130e-02,5.670218169689178467e-02,1.288930773735046387e+00,-1.386322528123855591e-01,2.972641959786415100e-02,-1.126835569739341736e-01,1.446462869644165039e-01,-7.981167733669281006e-02,6.914555430412292480e-01,-5.863721966743469238e-01,-3.421470522880554199e-02,1.121483072638511658e-01,9.197565168142318726e-02,-6.900350749492645264e-02,-6.387007832527160645e-01,7.823833823204040527e-01,-8.627974390983581543e-01,-2.589643187820911407e-02,-4.467324912548065186e-02,-2.755322754383087158e-01,3.127172216773033142e-02,-4.916805028915405273e-02,-2.662120759487152100e-01,4.160864055156707764e-01,1.480337381362915039e+00,1.156929060816764832e-01,-7.369905710220336914e-02,-1.343788951635360718e-01
-1.656398177146911621e-01,-1.463980674743652344e-01,7.411029338836669922e-01,-3.153087198734283447e-02,2.187835238873958588e-02,6.980887055397033691e-01,7.149820327758789062e-01,-8.770464062690734863e-01,-7.497578859329223633e-02,8.545988798141479492e-02,1.277640104293823242e+00,-1.454113274812698364e-01,4.256189987063407898e-02,-9.958709776401519775e-02,1.157935634255409241e-01,-1.114055141806602478e-01,6.664087176322937012e-01,-5.941401720046997070e-01,-3.679648414254188538e-02,1.723681986331939697e-01,7.331874966621398926e-02,-6.005406379699707031e-02,-8.943169116973876953e-01,8.332956433296203613e-01,-8.842715620994567871e-01,-1.618247628211975098e-01,2.368694171309471130e-02,-2.883680164813995361e-01,1.786361485719680786e-01,-1.223011836409568787e-01,-2.590114176273345947e-01,4.481431245803833008e-01,1.500752091407775879e+00,8.812175691127777100e-02,-6.018291786313056946e-02,-1.770200580358505249e-01
-1.641533374786376953e-01,-1.402264535427093506e-01,7.445643544197082520e-01,-2.796418964862823486e-02,2.537024952471256256e-02,6.919019818305969238e-01,7.210034728050231934e-01,-8.640927672386169434e-01,-1.009484678506851196e-01,1.044345349073410034e-01,1.215960741043090820e+00,-1.553969234228134155e-01,3.922849148511886597e-02,-5.867837369441986084e-02,9.232484549283981323e-02,-1.455563902854919434e-01,6.024191975593566895e-01,-5.731726884841918945e-01,-2.416461892426013947e-02,2.313226759433746338e-01,5.515654385089874268e-02,-5.164241045713424683e-02,-1.082030892372131348e+00,8.464769721031188965e-01,-8.776997923851013184e-01,-2.071877270936965942e-01,1.052442863583564758e-01,-2.899891138076782227e-01,3.020495176315307617e-01,-1.833576261997222900e-01,-2.426479160785675049e-01,4.799313545227050781e-01,1.519800305366516113e+00,6.016782671213150024e-02,-4.990250617265701294e-02,-1.925611943006515503e-01
-1.616348773241043091e-01,-1.292117089033126831e-01,7.484597563743591309e-01,-2.776352688670158386e-02,3.860035911202430725e-02,6.855125427246093750e-01,7.265065312385559082e-01,-8.389752507209777832e-01,-1.232300624251365662e-01,1.185329258441925049e-01,1.118458628654479980e+00,-1.646624207496643066e-01,2.613081037998199463e-02,-1.834308728575706482e-02,6.400600075721740723e-02,-1.924711614847183228e-01,5.208764076232910156e-01,-5.459200739860534668e-01,-8.988786488771438599e-03,2.900899052619934082e-01,3.134237602353096008e-02,-5.450581759214401245e-02,-1.237210988998413086e+00,8.362649679183959961e-01,-8.247341513633728027e-01,-2.291550934314727783e-01,1.858622580766677856e-01,-2.812366485595703125e-01,4.236769080162048340e-01,-2.540231645107269287e-01,-2.268538922071456909e-01,5.421856641769409180e-01,1.527522087097167969e+00,6.506123114377260208e-03,-3.760530054569244385e-02,-1.765827089548110962e-01
-1.586851030588150024e-01,-1.140850335359573364e-01,7.506265640258789062e-01,-2.679804340004920959e-02,5.333182960748672485e-02,6.758072972297668457e-01,7.346578240394592285e-01,-7.730985879898071289e-01,-1.577204614877700806e-01,1.280846595764160156e-01,9.592822790145874023e-01,-1.759660243988037109e-01,2.261443063616752625e-02,1.717332564294338226e-02,3.637178614735603333e-02,-2.289614975452423096e-01,4.630504846572875977e-01,-5.112115144729614258e-01,1.880738511681556702e-02,3.574163615703582764e-01,-6.796286441385746002e-03,-5.877026543021202087e-02,-1.318474650382995605e+00,8.108677268028259277e-01,-7.484434247016906738e-01,-1.866266876459121704e-01,2.171672731637954712e-01,-2.631068229675292969e-01,4.896042346954345703e-01,-3.220282196998596191e-01,-1.973548233509063721e-01,6.163493990898132324e-01,1.509990334510803223e+00,-3.589170426130294800e-02,-3.341234102845191956e-02,-1.319231390953063965e-01
-1.555148363113403320e-01,-9.578607976436614990e-02,7.492596507072448730e-01,-2.466921880841255188e-02,6.531377136707305908e-02,6.642085909843444824e-01,7.442798614501953125e-01,-6.992900371551513672e-01,-1.886622607707977295e-01,1.431266814470291138e-01,8.137562870979309082e-01,-1.973079890012741089e-01,2.145953848958015442e-02,4.497117921710014343e-02,7.810913026332855225e-03,-2.516969144344329834e-01,4.417931139469146729e-01,-4.870467483997344971e-01,4.670311510562896729e-02,4.234782755374908447e-01,-5.271937325596809387e-02,-7.200210541486740112e-02,-1.347072601318359375e+00,8.013733029365539551e-01,-6.505781412124633789e-01,-1.885483711957931519e-01,2.673841714859008789e-01,-2.532657086849212646e-01,5.754856467247009277e-01,-3.951447904109954834e-01,-1.692439466714859009e-01,6.912840604782104492e-01,1.472939372062683105e+00,-1.021109372377395630e-01,-2.798997424542903900e-02,-9.051059186458587646e-02
-1.516982465982437134e-01,-7.451460510492324829e-02,7.442020773887634277e-01,-1.923793181777000427e-02,6.496262550354003906e-02,6.570144295692443848e-01,7.508274316787719727e-01,-6.299395561218261719e-01,-2.073582559823989868e-01,1.562617719173431396e-01,7.058457136154174805e-01,-2.155098915100097656e-01,3.235670551657676697e-02,8.260982483625411987e-02,-1.071375235915184021e-02,-2.784477472305297852e-01,4.411059021949768066e-01,-4.733766615390777588e-01,5.707668140530586243e-02,4.686302542686462402e-01,-8.942174166440963745e-02,-9.220453351736068726e-02,-1.321538209915161133e+00,8.012982010841369629e-01,-5.485967397689819336e-01,-1.978643983602523804e-01,3.242814242839813232e-01,-2.353005856275558472e-01,6.416587233543395996e-01,-4.798644185066223145e-01,-1.628780364990234375e-01,7.696826457977294922e-01,1.400254726409912109e+00,-1.383899599313735962e-01,-3.420294076204299927e-02,-2.546465769410133362e-02
-1.476758718490600586e-01,-5.018619075417518616e-02,7.370870709419250488e-01,-1.015168521553277969e-02,6.771477311849594116e-02,6.489820480346679688e-01,7.577162384986877441e-01,-5.572514533996582031e-01,-2.325643450021743774e-01,1.647878587245941162e-01,6.439860463142395020e-01,-2.506640255451202393e-01,4.237718135118484497e-02,8.412785828113555908e-02,-5.276860669255256653e-02,-2.814927101135253906e-01,5.124074220657348633e-01,-4.637510478496551514e-01,7.874155789613723755e-02,5.104581117630004883e-01,-1.344980895519256592e-01,-1.054721698164939880e-01,-1.235457420349121094e+00,7.947887182235717773e-01,-4.048461616039276123e-01,-2.077864408493041992e-01,3.556965887546539307e-01,-2.164956927299499512e-01,7.164353728294372559e-01,-5.570471286773681641e-01,-1.724079996347427368e-01,8.389337658882141113e-01,1.288776636123657227e+00,-1.554136723279953003e-01,-3.558465093374252319e-02,3.270012885332107544e-02
-1.444153189659118652e-01,-2.551342360675334930e-02,7.308170199394226074e-01,6.750363390892744064e-03,6.868772208690643311e-02,6.473193168640136719e-01,7.590876817703247070e-01,-4.776254892349243164e-01,-2.794540226459503174e-01,1.610851734876632690e-01,5.993360877037048340e-01,-2.789886593818664551e-01,5.444381758570671082e-02,5.925121530890464783e-02,-1.076040491461753845e-01,-2.564301490783691406e-01,6.483102440834045410e-01,-4.112426042556762695e-01,1.150994971394538879e-01,5.306107401847839355e-01,-1.742958128452301025e-01,-1.024419888854026794e-01,-1.020729541778564453e+00,8.041846752166748047e-01,-2.190084010362625122e-01,-2.357118278741836548e-01,3.883156776428222656e-01,-2.036900520324707031e-01,7.752317786216735840e-01,-6.495031714439392090e-01,-2.310639023780822754e-01,8.784705400466918945e-01,1.123495578765869141e+00,-1.270489841699600220e-01,-5.001996085047721863e-02,6.633906066417694092e-02
-1.422252953052520752e-01,-1.946925767697393894e-03,7.272352576255798340e-01,2.720272913575172424e-02,6.745707988739013672e-02,6.549362540245056152e-01,7.521755099296569824e-01,-3.935375809669494629e-01,-3.325941860675811768e-01,1.508509069681167603e-01,5.569431185722351074e-01,-3.037452697753906250e-01,7.993377745151519775e-02,-2.261984394863247871e-03,-1.534713059663772583e-01,-2.083897888660430908e-01,8.643916845321655273e-01,-3.375982046127319336e-01,1.513282358646392822e-01,5.161837935447692871e-01,-1.973797678947448730e-01,-9.526332467794418335e-02,-7.706227898597717285e-01,7.652733325958251953e-01,-8.125783875584602356e-03,-2.624069154262542725e-01,3.621532022953033447e-01,-1.849242746829986572e-01,8.205918669700622559e-01,-7.537819743156433105e-01,-3.449410796165466309e-01,9.233783483505249023e-01,9.076969623565673828e-01,-7.541228830814361572e-02,-6.307187676429748535e-02,8.675371110439300537e-02
-1.408961415290832520e-01,2.074391394853591919e-02,7.270483374595642090e-01,4.490436241030693054e-02,5.772072449326515198e-02,6.695678234100341797e-01,7.391419410705566406e-01,-2.941730320453643799e-01,-3.708589971065521240e-01,1.317256093025207520e-01,5.059374570846557617e-01,-3.129553198814392090e-01,1.012421697378158569e-01,-1.044981330633163452e-01,-2.009872943162918091e-01,-1.721964180469512939e-01,1.131387948989868164e+00,-2.571519613265991211e-01,1.738940626382827759e-01,4.670139551162719727e-01,-2.027519196271896362e-01,-7.564899325370788574e-02,-5.330688357353210449e-01,6.791996955871582031e-01,1.544025689363479614e-01,-2.398212999105453491e-01,2.929227054119110107e-01,-1.676640808582305908e-01,8.753371834754943848e-01,-8.652104735374450684e-01,-4.878760576248168945e-01,9.518213272094726562e-01,6.605280041694641113e-01,-6.522123236209154129e-03,-9.195544570684432983e-02,4.524248465895652771e-02
-1.361488997936248779e-01,3.293632343411445618e-02,7.297945618629455566e-01,5.623093992471694946e-02,4.808996245265007019e-02,6.861574649810791016e-01,7.236803770065307617e-01,-2.137323319911956787e-01,-3.937678039073944092e-01,7.895334810018539429e-02,4.613361060619354248e-01,-3.132559657096862793e-01,1.189375743269920349e-01,-2.202151268720626831e-01,-2.435918599367141724e-01,-1.538427025079727173e-01,1.356077909469604492e+00,-2.257250100374221802e-01,1.446541249752044678e-01,3.990429639816284180e-01,-1.951043456792831421e-01,-6.234884262084960938e-02,-3.523992300033569336e-01,6.007474064826965332e-01,2.308767586946487427e-01,-1.471196115016937256e-01,2.117239832878112793e-01,-1.652220040559768677e-01,8.678275942802429199e-01,-9.711964130401611328e-01,-6.418511867523193359e-01,9.672459363937377930e-01,4.051167964935302734e-01,1.067387219518423080e-02,-1.364721506834030151e-01,-2.694191876798868179e-03
-1.264660954475402832e-01,5.298179760575294495e-02,7.347886562347412109e-01,5.804180726408958435e-02,4.277007654309272766e-02,7.038868069648742676e-01,7.066436409950256348e-01,-1.439060419797897339e-01,-4.010857939720153809e-01,-6.875080289319157600e-04,4.282763898372650146e-01,-3.147596418857574463e-01,1.411953866481781006e-01,-3.365814089775085449e-01,-2.585111558437347412e-01,-1.197537109255790710e-01,1.504410982131958008e+00,-2.276086956262588501e-01,1.016187742352485657e-01,3.176336884498596191e-01,-1.645931899547576904e-01,-6.132588163018226624e-02,-2.172078192234039307e-01,5.226665735244750977e-01,2.284624278545379639e-01,1.012280862778425217e-02,1.068156957626342773e-01,-1.737771183252334595e-01,7.730704545974731445e-01,-1.062747955322265625e+00,-7.911085486412048340e-01,9.704299569129943848e-01,1.474132090806961060e-01,3.103995695710182190e-02,-1.788030713796615601e-01,-1.599812321364879608e-02
-1.190389469265937805e-01,7.993462681770324707e-02,7.420522570610046387e-01,5.054673179984092712e-02,3.477456793189048767e-02,7.171956896781921387e-01,6.941657066345214844e-01,-7.944936305284500122e-02,-3.827608823776245117e-01,-7.378353178501129150e-02,4.056447148323059082e-01,-3.092760741710662842e-01,1.548339128494262695e-01,-4.412024915218353271e-01,-2.582816779613494873e-01,-8.647272735834121704e-02,1.572228193283081055e+00,-2.320956587791442871e-01,6.223414465785026550e-02,2.444213032722473145e-01,-1.270980387926101685e-01,-6.457305699586868286e-02,-1.312400102615356445e-01,4.972655177116394043e-01,1.552073210477828979e-01,2.428710609674453735e-01,1.517206896096467972e-02,-1.744278818368911743e-01,6.230867505073547363e-01,-1.169557571411132812e+00,-9.134020209312438965e-01,9.961159229278564453e-01,-7.018946856260299683e-02,6.097397580742835999e-02,-2.141654491424560547e-01,7.919395342469215393e-03
-1.181894540786743164e-01,9.420127421617507935e-02,7.518883347511291504e-01,4.158020764589309692e-02,2.227870188653469086e-02,7.268137335777282715e-01,6.852127909660339355e-01,-8.827449753880500793e-03,-3.552843928337097168e-01,-1.462598890066146851e-01,3.511933386325836182e-01,-2.720334529876708984e-01,1.395267993211746216e-01,-5.096159577369689941e-01,-2.536167800426483154e-01,-8.003019541501998901e-02,1.530254125595092773e+00,-2.265955209732055664e-01,2.413433045148849487e-02,1.745152771472930908e-01,-8.181121200323104858e-02,-5.537101998925209045e-02,-8.124559372663497925e-02,4.863291978836059570e-01,3.718929737806320190e-02,5.399221181869506836e-01,7.751627825200557709e-03,-1.694393604993820190e-01,4.680956602096557617e-01,-1.266495704650878906e+00,-9.964404702186584473e-01,9.936292767524719238e-01,-1.932457685470581055e-01,6.026783213019371033e-02,-2.421897500753402710e-01,-9.835865348577499390e-03
-1.158342361450195312e-01,1.082048043608665466e-01,7.625197172164916992e-01,3.706742078065872192e-02,5.164829082787036896e-03,7.316792607307434082e-01,6.806209087371826172e-01,6.558430194854736328e-02,-3.152684569358825684e-01,-1.850324720144271851e-01,3.302897214889526367e-01,-2.382160425186157227e-01,9.344369173049926758e-02,-5.419589281082153320e-01,-2.219336926937103271e-01,-8.821572363376617432e-02,1.397808909416198730e+00,-2.253744453191757202e-01,1.939203031361103058e-02,1.039479002356529236e-01,-3.983098641037940979e-02,-3.427004814147949219e-02,-7.045321166515350342e-02,4.645484089851379395e-01,-7.982956618070602417e-02,8.469120264053344727e-01,5.428830534219741821e-02,-1.483933031558990479e-01,3.273151814937591553e-01,-1.362139582633972168e+00,-1.041715860366821289e+00,1.010149240493774414e+00,-2.201128304004669189e-01,4.150718823075294495e-02,-2.448465824127197266e-01,-1.672295667231082916e-02
-1.132076978683471680e-01,1.217905208468437195e-01,7.720848917961120605e-01,3.169548884034156799e-02,-8.970399387180805206e-03,7.327739596366882324e-01,6.796743869781494141e-01,1.118599176406860352e-01,-2.727758884429931641e-01,-1.896221190690994263e-01,3.395012319087982178e-01,-2.082970589399337769e-01,4.890063032507896423e-02,-5.350741744041442871e-01,-1.519915014505386353e-01,-9.006763249635696411e-02,1.178725838661193848e+00,-1.762496531009674072e-01,4.645220562815666199e-02,4.142200946807861328e-02,1.695252838544547558e-03,-2.126071974635124207e-02,-5.857952311635017395e-02,4.116202294826507568e-01,-1.740926355123519897e-01,1.078908562660217285e+00,9.190890192985534668e-02,-1.391543895006179810e-01,2.152651846408843994e-01,-1.432837724685668945e+00,-1.063239097595214844e+00,1.017966151237487793e+00,-2.191746681928634644e-01,2.861259039491415024e-03,-2.289310842752456665e-01,-1.997989416122436523e-02
-1.119736060500144958e-01,1.361028701066970825e-01,7.792128920555114746e-01,2.372848056256771088e-02,-2.249522320926189423e-02,7.319614887237548828e-01,6.805610060691833496e-01,1.452691256999969482e-01,-2.238616347312927246e-01,-1.515073925256729126e-01,3.575810194015502930e-01,-1.932211667299270630e-01,1.524436380714178085e-02,-5.114588737487792969e-01,-7.699472457170486450e-02,-9.680587053298950195e-02,9.541466832160949707e-01,-1.104086115956306458e-01,9.156950563192367554e-02,-1.787209138274192810e-02,3.264040499925613403e-02,-1.320474036037921906e-02,-3.575333952903747559e-02,3.447240591049194336e-01,-2.555743157863616943e-01,1.246982097625732422e+00,1.462328881025314331e-01,-1.352663934230804443e-01,1.441568881273269653e-01,-1.480907917022705078e+00,-1.079039096832275391e+00,9.925665259361267090e-01,-2.242810726165771484e-01,-6.848570704460144043e-02,-2.128977924585342407e-01,-6.958983093500137329e-02
-1.121162921190261841e-01,1.522741615772247314e-01,7.819368839263916016e-01,1.511335931718349457e-02,-3.492189943790435791e-02,7.256124019622802734e-01,6.870507001876831055e-01,1.605061590671539307e-01,-1.771513372659683228e-01,-1.070130094885826111e-01,4.108803570270538330e-01,-2.113063931465148926e-01,-1.486975234001874924e-02,-4.740655720233917236e-01,2.304205670952796936e-03,-1.116862595081329346e-01,7.458191514015197754e-01,-5.559682101011276245e-02,1.447216570377349854e-01,-6.645696610212326050e-02,6.592694669961929321e-02,-1.277590729296207428e-02,5.373359308578073978e-04,2.854001820087432861e-01,-3.213111460208892822e-01,1.346210956573486328e+00,2.068817466497421265e-01,-1.308998316526412964e-01,9.779934585094451904e-02,-1.485022783279418945e+00,-1.084080576896667480e+00,9.315186142921447754e-01,-1.746352165937423706e-01,-9.539240598678588867e-02,-1.925039142370223999e-01,-1.196713596582412720e-01
-1.129698604345321655e-01,1.714412868022918701e-01,7.795220017433166504e-01,7.399084512144327164e-03,-4.425415024161338806e-02,7.159813046455383301e-01,6.966761350631713867e-01,1.599309444427490234e-01,-1.378249526023864746e-01,-7.185089588165283203e-02,4.940437972545623779e-01,-2.522262334823608398e-01,-2.672390639781951904e-02,-4.430046379566192627e-01,6.614036113023757935e-02,-1.247997134923934937e-01,6.151432991027832031e-01,-3.223505988717079163e-02,1.746808886528015137e-01,-1.061882004141807556e-01,9.895648807287216187e-02,-1.970206014811992645e-02,4.000765085220336914e-02,2.426505386829376221e-01,-3.676437437534332275e-01,1.394609093666076660e+00,2.646810114383697510e-01,-1.219020113348960876e-01,5.826846510171890259e-02,-1.442059397697448730e+00,-1.087092161178588867e+00,8.137917518615722656e-01,-1.048754826188087463e-01,-1.203585341572761536e-01,-1.670585721731185913e-01,-1.831204444169998169e-01
-1.131389737129211426e-01,1.931017339229583740e-01,7.739131450653076172e-01,-2.429521875455975533e-03,-4.995694011449813843e-02,7.109874486923217773e-01,7.014237642288208008e-01,1.523616462945938110e-01,-9.383632242679595947e-02,-2.346191555261611938e-02,5.829088091850280762e-01,-2.910072803497314453e-01,-1.811866275966167450e-02,-4.039048552513122559e-01,1.049852892756462097e-01,-1.368633061647415161e-01,5.527215003967285156e-01,-4.659004881978034973e-02,1.800930947065353394e-01,-1.479424983263015747e-01,1.298058331012725830e-01,-2.914243750274181366e-02,7.704411447048187256e-02,2.047923505306243896e-01,-3.891106247901916504e-01,1.413651823997497559e+00,3.017493486404418945e-01,-1.106347888708114624e-01,5.456297472119331360e-02,-1.348491072654724121e+00,-1.104488849639892578e+00,6.932019591331481934e-01,-2.240807190537452698e-02,-1.503015905618667603e-01,-1.387594938278198242e-01,-2.567543685436248779e-01
-1.125326454639434814e-01,2.143376320600509644e-01,7.672869563102722168e-01,-1.437332574278116226e-02,-5.607709288597106934e-02,7.073470950126647949e-01,7.044919133186340332e-01,1.398110985755920410e-01,-4.464309290051460266e-02,1.289825979620218277e-02,6.700891852378845215e-01,-3.436723351478576660e-01,-5.959394620731472969e-04,-3.708190917968750000e-01,1.320527493953704834e-01,-1.596886664628982544e-01,5.353755950927734375e-01,-8.793967962265014648e-02,1.540446281433105469e-01,-1.845721602439880371e-01,1.650783717632293701e-01,-3.904416412115097046e-02,9.653106331825256348e-02,1.676996946334838867e-01,-3.853167295455932617e-01,1.419227480888366699e+00,3.064303100109100342e-01,-1.025743037462234497e-01,5.533880740404129028e-02,-1.230727314949035645e+00,-1.109866976737976074e+00,5.264323353767395020e-01,1.074961423873901367e-01,-1.315475702285766602e-01,-1.144008934497833252e-01,-3.743017911911010742e-01
-1.111995652318000793e-01,2.190337628126144409e-01,7.607582211494445801e-01,-2.399141155183315277e-02,-6.662848591804504395e-02,7.003278732299804688e-01,7.102998495101928711e-01,8.968681097030639648e-02,1.071494165807962418e-02,4.504214227199554443e-02,8.252333998680114746e-01,-3.780187070369720459e-01,6.590387783944606781e-03,-3.379272520542144775e-01,1.759624183177947998e-01,-1.493229568004608154e-01,5.402820110321044922e-01,-1.333885043859481812e-01,1.284475475549697876e-01,-2.204976379871368408e-01,1.904993802309036255e-01,-3.862930461764335632e-02,1.199382022023200989e-01,1.493864804506301880e-01,-3.770040869712829590e-01,1.392292857170104980e+00,2.747913300991058350e-01,-1.030109450221061707e-01,5.548043921589851379e-02,-1.050213813781738281e+00,-1.081547260284423828e+00,3.188754022121429443e-01,2.222644686698913574e-01,-6.944896280765533447e-02,-1.164397597312927246e-01,-4.811214506626129150e-01
-1.097080111503601074e-01,2.217684686183929443e-01,7.561810612678527832e-01,-3.739709034562110901e-02,-7.055631279945373535e-02,6.940092444419860840e-01,7.155238986015319824e-01,-6.609194446355104446e-03,5.894033238291740417e-02,6.248207762837409973e-02,1.031204223632812500e+00,-3.532945215702056885e-01,2.308135299244895577e-04,-3.196715414524078369e-01,2.219904065132141113e-01,-1.288712620735168457e-01,5.481672286987304688e-01,-1.885716468095779419e-01,9.817266464233398438e-02,-2.371027767658233643e-01,2.101994603872299194e-01,-3.917267918586730957e-02,1.361306160688400269e-01,1.498885601758956909e-01,-3.861795961856842041e-01,1.341579318046569824e+00,2.433051913976669312e-01,-1.111295074224472046e-01,6.450043618679046631e-02,-8.459222316741943359e-01,-1.048240780830383301e+00,1.078670322895050049e-01,3.116044998168945312e-01,4.381107538938522339e-02,-1.572958379983901978e-01,-5.673428773880004883e-01
-1.087485402822494507e-01,2.375594526529312134e-01,7.541965246200561523e-01,-4.821784049272537231e-02,-7.175906747579574585e-02,6.901957392692565918e-01,7.184396386146545410e-01,-1.170382425189018250e-01,9.061321616172790527e-02,6.492381542921066284e-02,1.235925555229187012e+00,-2.878098487854003906e-01,-1.641247235238552094e-02,-3.093366324901580811e-01,2.474166303873062134e-01,-1.285658031702041626e-01,5.667203068733215332e-01,-2.207046151161193848e-01,6.246785819530487061e-02,-2.375555038452148438e-01,2.258756756782531738e-01,-3.330191224813461304e-02,1.380816698074340820e-01,1.707973331212997437e-01,-4.327071011066436768e-01,1.260262846946716309e+00,2.277081757783889771e-01,-1.188731268048286438e-01,5.710294470191001892e-02,-6.557203531265258789e-01,-1.014971852302551270e+00,-6.141288578510284424e-02,4.055917263031005859e-01,1.414009332656860352e-01,-1.762625426054000854e-01,-6.241632699966430664e-01
-1.083712354302406311e-01,2.348541021347045898e-01,7.542576789855957031e-01,-5.322616174817085266e-02,-6.865297257900238037e-02,6.883248090744018555e-01,7.201824188232421875e-01,-2.309863716363906860e-01,1.020682677626609802e-01,5.839337781071662903e-02,1.414937615394592285e+00,-2.335012257099151611e-01,-2.225304953753948212e-02,-3.054752349853515625e-01,2.603909075260162354e-01,-1.106895655393600464e-01,5.568158030509948730e-01,-2.401823401451110840e-01,4.304260388016700745e-02,-2.099076211452484131e-01,2.229879349470138550e-01,-2.297282777726650238e-02,1.239917725324630737e-01,2.160973250865936279e-01,-4.863918125629425049e-01,1.152579188346862793e+00,2.115428298711776733e-01,-1.305504888296127319e-01,5.186006426811218262e-02,-4.642458558082580566e-01,-9.584204554557800293e-01,-1.684141904115676880e-01,5.139070153236389160e-01,2.469043135643005371e-01,-1.953266561031341553e-01,-6.270312666893005371e-01
-1.054579392075538635e-01,2.444574534893035889e-01,7.559273242950439453e-01,-5.345045402646064758e-02,-6.106656044721603394e-02,6.886231899261474609e-01,7.205636501312255859e-01,-3.508517146110534668e-01,1.032620146870613098e-01,4.616682231426239014e-02,1.566208243370056152e+00,-2.097035348415374756e-01,-1.342065632343292236e-02,-2.958172857761383057e-01,2.574995458126068115e-01,-9.798602014780044556e-02,5.535256266593933105e-01,-2.572990059852600098e-01,2.298267930746078491e-02,-1.725471764802932739e-01,2.041477113962173462e-01,-1.189209707081317902e-02,9.700430929660797119e-02,2.755785584449768066e-01,-5.355002284049987793e-01,1.043832421302795410e+00,1.854993402957916260e-01,-1.425764560699462891e-01,2.525021135807037354e-02,-3.090055584907531738e-01,-8.964108228683471680e-01,-2.196474373340606689e-01,6.465486884117126465e-01,3.580147325992584229e-01,-1.990682333707809448e-01,-5.503513813018798828e-01
-1.060060188174247742e-01,2.491917610168457031e-01,7.592054605484008789e-01,-5.102025344967842102e-02,-5.028073489665985107e-02,6.893075704574584961e-01,7.209187150001525879e-01,-4.614931941032409668e-01,7.564165443181991577e-02,2.678507566452026367e-02,1.679050207138061523e+00,-2.071130424737930298e-01,-1.777959242463111877e-02,-2.891942560672760010e-01,2.367894351482391357e-01,-8.994868397712707520e-02,5.372152924537658691e-01,-2.629983723163604736e-01,9.430276229977607727e-03,-1.283096373081207275e-01,1.761303097009658813e-01,-1.491311471909284592e-03,5.339377373456954956e-02,3.266747891902923584e-01,-5.683470368385314941e-01,9.593461155891418457e-01,1.590856164693832397e-01,-1.501068919897079468e-01,1.305365120060741901e-03,-1.964346021413803101e-01,-8.222187161445617676e-01,-2.168028056621551514e-01,8.240019083023071289e-01,4.480572342872619629e-01,-1.754456460475921631e-01,-4.252956211566925049e-01
-1.083108037710189819e-01,2.497336119413375854e-01,7.630719542503356934e-01,-4.804984107613563538e-02,-3.877371177077293396e-02,6.878288984298706055e-01,7.232421040534973145e-01,-5.348411202430725098e-01,3.474511578679084778e-02,5.805545952171087265e-03,1.722600817680358887e+00,-1.991758346557617188e-01,-4.189464077353477478e-02,-2.904087305068969727e-01,2.133655250072479248e-01,-7.732743769884109497e-02,5.192465186119079590e-01,-2.555258572101593018e-01,1.435884274542331696e-03,-8.562184870243072510e-02,1.516605168581008911e-01,1.217467593960464001e-03,1.783251389861106873e-02,3.601366579532623291e-01,-5.898787379264831543e-01,9.139540791511535645e-01,1.525806933641433716e-01,-1.592381000518798828e-01,-1.525997184216976166e-02,-1.334900259971618652e-01,-7.282486557960510254e-01,-1.395855247974395752e-01,1.028420567512512207e+00,4.700175523757934570e-01,-1.147384271025657654e-01,-2.824811935424804688e-01
-1.056941002607345581e-01,2.498553693294525146e-01,7.676020860671997070e-01,-4.136023670434951782e-02,-2.819287404417991638e-02,6.879557371139526367e-01,7.240244150161743164e-01,-5.600946545600891113e-01,1.258530747145414352e-02,-7.153195329010486603e-04,1.710618615150451660e+00,-2.046817541122436523e-01,-4.658559709787368774e-02,-2.885201573371887207e-01,1.876008212566375732e-01,-7.879353314638137817e-02,5.091021060943603516e-01,-2.425089180469512939e-01,-4.270914476364850998e-03,-4.330581054091453552e-02,1.256696730852127075e-01,8.339029736816883087e-03,-8.251370862126350403e-03,3.779453039169311523e-01,-5.929997563362121582e-01,8.971133828163146973e-01,1.517213433980941772e-01,-1.624035686254501343e-01,-3.477994352579116821e-02,-8.363908529281616211e-02,-6.144832372665405273e-01,-3.077066875994205475e-02,1.208411455154418945e+00,4.098315238952636719e-01,-6.641684472560882568e-02,-1.701556891202926636e-01
-1.051185503602027893e-01,2.452709823846817017e-01,7.719612121582031250e-01,-3.429948538541793823e-02,-2.468599379062652588e-02,6.851229071617126465e-01,7.272006273269653320e-01,-5.344017148017883301e-01,5.513799376785755157e-03,-7.209778763353824615e-03,1.652311086654663086e+00,-2.004362046718597412e-01,-4.178401455283164978e-02,-2.817095220088958740e-01,1.712496280670166016e-01,-7.845970243215560913e-02,4.942788183689117432e-01,-2.122228145599365234e-01,5.880187265574932098e-03,-6.169385276734828949e-03,1.064535677433013916e-01,1.494027674198150635e-02,-9.521181695163249969e-03,3.775680661201477051e-01,-5.902734994888305664e-01,9.007642269134521484e-01,1.610932499170303345e-01,-1.596914082765579224e-01,-5.209828913211822510e-02,-2.989098057150840759e-02,-4.943935573101043701e-01,9.012944251298904419e-02,1.310886383056640625e+00,3.107521235942840576e-01,-2.890779823064804077e-02,-8.177483081817626953e-02
-1.079047769308090210e-01,2.424530088901519775e-01,7.745411992073059082e-01,-3.176328167319297791e-02,-2.245049551129341125e-02,6.790922284126281738e-01,7.330216765403747559e-01,-4.770634472370147705e-01,7.039267802610993385e-04,-9.949473664164543152e-03,1.543042778968811035e+00,-2.198614180088043213e-01,-2.791731990873813629e-02,-2.836648523807525635e-01,1.639730483293533325e-01,-6.857631355524063110e-02,4.888005852699279785e-01,-1.906775534152984619e-01,1.858424209058284760e-02,1.678506284952163696e-02,9.175027906894683838e-02,1.734510809183120728e-02,3.796209581196308136e-03,3.588139414787292480e-01,-5.728256702423095703e-01,9.506678581237792969e-01,1.684874147176742554e-01,-1.656008362770080566e-01,-6.292231380939483643e-02,2.674559317529201508e-02,-3.965032100677490234e-01,1.938781440258026123e-01,1.341604709625244141e+00,2.281377911567687988e-01,-2.645009942352771759e-02,-2.516598999500274658e-02
-1.110703796148300171e-01,2.372625172138214111e-01,7.747359871864318848e-01,-3.173058107495307922e-02,-2.272374741733074188e-02,6.700269579887390137e-01,7.413101196289062500e-01,-4.126088619232177734e-01,-1.817888580262660980e-02,-2.920086309313774109e-02,1.405168533325195312e+00,-2.294310629367828369e-01,-1.687608845531940460e-02,-3.002686798572540283e-01,1.692319959402084351e-01,-5.053813382983207703e-02,5.025477409362792969e-01,-1.748498827219009399e-01,3.390117362141609192e-02,3.314782306551933289e-02,8.458210527896881104e-02,1.520047616213560104e-02,1.896855421364307404e-02,3.145968914031982422e-01,-5.427194237709045410e-01,1.032097101211547852e+00,1.721428334712982178e-01,-1.626716554164886475e-01,-6.744708120822906494e-02,7.880025357007980347e-02,-3.061500787734985352e-01,2.848724424839019775e-01,1.366368055343627930e+00,1.627210229635238647e-01,-2.500322647392749786e-02,2.530908212065696716e-02
-1.159026920795440674e-01,2.335709482431411743e-01,7.726322412490844727e-01,-3.491834178566932678e-02,-2.403447590768337250e-02,6.597639322280883789e-01,7.502763271331787109e-01,-3.435162305831909180e-01,-4.424673691391944885e-02,-5.255958437919616699e-02,1.262516617774963379e+00,-2.688404023647308350e-01,-2.212544204667210579e-03,-3.206384479999542236e-01,1.820008158683776855e-01,-2.860395796597003937e-02,5.202552080154418945e-01,-1.722265183925628662e-01,4.583716765046119690e-02,3.542115539312362671e-02,8.043527603149414062e-02,1.450749021023511887e-02,3.247093781828880310e-02,2.666927576065063477e-01,-5.061927437782287598e-01,1.133925318717956543e+00,1.890611201524734497e-01,-1.484020650386810303e-01,-7.234796136617660522e-02,1.042454987764358521e-01,-2.284851074218750000e-01,3.648064732551574707e-01,1.379722356796264648e+00,1.078848466277122498e-01,-2.642030641436576843e-02,7.228442281484603882e-02
-1.246602833271026611e-01,2.237486988306045532e-01,7.689642906188964844e-01,-3.588042780756950378e-02,-2.261355333030223846e-02,6.515840291976928711e-01,7.573899030685424805e-01,-2.613516747951507568e-01,-7.806606590747833252e-02,-8.575156331062316895e-02,1.117647886276245117e+00,-3.215882778167724609e-01,3.923751413822174072e-03,-3.617083430290222168e-01,1.803345233201980591e-01,-9.591899812221527100e-03,5.590481162071228027e-01,-1.783778220415115356e-01,6.619253754615783691e-02,3.129994124174118042e-02,7.236688584089279175e-02,1.681204885244369507e-02,4.319579899311065674e-02,2.311998903751373291e-01,-4.873135089874267578e-01,1.206956505775451660e+00,2.235493659973144531e-01,-1.346420496702194214e-01,-7.881497591733932495e-02,1.060632169246673584e-01,-1.715332567691802979e-01,4.234160482883453369e-01,1.381750583648681641e+00,6.982655078172683716e-02,-2.978418208658695221e-02,1.029004827141761780e-01
-1.317956745624542236e-01,2.146587818861007690e-01,7.645812034606933594e-01,-3.973806276917457581e-02,-2.080905251204967499e-02,6.497164964675903320e-01,7.588520050048828125e-01,-1.974345892667770386e-01,-1.023074984550476074e-01,-1.255971342325210571e-01,1.004506945610046387e+00,-3.930279314517974854e-01,2.304420433938503265e-02,-4.040739834308624268e-01,1.802140027284622192e-01,5.498360842466354370e-04,5.930256247520446777e-01,-1.833567619323730469e-01,7.870464026927947998e-02,2.273438870906829834e-02,6.860079616308212280e-02,1.575024425983428955e-02,4.584851861000061035e-02,2.138210684061050415e-01,-4.770294725894927979e-01,1.234217762947082520e+00,2.447290122509002686e-01,-1.275568902492523193e-01,-7.655103504657745361e-02,1.147808134555816650e-01,-1.453277468681335449e-01,4.337989389896392822e-01,1.392482995986938477e+00,6.866849958896636963e-02,-3.846120834350585938e-02,1.082498878240585327e-01
-1.391059458255767822e-01,1.999864578247070312e-01,7.599663138389587402e-01,-3.789120912551879883e-02,-1.954476349055767059e-02,6.518518924713134766e-01,7.571468353271484375e-01,-1.578242033720016479e-01,-1.316393911838531494e-01,-1.533971130847930908e-01,9.284155368804931641e-01,-4.780086576938629150e-01,6.624407321214675903e-02,-4.506596624851226807e-01,1.729357093572616577e-01,1.935056969523429871e-02,6.395410895347595215e-01,-1.809224337339401245e-01,9.010627865791320801e-02,9.670211933553218842e-03,6.136294454336166382e-02,2.597620896995067596e-02,3.789567574858665466e-02,2.143183350563049316e-01,-4.940003454685211182e-01,1.222737193107604980e+00,2.662170827388763428e-01,-1.298444718122482300e-01,-8.158501237630844116e-02,8.935413509607315063e-02,-1.346744298934936523e-01,4.302062988281250000e-01,1.407517313957214355e+00,5.922374501824378967e-02,-3.690867498517036438e-02,9.965693950653076172e-02
-1.473195999860763550e-01,1.876014322042465210e-01,7.566925883293151855e-01,-3.326447308063507080e-02,-1.794894784688949585e-02,6.557876467704772949e-01,7.539985775947570801e-01,-1.345142722129821777e-01,-1.539282500743865967e-01,-1.618114858865737915e-01,8.637900948524475098e-01,-5.450355410575866699e-01,1.083732321858406067e-01,-4.908842742443084717e-01,1.584400534629821777e-01,3.937680646777153015e-02,6.919840574264526367e-01,-1.698480099439620972e-01,1.039335802197456360e-01,-3.353151725605130196e-03,5.166995152831077576e-02,4.124546051025390625e-02,2.473773434758186340e-02,2.270208001136779785e-01,-5.331138372421264648e-01,1.185374975204467773e+00,3.003082573413848877e-01,-1.412501633167266846e-01,-8.839309215545654297e-02,5.596920847892761230e-02,-1.440577507019042969e-01,4.151819944381713867e-01,1.417987108230590820e+00,4.583388566970825195e-02,-3.722590208053588867e-02,8.831182122230529785e-02
-1.533081382513046265e-01,1.749084442853927612e-01,7.546980381011962891e-01,-2.777187712490558624e-02,-1.437072269618511200e-02,6.614410281181335449e-01,7.493450045585632324e-01,-1.262041032314300537e-01,-1.785349845886230469e-01,-1.752758175134658813e-01,8.108274340629577637e-01,-5.851475000381469727e-01,1.399579346179962158e-01,-5.469583868980407715e-01,1.445584148168563843e-01,5.166552215814590454e-02,7.651661038398742676e-01,-1.339737325906753540e-01,1.233179792761802673e-01,-1.663063094019889832e-02,4.094278067350387573e-02,5.858110263943672180e-02,1.276010740548372269e-02,2.592086195945739746e-01,-5.916928648948669434e-01,1.107312917709350586e+00,3.262143135070800781e-01,-1.612103581428527832e-01,-9.632198512554168701e-02,3.208673000335693359e-02,-1.682384610176086426e-01,4.035393595695495605e-01,1.407027840614318848e+00,4.212975502014160156e-02,-4.450103268027305603e-02,7.385860383510589600e-02
-1.559083014726638794e-01,1.555355191230773926e-01,7.536175251007080078e-01,-1.989095658063888550e-02,-1.144742686301469803e-02,6.710984110832214355e-01,7.410129904747009277e-01,-1.240530386567115784e-01,-1.969118267297744751e-01,-1.874721646308898926e-01,7.558517456054687500e-01,-6.165978908538818359e-01,1.689963340759277344e-01,-5.996569991111755371e-01,1.395748853683471680e-01,6.267598271369934082e-02,8.733450770378112793e-01,-9.602713584899902344e-02,1.456970125436782837e-01,-3.576603531837463379e-02,3.214193135499954224e-02,7.638423144817352295e-02,8.802547119557857513e-03,3.234802186489105225e-01,-6.787389516830444336e-01,9.796854853630065918e-01,3.637311160564422607e-01,-1.925947666168212891e-01,-1.106951609253883362e-01,1.180253177881240845e-02,-2.034103274345397949e-01,4.068472981452941895e-01,1.376348137855529785e+00,2.303101308643817902e-02,-5.301722511649131775e-02,5.384051799774169922e-02
-1.573814302682876587e-01,1.353151649236679077e-01,7.537673711776733398e-01,-1.568051241338253021e-02,-7.479697465896606445e-03,6.843847036361694336e-01,7.289140820503234863e-01,-1.302645951509475708e-01,-2.045511007308959961e-01,-1.919814944267272949e-01,6.976313591003417969e-01,-6.290082335472106934e-01,1.884197443723678589e-01,-6.429510116577148438e-01,1.421886086463928223e-01,6.844606995582580566e-02,1.025391936302185059e+00,-3.771688416600227356e-02,1.717188507318496704e-01,-5.796487629413604736e-02,2.635408192873001099e-02,8.787912130355834961e-02,1.195996999740600586e-02,4.255217909812927246e-01,-7.697712182998657227e-01,7.948567271232604980e-01,3.701345622539520264e-01,-2.346996814012527466e-01,-1.539275497198104858e-01,8.273188024759292603e-03,-2.476898431777954102e-01,4.190482199192047119e-01,1.317854166030883789e+00,-7.752897683531045914e-03,-6.288632750511169434e-02,5.529010295867919922e-02
-1.538902968168258667e-01,1.149485930800437927e-01,7.553034424781799316e-01,-1.427674479782581329e-02,-2.966239117085933685e-03,6.959259510040283203e-01,7.179654836654663086e-01,-1.414299756288528442e-01,-1.994848251342773438e-01,-1.916097700595855713e-01,6.387977004051208496e-01,-6.252234578132629395e-01,2.086966633796691895e-01,-6.910116076469421387e-01,1.715174168348312378e-01,6.966021656990051270e-02,1.209895133972167969e+00,3.519265353679656982e-02,2.100417017936706543e-01,-8.085425943136215210e-02,2.170005999505519867e-02,9.166017919778823853e-02,2.308834157884120941e-02,5.514638423919677734e-01,-8.469249010086059570e-01,6.097862720489501953e-01,3.419255912303924561e-01,-2.851597368717193604e-01,-1.960291266441345215e-01,3.545761853456497192e-02,-3.029083609580993652e-01,4.737560749053955078e-01,1.220730304718017578e+00,-5.598253756761550903e-02,-8.569023013114929199e-02,8.466929942369461060e-02
-1.473917663097381592e-01,1.041322425007820129e-01,7.583275437355041504e-01,-1.718401722609996796e-02,5.770458839833736420e-03,7.047402858734130859e-01,7.092337608337402344e-01,-1.494274735450744629e-01,-1.914468854665756226e-01,-1.958891153335571289e-01,5.753489732742309570e-01,-5.982150435447692871e-01,2.175364196300506592e-01,-7.240613102912902832e-01,2.040330767631530762e-01,5.590498819947242737e-02,1.345195770263671875e+00,9.906002879142761230e-02,2.430839687585830688e-01,-9.509775042533874512e-02,1.514666154980659485e-02,8.079747110605239868e-02,5.706341192126274109e-02,6.862636804580688477e-01,-8.874707818031311035e-01,4.250581562519073486e-01,2.600062191486358643e-01,-3.239026963710784912e-01,-2.376686930656433105e-01,7.993741333484649658e-02,-3.826363980770111084e-01,5.426433086395263672e-01,1.062313914299011230e+00,-9.654259681701660156e-02,-1.128375902771949768e-01,1.441963613033294678e-01
-1.420357525348663330e-01,1.012208461761474609e-01,7.616857290267944336e-01,-2.096538431942462921e-02,1.900245621800422668e-02,7.120408415794372559e-01,7.015676498413085938e-01,-1.580362915992736816e-01,-1.934173256158828735e-01,-2.017275243997573853e-01,5.191915035247802734e-01,-5.555333495140075684e-01,2.102984040975570679e-01,-7.258542776107788086e-01,2.101731002330780029e-01,3.364086896181106567e-02,1.410445809364318848e+00,1.309774965047836304e-01,2.495530694723129272e-01,-1.008260548114776611e-01,6.036713253706693649e-03,6.382131576538085938e-02,9.805177152156829834e-02,8.149117231369018555e-01,-8.928254842758178711e-01,2.481303662061691284e-01,1.589962393045425415e-01,-3.592769503593444824e-01,-2.437850236892700195e-01,1.300353258848190308e-01,-4.922959804534912109e-01,5.971657633781433105e-01,8.442509770393371582e-01,-9.145917743444442749e-02,-1.562877744436264038e-01,1.818866729736328125e-01
-1.393246054649353027e-01,1.012926772236824036e-01,7.649086713790893555e-01,-2.395446226000785828e-02,3.393488749861717224e-02,7.145077586174011230e-01,6.983933448791503906e-01,-1.652649641036987305e-01,-1.997641474008560181e-01,-1.927674561738967896e-01,4.654684662818908691e-01,-5.050864815711975098e-01,1.871534585952758789e-01,-6.998127698898315430e-01,1.772467494010925293e-01,5.375850480049848557e-03,1.416678071022033691e+00,1.239566802978515625e-01,2.278970330953598022e-01,-9.995542466640472412e-02,-9.136803448200225830e-03,4.544202238321304321e-02,1.541668772697448730e-01,9.277290701866149902e-01,-8.643918037414550781e-01,7.876002043485641479e-02,6.864064931869506836e-02,-3.945685625076293945e-01,-2.247818857431411743e-01,1.748546063899993896e-01,-6.309660673141479492e-01,6.436690092086791992e-01,5.514647960662841797e-01,-5.571853369474411011e-02,-2.007092982530593872e-01,2.067846208810806274e-01
-1.378288120031356812e-01,1.006922051310539246e-01,7.677683234214782715e-01,-2.374385483562946320e-02,4.861191287636756897e-02,7.124738097190856934e-01,6.996099948883056641e-01,-1.694300323724746704e-01,-2.112493366003036499e-01,-1.764746308326721191e-01,4.153293669223785400e-01,-4.505915045738220215e-01,1.543173789978027344e-01,-6.527559757232666016e-01,1.233594790101051331e-01,-2.282880619168281555e-02,1.378732681274414062e+00,9.948569536209106445e-02,1.949187219142913818e-01,-9.571769833564758301e-02,-2.813169173896312714e-02,2.579821646213531494e-02,2.133735716342926025e-01,1.013848662376403809e+00,-8.151046633720397949e-01,-7.276769727468490601e-02,4.697380587458610535e-03,-4.246834516525268555e-01,-1.980282068252563477e-01,2.185652256011962891e-01,-7.673997879028320312e-01,6.611204743385314941e-01,2.496011108160018921e-01,1.253057271242141724e-02,-2.363019734621047974e-01,2.172856181859970093e-01
-1.407872140407562256e-01,9.439567476511001587e-02,7.694171071052551270e-01,-2.032169140875339508e-02,5.823250859975814819e-02,7.095291018486022949e-01,7.019718289375305176e-01,-1.692981570959091187e-01,-2.247015535831451416e-01,-1.494463384151458740e-01,3.656418025493621826e-01,-4.029536247253417969e-01,1.177549734711647034e-01,-5.885686278343200684e-01,6.358184665441513062e-02,-4.360754787921905518e-02,1.297393798828125000e+00,6.145663186907768250e-02,1.524863243103027344e-01,-8.961625397205352783e-02,-5.305464565753936768e-02,6.347257643938064575e-03,2.764399945735931396e-01,1.079905986785888672e+00,-7.625585198402404785e-01,-2.110039889812469482e-01,-5.474919453263282776e-02,-4.522977471351623535e-01,-1.686691790819168091e-01,2.846520245075225830e-01,-8.817849755287170410e-01,6.546232700347900391e-01,-1.894309185445308685e-02,1.197777912020683289e-01,-2.504818737506866455e-01,2.241887748241424561e-01
-1.429187208414077759e-01,8.506958186626434326e-02,7.696767449378967285e-01,-1.413072738796472549e-02,6.657148152589797974e-02,7.029078602790832520e-01,7.080177068710327148e-01,-1.727029830217361450e-01,-2.394119203090667725e-01,-1.178826540708541870e-01,3.290179967880249023e-01,-3.677373230457305908e-01,8.167165517807006836e-02,-5.197987556457519531e-01,1.044945232570171356e-02,-5.780579522252082825e-02,1.203857302665710449e+00,7.910158485174179077e-03,1.230232715606689453e-01,-7.255800068378448486e-02,-8.574353158473968506e-02,-1.325053721666336060e-02,3.008978664875030518e-01,1.125234007835388184e+00,-7.316930890083312988e-01,-3.161494135856628418e-01,-6.155448034405708313e-02,-4.907856285572052002e-01,-1.057654321193695068e-01,3.218063116073608398e-01,-9.587866663932800293e-01,6.536280512809753418e-01,-2.115848064422607422e-01,2.054646462202072144e-01,-2.665493786334991455e-01,2.014700025320053101e-01
-1.453135162591934204e-01,7.950764149427413940e-02,7.684729695320129395e-01,-9.629528038203716278e-03,7.366165518760681152e-02,6.957967877388000488e-01,7.143864631652832031e-01,-1.830327957868576050e-01,-2.535437345504760742e-01,-9.168372303247451782e-02,3.190883398056030273e-01,-3.531628549098968506e-01,6.338525563478469849e-02,-4.751269221305847168e-01,-2.444886788725852966e-02,-5.768552049994468689e-02,1.138120651245117188e+00,-6.278889626264572144e-02,1.069369465112686157e-01,-5.774058774113655090e-02,-1.212533563375473022e-01,-2.926067449152469635e-02,3.010675013065338135e-01,1.153341412544250488e+00,-7.157176733016967773e-01,-4.001179337501525879e-01,-4.897838458418846130e-02,-5.125867128372192383e-01,-5.095319077372550964e-02,3.366290032863616943e-01,-1.016411900520324707e+00,6.424934267997741699e-01,-3.560841083526611328e-01,2.484182268381118774e-01,-2.873324155807495117e-01,1.658212542533874512e-01
-1.471604853868484497e-01,7.690907269716262817e-02,7.660927772521972656e-01,-4.285819362848997116e-03,7.922675460577011108e-02,6.904096007347106934e-01,7.190544605255126953e-01,-1.878580600023269653e-01,-2.683367431163787842e-01,-7.007113844156265259e-02,3.163530826568603516e-01,-3.540651202201843262e-01,6.019816175103187561e-02,-4.514226615428924561e-01,-5.094711482524871826e-02,-4.991210997104644775e-02,1.111634373664855957e+00,-1.102937608957290649e-01,1.293908059597015381e-01,-4.686573892831802368e-02,-1.533022671937942505e-01,-4.463282600045204163e-02,2.722665369510650635e-01,1.161382913589477539e+00,-7.131170034408569336e-01,-4.432851672172546387e-01,-2.829300356097519398e-04,-5.245690941810607910e-01,-3.860768629238009453e-03,3.280928432941436768e-01,-1.037832975387573242e+00,6.431058049201965332e-01,-4.379232525825500488e-01,2.479924559593200684e-01,-3.074913918972015381e-01,1.263632327318191528e-01
-1.469537615776062012e-01,7.841649651527404785e-02,7.632718682289123535e-01,9.019701392389833927e-04,8.192267268896102905e-02,6.868513226509094238e-01,7.221655845642089844e-01,-1.785188466310501099e-01,-2.769226431846618652e-01,-5.170046910643577576e-02,3.101354837417602539e-01,-3.655487596988677979e-01,7.289394736289978027e-02,-4.402704238891601562e-01,-7.255843281745910645e-02,-3.809894621372222900e-02,1.116912961006164551e+00,-1.039723530411720276e-01,1.856931447982788086e-01,-3.567957878112792969e-02,-1.773477941751480103e-01,-4.522460326552391052e-02,2.072893828153610229e-01,1.152742862701416016e+00,-7.332679033279418945e-01,-4.602150619029998779e-01,6.492386758327484131e-02,-5.329740047454833984e-01,5.817786976695060730e-02,2.949694693088531494e-01,-1.038832902908325195e+00,6.661320924758911133e-01,-4.793525636196136475e-01,2.148628383874893188e-01,-3.252027034759521484e-01,7.400995492935180664e-02
-1.510951966047286987e-01,8.429097384214401245e-02,7.602370977401733398e-01,1.097134500741958618e-02,8.206883072853088379e-02,6.766265034675598145e-01,7.316562533378601074e-01,-1.390639543533325195e-01,-2.937523722648620605e-01,-2.462980523705482483e-02,2.788875401020050049e-01,-3.710040152072906494e-01,8.868170529603958130e-02,-4.502490162849426270e-01,-1.461381167173385620e-01,-5.202355980873107910e-02,1.177384018898010254e+00,-6.124535948038101196e-02,2.328645735979080200e-01,-1.163733890280127525e-03,-2.060075104236602783e-01,-3.307573497295379639e-02,1.232678443193435669e-01,1.122565746307373047e+00,-7.501510381698608398e-01,-4.241538345813751221e-01,1.693916022777557373e-01,-5.360427498817443848e-01,1.668014377355575562e-01,2.402978688478469849e-01,-1.001303076744079590e+00,7.185240983963012695e-01,-4.463961720466613770e-01,1.313953548669815063e-01,-3.510175645351409912e-01,-2.252402249723672867e-03
-1.525794416666030884e-01,8.606702834367752075e-02,7.568538188934326172e-01,2.370558679103851318e-02,8.054962009191513062e-02,6.627640724182128906e-01,7.441059350967407227e-01,-1.075026914477348328e-01,-3.089255988597869873e-01,5.082556977868080139e-03,2.639615833759307861e-01,-3.847945630550384521e-01,1.131319925189018250e-01,-4.940433204174041748e-01,-2.535925209522247314e-01,-6.393449008464813232e-02,1.276872277259826660e+00,-8.434367179870605469e-02,2.194141149520874023e-01,3.641565889120101929e-02,-2.306644767522811890e-01,-1.753387600183486938e-02,2.586392313241958618e-02,1.102650046348571777e+00,-7.933419346809387207e-01,-3.797008991241455078e-01,2.790124416351318359e-01,-5.261363387107849121e-01,2.821253538131713867e-01,1.397510468959808350e-01,-9.606265425682067871e-01,8.235895037651062012e-01,-3.746712505817413330e-01,1.894984021782875061e-02,-3.663049936294555664e-01,-6.958792358636856079e-02
-1.544449180364608765e-01,8.866389095783233643e-02,7.538947463035583496e-01,3.692619502544403076e-02,7.766173779964447021e-02,6.480602025985717773e-01,7.567186355590820312e-01,-7.342693954706192017e-02,-3.254204690456390381e-01,3.027565591037273407e-02,2.499841600656509399e-01,-3.962779939174652100e-01,1.285152733325958252e-01,-5.395376682281494141e-01,-3.666391372680664062e-01,-7.299081981182098389e-02,1.367157220840454102e+00,-1.257268935441970825e-01,2.119891196489334106e-01,7.341466099023818970e-02,-2.432132065296173096e-01,-5.166169255971908569e-03,-2.738611400127410889e-02,1.088877916336059570e+00,-8.221443891525268555e-01,-3.530547022819519043e-01,3.365877866744995117e-01,-5.123850107192993164e-01,3.526625335216522217e-01,7.853683829307556152e-02,-9.225815534591674805e-01,9.047816395759582520e-01,-3.112494051456451416e-01,-3.546047583222389221e-02,-3.641560077667236328e-01,-1.029459983110427856e-01
-1.509073674678802490e-01,8.706019073724746704e-02,7.523995041847229004e-01,5.101808905601501465e-02,7.273669540882110596e-02,6.347851753234863281e-01,7.675638794898986816e-01,-3.340682014822959900e-02,-3.324875533580780029e-01,4.983986914157867432e-02,2.236339002847671509e-01,-3.972586989402770996e-01,1.336952447891235352e-01,-5.928128361701965332e-01,-4.733604788780212402e-01,-6.140622124075889587e-02,1.412056326866149902e+00,-1.486461013555526733e-01,2.020212560892105103e-01,9.795486927032470703e-02,-2.430841624736785889e-01,9.440637193620204926e-03,-5.817064642906188965e-02,1.094738245010375977e+00,-8.448688387870788574e-01,-3.444614112377166748e-01,3.702555894851684570e-01,-5.086876153945922852e-01,3.913038074970245361e-01,3.584711998701095581e-02,-8.886497020721435547e-01,9.608141779899597168e-01,-2.620809078216552734e-01,-6.886302679777145386e-02,-3.541867733001708984e-01,-1.152225881814956665e-01
-1.497742980718612671e-01,8.666720241308212280e-02,7.520206570625305176e-01,5.932522937655448914e-02,6.544786691665649414e-02,6.241397857666015625e-01,7.763031721115112305e-01,6.313340272754430771e-03,-3.312453329563140869e-01,6.723897904157638550e-02,1.933458894491195679e-01,-3.956844210624694824e-01,1.274924129247665405e-01,-6.318436861038208008e-01,-5.741063952445983887e-01,-5.316650494933128357e-02,1.391705393791198730e+00,-1.631071865558624268e-01,1.809920519590377808e-01,1.093292608857154846e-01,-2.301407456398010254e-01,2.477394230663776398e-02,-6.757143139839172363e-02,1.107950687408447266e+00,-8.622815608978271484e-01,-3.490575850009918213e-01,3.729366064071655273e-01,-5.152469873428344727e-01,4.148057699203491211e-01,1.377282757312059402e-02,-8.761608004570007324e-01,9.928988218307495117e-01,-2.446230798959732056e-01,-7.565919309854507446e-02,-3.527283370494842529e-01,-1.274308413267135620e-01
-1.457427442073822021e-01,8.559583872556686401e-02,7.526832818984985352e-01,6.388296186923980713e-02,5.482505261898040771e-02,6.192018985748291016e-01,7.807062268257141113e-01,5.076457187533378601e-02,-3.173138499259948730e-01,6.466034799814224243e-02,1.570827811956405640e-01,-3.937021493911743164e-01,1.149901896715164185e-01,-6.586065292358398438e-01,-6.497589945793151855e-01,-5.660007521510124207e-02,1.294553995132446289e+00,-1.512787938117980957e-01,1.656185239553451538e-01,1.145785823464393616e-01,-2.037426084280014038e-01,4.565622285008430481e-02,-8.081794530153274536e-02,1.127874135971069336e+00,-8.799468874931335449e-01,-3.593543767929077148e-01,3.753074109554290771e-01,-5.322724580764770508e-01,4.332616031169891357e-01,-5.417088512331247330e-03,-8.842922449111938477e-01,1.011209249496459961e+00,-2.478706389665603638e-01,-8.786885440349578857e-02,-3.591427206993103027e-01,-1.485445201396942139e-01
-1.431743204593658447e-01,8.239689469337463379e-02,7.537155747413635254e-01,6.646005809307098389e-02,4.439170658588409424e-02,6.180193424224853516e-01,7.820898294448852539e-01,7.974532246589660645e-02,-3.014349937438964844e-01,6.075116619467735291e-02,1.373968869447708130e-01,-3.948083221912384033e-01,9.667699784040451050e-02,-6.595814824104309082e-01,-7.015550136566162109e-01,-6.826381385326385498e-02,1.150016903877258301e+00,-1.207456216216087341e-01,1.704911589622497559e-01,1.203195452690124512e-01,-1.758720427751541138e-01,6.212674826383590698e-02,-7.866255193948745728e-02,1.129340052604675293e+00,-8.777735829353332520e-01,-3.579829335212707520e-01,3.676385283470153809e-01,-5.425122380256652832e-01,4.570255279541015625e-01,-7.022605277597904205e-03,-8.980839848518371582e-01,1.000727176666259766e+00,-2.551148235797882080e-01,-9.894617646932601929e-02,-3.693426549434661865e-01,-1.729231029748916626e-01
-1.402699053287506104e-01,7.145647704601287842e-02,7.557562589645385742e-01,6.759263575077056885e-02,3.045818395912647247e-02,6.217668056488037109e-01,7.796855568885803223e-01,9.436161071062088013e-02,-2.739547789096832275e-01,5.710640177130699158e-02,1.311128735542297363e-01,-3.993655145168304443e-01,8.034012466669082642e-02,-6.431118845939636230e-01,-7.122262120246887207e-01,-9.217591583728790283e-02,9.591691493988037109e-01,-4.509357362985610962e-02,1.767089664936065674e-01,1.170712709426879883e-01,-1.348700970411300659e-01,7.655476778745651245e-02,-8.899791538715362549e-02,1.120307683944702148e+00,-8.830249309539794922e-01,-3.501302599906921387e-01,3.560379445552825928e-01,-5.425593852996826172e-01,4.817014634609222412e-01,-2.666160464286804199e-02,-9.262354969978332520e-01,1.001293778419494629e+00,-2.650118768215179443e-01,-1.372272521257400513e-01,-3.718731999397277832e-01,-1.846012920141220093e-01
-1.408020853996276855e-01,5.960111320018768311e-02,7.577679157257080078e-01,6.616067141294479370e-02,2.022953703999519348e-02,6.257231235504150391e-01,7.769711017608642578e-01,8.763160556554794312e-02,-2.513771057128906250e-01,5.958302319049835205e-02,1.405538022518157959e-01,-4.063733220100402832e-01,6.504073739051818848e-02,-6.196918487548828125e-01,-7.028494477272033691e-01,-1.109031364321708679e-01,7.963914275169372559e-01,4.081776365637779236e-02,1.903067976236343384e-01,1.083531901240348816e-01,-1.039803698658943176e-01,8.095739781856536865e-02,-9.022335708141326904e-02,1.100079894065856934e+00,-8.841638565063476562e-01,-3.370057046413421631e-01,3.475113213062286377e-01,-5.310881137847900391e-01,5.018107891082763672e-01,-3.990991786122322083e-02,-9.503159523010253906e-01,9.940730333328247070e-01,-2.742131054401397705e-01,-1.765374839305877686e-01,-3.694474995136260986e-01,-2.052890360355377197e-01
-1.418617367744445801e-01,5.253341421484947205e-02,7.592848539352416992e-01,6.091474369168281555e-02,1.369680464267730713e-02,6.282089352607727051e-01,7.755354642868041992e-01,7.423595339059829712e-02,-2.305132299661636353e-01,5.978624895215034485e-02,1.539471000432968140e-01,-4.184719026088714600e-01,5.863292887806892395e-02,-5.936174392700195312e-01,-6.845886707305908203e-01,-1.390404552221298218e-01,6.867681741714477539e-01,1.094442680478096008e-01,1.982187032699584961e-01,1.004793494939804077e-01,-7.997557520866394043e-02,8.063760399818420410e-02,-8.583322167396545410e-02,1.078285098075866699e+00,-8.827795386314392090e-01,-3.249926269054412842e-01,3.388644456863403320e-01,-5.244818925857543945e-01,5.302239656448364258e-01,-4.586862027645111084e-02,-9.691263437271118164e-01,9.807443022727966309e-01,-2.815917432308197021e-01,-1.926690191030502319e-01,-3.716815412044525146e-01,-2.368340492248535156e-01
-1.458504647016525269e-01,4.674149304628372192e-02,7.601578235626220703e-01,5.407968536019325256e-02,7.671553175896406174e-03,6.302327513694763184e-01,7.744825482368469238e-01,6.019711121916770935e-02,-2.125064134597778320e-01,6.342111527919769287e-02,1.643959730863571167e-01,-4.293978512287139893e-01,5.623125657439231873e-02,-5.725989937782287598e-01,-6.666028499603271484e-01,-1.720288246870040894e-01,6.205738782882690430e-01,1.651452481746673584e-01,2.167040258646011353e-01,9.588208794593811035e-02,-6.266276538372039795e-02,7.536341249942779541e-02,-8.530029654502868652e-02,1.052605509757995605e+00,-8.823875784873962402e-01,-3.190121650695800781e-01,3.366650938987731934e-01,-5.167278051376342773e-01,5.654552578926086426e-01,-4.756342992186546326e-02,-9.908525347709655762e-01,9.734781384468078613e-01,-2.917298972606658936e-01,-2.014369964599609375e-01,-3.775023818016052246e-01,-2.675436437129974365e-01
-1.484159529209136963e-01,4.283274710178375244e-02,7.607890367507934570e-01,4.797192662954330444e-02,3.860421944409608841e-03,6.304254531860351562e-01,7.747564315795898438e-01,4.848241806030273438e-02,-1.979254186153411865e-01,6.390199065208435059e-02,1.708798706531524658e-01,-4.380629658699035645e-01,5.831657350063323975e-02,-5.567051172256469727e-01,-6.501491069793701172e-01,-2.055325210094451904e-01,5.744741559028625488e-01,2.001485377550125122e-01,2.220025509595870972e-01,9.424396604299545288e-02,-4.802972823381423950e-02,6.976392120122909546e-02,-9.449230134487152100e-02,1.033631324768066406e+00,-8.897646069526672363e-01,-3.127319812774658203e-01,3.472672402858734131e-01,-5.111685395240783691e-01,6.064262390136718750e-01,-5.835785344243049622e-02,-1.011685371398925781e+00,9.796698093414306641e-01,-3.019542098045349121e-01,-2.050570100545883179e-01,-3.867237567901611328e-01,-2.849408686161041260e-01
-1.486873626708984375e-01,3.998490422964096069e-02,7.608134746551513672e-01,4.586754366755485535e-02,2.201609080657362938e-03,6.312056779861450195e-01,7.742549777030944824e-01,4.576820507645606995e-02,-1.909032911062240601e-01,6.445860117673873901e-02,1.673569232225418091e-01,-4.402246177196502686e-01,5.726445838809013367e-02,-5.507120490074157715e-01,-6.443850398063659668e-01,-2.214651554822921753e-01,5.583469867706298828e-01,2.130152434110641479e-01,2.285455614328384399e-01,9.162219613790512085e-02,-4.460040852427482605e-02,6.405621021986007690e-02,-9.988879412412643433e-02,1.024455904960632324e+00,-8.959339261054992676e-01,-3.065221309661865234e-01,3.646621704101562500e-01,-5.057865381240844727e-01,6.448245048522949219e-01,-6.386783719062805176e-02,-1.023911833763122559e+00,9.851865172386169434e-01,-3.072778582572937012e-01,-2.071184813976287842e-01,-3.929700255393981934e-01,-2.961229085922241211e-01
-1.485797613859176636e-01,3.923889622092247009e-02,7.607813477516174316e-01,4.440740495920181274e-02,3.903391188941895962e-04,6.317819952964782715e-01,7.738729715347290039e-01,4.564844444394111633e-02,-1.850435882806777954e-01,6.515609472990036011e-02,1.679532527923583984e-01,-4.440776109695434570e-01,6.100521609187126160e-02,-5.491391420364379883e-01,-6.388667821884155273e-01,-2.236220836639404297e-01,5.556894540786743164e-01,2.230741381645202637e-01,2.354007959365844727e-01,8.634885400533676147e-02,-4.221745580434799194e-02,5.618643760681152344e-02,-1.007035747170448303e-01,1.019227981567382812e+00,-9.065706729888916016e-01,-3.020811676979064941e-01,3.731767833232879639e-01,-5.044385194778442383e-01,6.654847860336303711e-01,-6.728740781545639038e-02,-1.033325791358947754e+00,9.933270812034606934e-01,-3.096607029438018799e-01,-2.036097943782806396e-01,-3.964407145977020264e-01,-2.947202622890472412e-01
-1.475988924503326416e-01,3.967361524701118469e-02,7.608549594879150391e-01,4.303447902202606201e-02,-4.516672343015670776e-04,6.327759623527526855e-01,7.731380462646484375e-01,4.857164993882179260e-02,-1.800483316183090210e-01,6.529295444488525391e-02,1.632876843214035034e-01,-4.454968571662902832e-01,6.148800626397132874e-02,-5.452800393104553223e-01,-6.323398351669311523e-01,-2.192373275756835938e-01,5.530866384506225586e-01,2.276324182748794556e-01,2.419046461582183838e-01,8.379715681076049805e-02,-4.084615781903266907e-02,4.901077225804328918e-02,-1.008414626121520996e-01,1.020258545875549316e+00,-9.149792790412902832e-01,-2.989653944969177246e-01,3.776058852672576904e-01,-5.056533217430114746e-01,6.754560470581054688e-01,-6.518974900245666504e-02,-1.038147568702697754e+00,9.988828301429748535e-01,-3.109614253044128418e-01,-1.957950741052627563e-01,-3.972746133804321289e-01,-2.934625744819641113e-01
-1.467054635286331177e-01,4.041415452957153320e-02,7.609071731567382812e-01,4.229265451431274414e-02,-1.303262426517903805e-03,6.340924501419067383e-01,7.720986604690551758e-01,5.410674586892127991e-02,-1.765829771757125854e-01,6.495736539363861084e-02,1.560090184211730957e-01,-4.458407461643218994e-01,6.106355413794517517e-02,-5.387413501739501953e-01,-6.275926828384399414e-01,-2.132963687181472778e-01,5.501289367675781250e-01,2.298686355352401733e-01,2.494646161794662476e-01,8.223149925470352173e-02,-4.112634435296058655e-02,4.390055686235427856e-02,-1.018640771508216858e-01,1.022764325141906738e+00,-9.228342771530151367e-01,-2.969105243682861328e-01,3.785663843154907227e-01,-5.075717568397521973e-01,6.792086362838745117e-01,-6.176315993070602417e-02,-1.040583133697509766e+00,1.002835273742675781e+00,-3.102588653564453125e-01,-1.910606324672698975e-01,-3.964818716049194336e-01,-2.915035486221313477e-01
-1.458202153444290161e-01,4.213425144553184509e-02,7.605704069137573242e-01,4.291571676731109619e-02,-2.176676644012331963e-03,6.368685364723205566e-01,7.697739601135253906e-01,6.090496107935905457e-02,-1.764987111091613770e-01,6.072504445910453796e-02,1.529237627983093262e-01,-4.474436938762664795e-01,5.985194817185401917e-02,-5.386738777160644531e-01,-6.263484954833984375e-01,-1.907482743263244629e-01,5.650385618209838867e-01,2.224446833133697510e-01,2.617984712123870850e-01,7.638894766569137573e-02,-4.453246295452117920e-02,3.651358559727668762e-02,-8.947040140628814697e-02,1.020323634147644043e+00,-9.269543290138244629e-01,-2.935495078563690186e-01,3.732298314571380615e-01,-5.067804455757141113e-01,6.722618341445922852e-01,-4.550138860940933228e-02,-1.038737058639526367e+00,1.000195264816284180e+00,-3.056929111480712891e-01,-1.861495077610015869e-01,-3.933662772178649902e-01,-2.866509556770324707e-01
-1.436363011598587036e-01,4.294683411717414856e-02,7.613626122474670410e-01,4.060992226004600525e-02,-3.520427737385034561e-03,6.373210549354553223e-01,7.695195674896240234e-01,6.720965355634689331e-02,-1.672234535217285156e-01,6.162629276514053345e-02,1.430074423551559448e-01,-4.442482292652130127e-01,5.589355155825614929e-02,-5.293301939964294434e-01,-6.092198491096496582e-01,-1.793479174375534058e-01,5.577319264411926270e-01,2.258247286081314087e-01,2.617999911308288574e-01,7.785126566886901855e-02,-4.414518550038337708e-02,3.207404166460037231e-02,-8.669487386941909790e-02,1.028600335121154785e+00,-9.264346957206726074e-01,-2.948966324329376221e-01,3.580706715583801270e-01,-5.077878236770629883e-01,6.557822823524475098e-01,-3.207349777221679688e-02,-1.035653114318847656e+00,9.931244850158691406e-01,-3.049892783164978027e-01,-1.662968695163726807e-01,-3.896117210388183594e-01,-2.753432691097259521e-01
-1.426108032464981079e-01,4.488894343376159668e-02,7.612900733947753906e-01,4.043869301676750183e-02,-4.369216971099376678e-03,6.394340991973876953e-01,7.677692770957946777e-01,7.027249783277511597e-02,-1.649151444435119629e-01,5.932383239269256592e-02,1.462110728025436401e-01,-4.465914964675903320e-01,5.434568226337432861e-02,-5.272465944290161133e-01,-6.062831878662109375e-01,-1.631139069795608521e-01,5.704400539398193359e-01,2.191552966833114624e-01,2.617999911308288574e-01,7.853936403989791870e-02,-4.519917443394660950e-02,2.627195790410041809e-02,-7.627175003290176392e-02,1.028010487556457520e+00,-9.280734062194824219e-01,-2.950662374496459961e-01,3.491957187652587891e-01,-5.103352665901184082e-01,6.401919126510620117e-01,-1.160707324743270874e-02,-1.031523108482360840e+00,9.876699447631835938e-01,-3.010782301425933838e-01,-1.556406170129776001e-01,-3.875404000282287598e-01,-2.679952681064605713e-01
-1.412294656038284302e-01,4.682324454188346863e-02,7.618603706359863281e-01,3.949172049760818481e-02,-4.276955965906381607e-03,6.402304768562316895e-01,7.671551704406738281e-01,7.275336235761642456e-02,-1.617333590984344482e-01,5.937719345092773438e-02,1.453831940889358521e-01,-4.444606900215148926e-01,5.057753250002861023e-02,-5.159333348274230957e-01,-5.987163782119750977e-01,-1.548336297273635864e-01,5.627670288085937500e-01,2.171189039945602417e-01,2.617999911308288574e-01,8.011654019355773926e-02,-4.459057375788688660e-02,2.616321668028831482e-02,-7.014758139848709106e-02,1.035226583480834961e+00,-9.241097569465637207e-01,-2.980926632881164551e-01,3.297382295131683350e-01,-5.112932920455932617e-01,6.212775707244873047e-01,3.010643646121025085e-03,-1.031104326248168945e+00,9.747654199600219727e-01,-3.058862984180450439e-01,-1.426709741353988647e-01,-3.861181139945983887e-01,-2.592183053493499756e-01
-1.394253969192504883e-01,4.893926531076431274e-02,7.618920207023620605e-01,3.920894116163253784e-02,-3.791985101997852325e-03,6.398108601570129395e-01,7.675222158432006836e-01,7.381969690322875977e-02,-1.591015160083770752e-01,6.218330562114715576e-02,1.490726768970489502e-01,-4.457265138626098633e-01,4.713860526680946350e-02,-5.158617496490478516e-01,-5.934094190597534180e-01,-1.421389281749725342e-01,5.719578266143798828e-01,2.057074755430221558e-01,2.617999911308288574e-01,8.280799537897109985e-02,-4.477346315979957581e-02,1.961531117558479309e-02,-5.744212865829467773e-02,1.037083745002746582e+00,-9.219851493835449219e-01,-2.977685034275054932e-01,3.267345428466796875e-01,-5.100079178810119629e-01,6.154233217239379883e-01,2.057337574660778046e-02,-1.026209592819213867e+00,9.666319489479064941e-01,-3.050134181976318359e-01,-1.409730017185211182e-01,-3.839689493179321289e-01,-2.624047994613647461e-01
-1.378110051155090332e-01,5.159723013639450073e-02,7.619374990463256836e-01,3.917150571942329407e-02,-2.199262613430619240e-03,6.400835514068603516e-01,7.673029303550720215e-01,7.376609742641448975e-02,-1.596981287002563477e-01,6.128609925508499146e-02,1.530643254518508911e-01,-4.462233483791351318e-01,4.518286138772964478e-02,-5.112256407737731934e-01,-5.905744433403015137e-01,-1.291191428899765015e-01,5.749542117118835449e-01,1.900990605354309082e-01,2.617999911308288574e-01,8.423656225204467773e-02,-4.547861218452453613e-02,1.467137690633535385e-02,-4.623242840170860291e-02,1.042739033699035645e+00,-9.190550446510314941e-01,-2.982560992240905762e-01,3.251000344753265381e-01,-5.081059932708740234e-01,6.091697216033935547e-01,3.537565469741821289e-02,-1.022769570350646973e+00,9.584881067276000977e-01,-3.073599934577941895e-01,-1.435017287731170654e-01,-3.822552263736724854e-01,-2.637969851493835449e-01
-1.363061815500259399e-01,5.308470129966735840e-02,7.619475126266479492e-01,4.044634103775024414e-02,-1.418056199327111244e-03,6.392236351966857910e-01,7.679552435874938965e-01,7.648365944623947144e-02,-1.606195569038391113e-01,6.487535685300827026e-02,1.546814888715744019e-01,-4.452219009399414062e-01,4.040762409567832947e-02,-5.081356167793273926e-01,-5.913533568382263184e-01,-1.264173686504364014e-01,5.809307694435119629e-01,1.779864132404327393e-01,2.617999911308288574e-01,8.878818154335021973e-02,-4.723512381315231323e-02,1.109218876808881760e-02,-3.855962306261062622e-02,1.049666166305541992e+00,-9.135398268699645996e-01,-2.994322478771209717e-01,3.287548124790191650e-01,-5.059035420417785645e-01,6.037831306457519531e-01,4.587452486157417297e-02,-1.019289970397949219e+00,9.516807198524475098e-01,-3.099593520164489746e-01,-1.476633399724960327e-01,-3.792642951011657715e-01,-2.683840990066528320e-01
-1.354265511035919189e-01,5.413705855607986450e-02,7.617506980895996094e-01,4.301465675234794617e-02,-4.013256402686238289e-04,6.393522620201110840e-01,7.677097320556640625e-01,8.125990629196166992e-02,-1.656122505664825439e-01,6.530685722827911377e-02,1.527017652988433838e-01,-4.420773983001708984e-01,3.631753101944923401e-02,-5.040487051010131836e-01,-5.975223183631896973e-01,-1.216123104095458984e-01,5.858700871467590332e-01,1.679962724447250366e-01,2.617999911308288574e-01,9.176673740148544312e-02,-5.052268132567405701e-02,9.641070850193500519e-03,-3.389903530478477478e-02,1.056008815765380859e+00,-9.090744256973266602e-01,-3.003959059715270996e-01,3.328609764575958252e-01,-5.046318769454956055e-01,6.008377671241760254e-01,5.217470228672027588e-02,-1.015557408332824707e+00,9.476550817489624023e-01,-3.129452764987945557e-01,-1.522513478994369507e-01,-3.779846429824829102e-01,-2.737281322479248047e-01
-1.351622045040130615e-01,5.463035777211189270e-02,7.614530324935913086e-01,4.674454778432846069e-02,5.234382697381079197e-04,6.399350166320800781e-01,7.670057415962219238e-01,8.709494024515151978e-02,-1.735647916793823242e-01,6.492583453655242920e-02,1.498460918664932251e-01,-4.378007352352142334e-01,3.284952789545059204e-02,-5.007372498512268066e-01,-6.089760065078735352e-01,-1.199073567986488342e-01,5.917200446128845215e-01,1.628977507352828979e-01,2.617999911308288574e-01,9.346786141395568848e-02,-5.470324680209159851e-02,9.964137338101863861e-03,-3.000846691429615021e-02,1.060502290725708008e+00,-9.029440283775329590e-01,-3.000301718711853027e-01,3.352266550064086914e-01,-5.023354291915893555e-01,5.975890755653381348e-01,5.702598765492439270e-02,-1.011998414993286133e+00,9.430903196334838867e-01,-3.140015006065368652e-01,-1.583135277032852173e-01,-3.761042058467864990e-01,-2.787826061248779297e-01
-1.353578269481658936e-01,5.461284145712852478e-02,7.613359093666076660e-01,5.209464579820632935e-02,1.292721135541796684e-03,6.409881711006164551e-01,7.657797336578369141e-01,9.603854268789291382e-02,-1.852817535400390625e-01,6.206418573856353760e-02,1.434705704450607300e-01,-4.301639199256896973e-01,3.130210936069488525e-02,-4.902541339397430420e-01,-6.261150836944580078e-01,-1.271523684263229370e-01,5.872815251350402832e-01,1.642680168151855469e-01,2.617999911308288574e-01,9.232532232999801636e-02,-6.070353835821151733e-02,1.699834875762462616e-02,-3.242677450180053711e-02,1.068858623504638672e+00,-8.952773213386535645e-01,-3.026853501796722412e-01,3.341824710369110107e-01,-5.013618469238281250e-01,5.917530655860900879e-01,5.310693383216857910e-02,-1.011800050735473633e+00,9.392972588539123535e-01,-3.193132877349853516e-01,-1.631349325180053711e-01,-3.749096393585205078e-01,-2.814355194568634033e-01
-1.352396607398986816e-01,5.428699404001235962e-02,7.606613039970397949e-01,5.745781958103179932e-02,1.591844367794692516e-03,6.416938304901123047e-01,7.648039460182189941e-01,1.018478497862815857e-01,-1.949950754642486572e-01,6.221419200301170349e-02,1.449978351593017578e-01,-4.275727868080139160e-01,2.844710275530815125e-02,-4.927615821361541748e-01,-6.439658999443054199e-01,-1.282444149255752563e-01,6.021889448165893555e-01,1.621789634227752686e-01,2.617999911308288574e-01,9.398297965526580811e-02,-6.447073817253112793e-02,1.965625025331974030e-02,-2.741370163857936859e-02,1.068202257156372070e+00,-8.894097805023193359e-01,-2.986284792423248291e-01,3.355689048767089844e-01,-4.986807405948638916e-01,5.865136981010437012e-01,5.921603739261627197e-02,-1.006839632987976074e+00,9.376386404037475586e-01,-3.160938918590545654e-01,-1.664257645606994629e-01,-3.716908991336822510e-01,-2.841874063014984131e-01
-1.358021646738052368e-01,5.267324671149253845e-02,7.608743906021118164e-01,6.187894940376281738e-02,1.564372098073363304e-03,6.421629786491394043e-01,7.640649676322937012e-01,1.088410541415214539e-01,-2.034184187650680542e-01,6.212636828422546387e-02,1.374769508838653564e-01,-4.185429215431213379e-01,2.446758374571800232e-02,-4.826295673847198486e-01,-6.586378216743469238e-01,-1.437483578920364380e-01,5.910766720771789551e-01,1.780938953161239624e-01,2.617999911308288574e-01,9.414557367563247681e-02,-6.957069784402847290e-02,2.921361289918422699e-02,-3.522225096821784973e-02,1.074357628822326660e+00,-8.783363699913024902e-01,-2.998893260955810547e-01,3.259151875972747803e-01,-4.962978959083557129e-01,5.784437656402587891e-01,5.142394825816154480e-02,-1.005579590797424316e+00,9.324671626091003418e-01,-3.168824911117553711e-01,-1.623999923467636108e-01,-3.682059049606323242e-01,-2.851428687572479248e-01
-1.357953995466232300e-01,5.091189593076705933e-02,7.606779932975769043e-01,6.573993712663650513e-02,8.771661086939275265e-04,6.411832571029663086e-01,7.645662426948547363e-01,1.122809052467346191e-01,-2.081815898418426514e-01,6.533694267272949219e-02,1.387362778186798096e-01,-4.145201444625854492e-01,2.021340094506740570e-02,-4.867932796478271484e-01,-6.697555184364318848e-01,-1.505611985921859741e-01,5.985385179519653320e-01,1.894542276859283447e-01,2.617999911308288574e-01,9.723898023366928101e-02,-7.193729281425476074e-02,3.268347680568695068e-02,-3.563587367534637451e-02,1.073912262916564941e+00,-8.716022968292236328e-01,-2.973063886165618896e-01,3.212040066719055176e-01,-4.938152432441711426e-01,5.729181170463562012e-01,5.240890011191368103e-02,-1.001909255981445312e+00,9.295253753662109375e-01,-3.122881948947906494e-01,-1.633777022361755371e-01,-3.659537434577941895e-01,-2.861645817756652832e-01
-1.362528502941131592e-01,4.925960302352905273e-02,7.608153223991394043e-01,6.784992665052413940e-02,9.573781862854957581e-04,6.401869654655456543e-01,7.652164101600646973e-01,1.124564260244369507e-01,-2.119654268026351929e-01,6.691102683544158936e-02,1.384202241897583008e-01,-4.102900922298431396e-01,1.856416277587413788e-02,-4.868739545345306396e-01,-6.783232092857360840e-01,-1.616622656583786011e-01,5.925546884536743164e-01,2.069703787565231323e-01,2.617999911308288574e-01,1.004485785961151123e-01,-7.284525036811828613e-02,3.638847544789314270e-02,-4.066303744912147522e-02,1.075627803802490234e+00,-8.639572262763977051e-01,-2.970149517059326172e-01,3.171429336071014404e-01,-4.921355247497558594e-01,5.702121257781982422e-01,4.796693101525306702e-02,-1.000529050827026367e+00,9.273795485496520996e-01,-3.098600506782531738e-01,-1.612353771924972534e-01,-3.647994399070739746e-01,-2.885861396789550781e-01
-1.361989527940750122e-01,4.771587252616882324e-02,7.605573534965515137e-01,7.096431404352188110e-02,1.226603635586798191e-03,6.391635537147521973e-01,7.657888531684875488e-01,1.122547164559364319e-01,-2.169405519962310791e-01,6.875017285346984863e-02,1.420360207557678223e-01,-4.071713984012603760e-01,1.728292182087898254e-02,-4.954335093498229980e-01,-6.903462409973144531e-01,-1.678240448236465454e-01,6.005678772926330566e-01,2.164895683526992798e-01,2.617999911308288574e-01,1.034502908587455750e-01,-7.493904978036880493e-02,3.798185661435127258e-02,-4.172260686755180359e-02,1.075011014938354492e+00,-8.593888282775878906e-01,-2.945268452167510986e-01,3.156180977821350098e-01,-4.914200007915496826e-01,5.694760680198669434e-01,4.840535670518875122e-02,-9.977476596832275391e-01,9.269585609436035156e-01,-3.054727017879486084e-01,-1.638499647378921509e-01,-3.650138080120086670e-01,-2.912942469120025635e-01
-1.363572925329208374e-01,4.632268473505973816e-02,7.606894373893737793e-01,7.243649661540985107e-02,2.207465935498476028e-03,6.387754082679748535e-01,7.659726142883300781e-01,1.106571480631828308e-01,-2.206360697746276855e-01,6.986597925424575806e-02,1.410479098558425903e-01,-4.026622772216796875e-01,1.751238852739334106e-02,-4.981515407562255859e-01,-6.980824470520019531e-01,-1.742673814296722412e-01,5.941117405891418457e-01,2.307069897651672363e-01,2.617999911308288574e-01,1.049753054976463318e-01,-7.699380069971084595e-02,3.969127312302589417e-02,-4.631913453340530396e-02,1.077328205108642578e+00,-8.535218238830566406e-01,-2.943203449249267578e-01,3.153118491172790527e-01,-4.914621412754058838e-01,5.704095959663391113e-01,4.488103091716766357e-02,-9.965895414352416992e-01,9.260578155517578125e-01,-3.036356866359710693e-01,-1.659875661134719849e-01,-3.666153252124786377e-01,-2.944037020206451416e-01
-1.367818415164947510e-01,4.514098539948463440e-02,7.606514096260070801e-01,7.390845566987991333e-02,2.529955934733152390e-03,6.384664773941040039e-01,7.660885453224182129e-01,1.095302626490592957e-01,-2.237673401832580566e-01,7.148670405149459839e-02,1.422056555747985840e-01,-4.003554582595825195e-01,1.853251643478870392e-02,-5.024627447128295898e-01,-7.057011127471923828e-01,-1.791916191577911377e-01,5.930762290954589844e-01,2.391968518495559692e-01,2.617999911308288574e-01,1.066779792308807373e-01,-7.950925081968307495e-02,4.064002260565757751e-02,-5.004855245351791382e-02,1.077456712722778320e+00,-8.495757579803466797e-01,-2.952630221843719482e-01,3.189986348152160645e-01,-4.916262924671173096e-01,5.744988918304443359e-01,4.321939125657081604e-02,-9.956234097480773926e-01,9.277591705322265625e-01,-2.986288368701934814e-01,-1.724649816751480103e-01,-3.680157959461212158e-01,-2.992769181728363037e-01
-1.370814591646194458e-01,4.430080577731132507e-02,7.604440450668334961e-01,7.611227035522460938e-02,5.225997883826494217e-03,6.387627124786376953e-01,7.656120657920837402e-01,1.054726839065551758e-01,-2.316389381885528564e-01,7.499826699495315552e-02,1.442872285842895508e-01,-3.925218284130096436e-01,2.248923853039741516e-02,-5.110795497894287109e-01,-7.170935869216918945e-01,-1.793472617864608765e-01,6.016382575035095215e-01,2.294404953718185425e-01,2.617999911308288574e-01,1.042890250682830811e-01,-8.284965157508850098e-02,4.194050654768943787e-02,-5.485149100422859192e-02,1.075654268264770508e+00,-8.552394509315490723e-01,-2.924199700355529785e-01,3.279287517070770264e-01,-4.930839240550994873e-01,5.747720003128051758e-01,3.933864831924438477e-02,-9.928824901580810547e-01,9.348422884941101074e-01,-2.922087609767913818e-01,-1.841669380664825439e-01,-3.690477013587951660e-01,-3.043417334556579590e-01
