-1.356990076601505280e-02,-3.347787132952362299e-04,2.879086256027221680e+00,2.327770553529262543e-02,-4.617090523242950439e-01,-4.077833294868469238e-01,7.873980402946472168e-01,5.622079372406005859e-01,-2.081270329654216766e-02,-2.360805422067642212e-01,1.192788839340209961e+00,-8.725337982177734375e-01,-2.505861520767211914e-01,3.750668764114379883e-01,-1.076279506087303162e-01,1.520386338233947754e-01,7.551714181900024414e-01,-8.651720881462097168e-01,5.655282735824584961e-02,-4.782005026936531067e-02,1.373645961284637451e-01,-2.302921563386917114e-02,3.432551920413970947e-01,3.766286969184875488e-01,-5.908157229423522949e-01,1.373053938150405884e-01,8.151239901781082153e-02,-3.291492760181427002e-01,-3.595900237560272217e-01,5.623270273208618164e-01,-5.809423923492431641e-01,1.511344164609909058e-01,7.387779355049133301e-01,-4.151635766029357910e-01,2.138255350291728973e-02,-3.073284216225147247e-02
-5.591079592704772949e-03,2.129114605486392975e-02,2.875066518783569336e+00,1.818326301872730255e-02,-4.883005023002624512e-01,-3.872391283512115479e-01,7.818425893783569336e-01,6.306805014610290527e-01,-3.242907300591468811e-02,-1.544807404279708862e-01,1.353089213371276855e+00,-8.548017144203186035e-01,-2.617999911308288574e-01,4.098640382289886475e-01,-9.299218654632568359e-02,1.377019435167312622e-01,8.856710195541381836e-01,-8.726699948310852051e-01,4.756652936339378357e-02,-5.147058889269828796e-02,1.374359726905822754e-01,1.157851293683052063e-01,2.831499874591827393e-01,4.999505579471588135e-01,-5.135400891304016113e-01,1.639881879091262817e-01,7.312408089637756348e-02,-4.620371758937835693e-01,-3.585253059864044189e-01,4.373660981655120850e-01,-6.686845421791076660e-01,9.567091614007949829e-02,7.924962043762207031e-01,-4.274354279041290283e-01,-1.514832973480224609e-01,-1.357764005661010742e-01
-2.639116346836090088e-02,3.537546843290328979e-02,2.869977474212646484e+00,6.289927661418914795e-02,-4.788909256458282471e-01,-2.702693641185760498e-01,8.328635096549987793e-01,6.179121732711791992e-01,-5.798869952559471130e-02,-1.594390422105789185e-01,1.240691661834716797e+00,-8.726699948310852051e-01,-2.521698772907257080e-01,5.095270872116088867e-01,-1.004850566387176514e-01,1.984067410230636597e-01,7.831029295921325684e-01,-8.726699948310852051e-01,4.827357828617095947e-02,-7.008786499500274658e-02,1.507957130670547485e-01,1.870311349630355835e-01,2.483710646629333496e-01,5.170929431915283203e-01,-5.771846175193786621e-01,1.621363759040832520e-01,1.218273583799600601e-02,-4.540333747863769531e-01,-3.544708788394927979e-01,3.449516892433166504e-01,-7.161047458648681641e-01,1.702936440706253052e-01,7.918094396591186523e-01,-4.064847826957702637e-01,-1.530845016241073608e-01,-5.429541319608688354e-02
-2.911575697362422943e-02,5.235056206583976746e-02,2.862519025802612305e+00,7.746759057044982910e-02,-4.820497035980224609e-01,-1.988594383001327515e-01,8.497539758682250977e-01,7.926380038261413574e-01,-1.159706041216850281e-01,-1.849005371332168579e-01,1.051954388618469238e+00,-8.726699948310852051e-01,-2.131547778844833374e-01,6.329414844512939453e-01,-1.295836269855499268e-01,2.421424686908721924e-01,6.809861660003662109e-01,-8.726699948310852051e-01,5.345881730318069458e-02,-1.600808836519718170e-02,5.454409122467041016e-02,2.253717631101608276e-01,1.922085732221603394e-01,6.055608391761779785e-01,-5.454615354537963867e-01,1.441348493099212646e-01,1.144900619983673096e-01,-4.470991492271423340e-01,-3.382125496864318848e-01,3.024116754531860352e-01,-7.123362421989440918e-01,1.747858524322509766e-01,7.829271554946899414e-01,-4.128099083900451660e-01,-1.375056952238082886e-01,-8.781997859477996826e-02
-2.806290052831172943e-02,7.271426916122436523e-02,2.848512172698974609e+00,5.675847455859184265e-02,-4.804181158542633057e-01,-1.607972234487533569e-01,8.603029847145080566e-01,9.324289560317993164e-01,-8.457339555025100708e-02,-1.762246042490005493e-01,9.490063786506652832e-01,-8.726699948310852051e-01,-2.195602357387542725e-01,7.362169623374938965e-01,-9.391012787818908691e-02,2.604733705520629883e-01,6.311811208724975586e-01,-8.726699948310852051e-01,6.417821347713470459e-02,-4.731510952115058899e-02,-1.253246515989303589e-02,2.869150638580322266e-01,3.349204733967781067e-02,6.831521987915039062e-01,-5.777590870857238770e-01,4.885798394680023193e-01,2.689229547977447510e-01,-2.916542291641235352e-01,-3.862003386020660400e-01,2.099580168724060059e-01,-7.188914418220520020e-01,2.588176131248474121e-01,7.875102162361145020e-01,-4.053165614604949951e-01,-9.649468213319778442e-02,-1.773386448621749878e-02
-3.398890048265457153e-02,8.789813518524169922e-02,2.844157457351684570e+00,8.689249306917190552e-02,-4.007757902145385742e-01,-4.300789535045623779e-02,9.110317230224609375e-01,7.992278933525085449e-01,-8.656654506921768188e-02,-1.836246401071548462e-01,9.433767199516296387e-01,-8.726699948310852051e-01,-1.395035684108734131e-01,6.743394732475280762e-01,-8.017387241125106812e-02,2.198558300733566284e-01,6.697661280632019043e-01,-8.726699948310852051e-01,5.208722129464149475e-02,-8.528327941894531250e-02,2.052288502454757690e-03,4.285601973533630371e-01,-8.233279734849929810e-02,6.263313889503479004e-01,-6.157637834548950195e-01,7.740122079849243164e-01,3.760343492031097412e-01,-2.432905137538909912e-01,-4.062247574329376221e-01,7.738520950078964233e-02,-7.010799050331115723e-01,3.521315455436706543e-01,7.968929409980773926e-01,-3.488460183143615723e-01,-1.122397407889366150e-01,3.168102726340293884e-02
-4.532030969858169556e-02,1.065879091620445251e-01,2.838511943817138672e+00,1.245600506663322449e-01,-3.375896215438842773e-01,4.586868733167648315e-02,9.318873882293701172e-01,6.288630962371826172e-01,-2.002670615911483765e-01,-2.279281914234161377e-01,9.780682325363159180e-01,-8.726699948310852051e-01,-2.556557394564151764e-02,5.049937963485717773e-01,-1.230336278676986694e-01,2.519142627716064453e-01,9.081392288208007812e-01,-8.726699948310852051e-01,1.392962932586669922e-01,-1.061550974845886230e-01,-1.060283184051513672e-01,4.813881516456604004e-01,-1.533676385879516602e-01,5.467370748519897461e-01,-6.359276175498962402e-01,1.017777800559997559e+00,4.695298671722412109e-01,-1.704033166170120239e-01,-3.640855550765991211e-01,-3.419544082134962082e-03,-6.511629819869995117e-01,4.483789801597595215e-01,8.234401345252990723e-01,-2.566092908382415771e-01,-8.713371306657791138e-02,7.624910771846771240e-02
-7.949202507734298706e-02,1.348849236965179443e-01,2.823514461517333984e+00,1.778569668531417847e-01,-3.407189548015594482e-01,7.571539282798767090e-02,9.200786352157592773e-01,6.816121339797973633e-01,-3.639461696147918701e-01,-2.449388355016708374e-01,7.954131960868835449e-01,-8.726699948310852051e-01,7.487601786851882935e-02,4.877902567386627197e-01,-2.761482596397399902e-01,2.839865088462829590e-01,9.680827260017395020e-01,-8.726699948310852051e-01,1.918462812900543213e-01,-7.353762537240982056e-02,-2.198683768510818481e-01,5.199990868568420410e-01,-1.226238533854484558e-01,4.893713593482971191e-01,-6.267121434211730957e-01,1.063982844352722168e+00,4.753930866718292236e-01,-1.534100621938705444e-01,-3.349997401237487793e-01,1.149476598948240280e-02,-6.165351271629333496e-01,4.645692408084869385e-01,8.418736457824707031e-01,-2.527781724929809570e-01,-7.270728796720504761e-02,8.826443552970886230e-02
-8.388338238000869751e-02,1.958263069391250610e-01,2.804100751876831055e+00,2.087357789278030396e-01,-3.068412840366363525e-01,1.298044025897979736e-01,9.194719195365905762e-01,7.680355906486511230e-01,-5.204195380210876465e-01,-3.587187528610229492e-01,5.494946837425231934e-01,-8.726699948310852051e-01,1.926501095294952393e-01,4.032464623451232910e-01,-3.949335217475891113e-01,3.610221147537231445e-01,1.136870861053466797e+00,-7.984181046485900879e-01,2.616022229194641113e-01,-7.650754600763320923e-02,-3.697004020214080811e-01,5.199999809265136719e-01,-1.253786385059356689e-01,4.607742428779602051e-01,-6.392255425453186035e-01,1.092167496681213379e+00,5.065911412239074707e-01,-1.363905072212219238e-01,-2.935177385807037354e-01,5.220077931880950928e-02,-5.923330187797546387e-01,4.973702132701873779e-01,8.861917853355407715e-01,-2.240376323461532593e-01,-5.379355326294898987e-02,8.205614238977432251e-02
-1.378013640642166138e-01,1.446241885423660278e-01,2.789621353149414062e+00,2.305261641740798950e-01,-2.645179927349090576e-01,1.583717465400695801e-01,9.229335188865661621e-01,5.780931711196899414e-01,-5.235499739646911621e-01,-4.476293325424194336e-01,4.741789698600769043e-01,-8.726699948310852051e-01,2.617999911308288574e-01,2.325961291790008545e-01,-4.388686120510101318e-01,3.581151068210601807e-01,9.994071722030639648e-01,-8.726699948310852051e-01,2.617999911308288574e-01,-1.002723574638366699e-01,-4.879637062549591064e-01,5.198665857315063477e-01,-1.626621931791305542e-01,4.349557459354400635e-01,-5.855835676193237305e-01,1.177320241928100586e+00,4.703653454780578613e-01,-1.256653070449829102e-01,-1.637465655803680420e-01,1.864984515123069286e-04,-5.193725824356079102e-01,5.520793199539184570e-01,9.020807743072509766e-01,-1.996399313211441040e-01,-3.511422872543334961e-02,8.456805348396301270e-02
-1.281307488679885864e-01,1.552009284496307373e-01,2.760096073150634766e+00,2.434363067150115967e-01,-2.235830575227737427e-01,1.626014560461044312e-01,9.296827912330627441e-01,7.115471959114074707e-01,-4.883217513561248779e-01,-5.864403843879699707e-01,1.372281461954116821e-01,-8.726699948310852051e-01,2.617999911308288574e-01,1.296472698450088501e-01,-4.883507192134857178e-01,4.074459671974182129e-01,9.777816534042358398e-01,-8.658617138862609863e-01,2.617999911308288574e-01,-9.216162562370300293e-02,-5.199910402297973633e-01,4.849908053874969482e-01,-1.788435727357864380e-01,4.045414328575134277e-01,-5.541830062866210938e-01,1.177221536636352539e+00,4.505901634693145752e-01,-1.335840374231338501e-01,-1.483501791954040527e-01,5.626618396490812302e-03,-4.880175590515136719e-01,5.066641569137573242e-01,9.288824796676635742e-01,-1.752089262008666992e-01,-2.559399232268333435e-02,7.253961265087127686e-02
-1.289274990558624268e-01,1.328478455543518066e-01,2.740813970565795898e+00,2.251625806093215942e-01,-2.051976621150970459e-01,1.593318134546279907e-01,9.390469193458557129e-01,6.493553519248962402e-01,-4.072179794311523438e-01,-5.791484117507934570e-01,1.147880554199218750e-01,-8.726699948310852051e-01,2.617999911308288574e-01,5.360034108161926270e-02,-4.232215583324432373e-01,4.069039523601531982e-01,9.283309578895568848e-01,-8.133119344711303711e-01,2.617999911308288574e-01,-8.778532594442367554e-02,-5.199999809265136719e-01,4.833116829395294189e-01,-1.939747333526611328e-01,4.157201945781707764e-01,-5.260728597640991211e-01,1.195798873901367188e+00,4.445561170578002930e-01,-1.469859927892684937e-01,-1.232834383845329285e-01,1.270150952041149139e-02,-4.622396826744079590e-01,4.791865050792694092e-01,9.280560612678527832e-01,-1.301330327987670898e-01,-3.422633185982704163e-02,6.982784718275070190e-02
-1.479343175888061523e-01,1.552798748016357422e-01,2.721945047378540039e+00,1.954933702945709229e-01,-1.890424937009811401e-01,1.453938931226730347e-01,9.512653946876525879e-01,5.504008531570434570e-01,-4.208365082740783691e-01,-5.420392751693725586e-01,1.772832572460174561e-01,-8.726699948310852051e-01,2.617999911308288574e-01,8.263429044745862484e-04,-3.963120877742767334e-01,3.892832100391387939e-01,8.617749810218811035e-01,-7.074856758117675781e-01,2.617999911308288574e-01,-1.013591811060905457e-01,-5.196860432624816895e-01,4.479064643383026123e-01,-1.923366487026214600e-01,4.444077610969543457e-01,-4.993578195571899414e-01,1.196446418762207031e+00,4.103535413742065430e-01,-1.419744044542312622e-01,-1.130223870277404785e-01,7.827487774193286896e-03,-4.630311429500579834e-01,4.701222777366638184e-01,9.238983392715454102e-01,-1.034574210643768311e-01,-3.513208031654357910e-02,7.767039537429809570e-02
-1.404826790094375610e-01,1.344589143991470337e-01,2.700299024581909180e+00,2.099369317293167114e-01,-1.429016590118408203e-01,1.652553081512451172e-01,9.529933333396911621e-01,5.256769657135009766e-01,-3.714175224304199219e-01,-6.051555275917053223e-01,5.732098594307899475e-02,-8.726699948310852051e-01,2.617999911308288574e-01,-1.118637993931770325e-01,-4.257023334503173828e-01,3.748129308223724365e-01,8.641822934150695801e-01,-6.672759056091308594e-01,2.617999911308288574e-01,-1.259282678365707397e-01,-5.199999809265136719e-01,3.859131038188934326e-01,-1.738750189542770386e-01,4.274693131446838379e-01,-5.004547238349914551e-01,1.171807408332824707e+00,4.370891451835632324e-01,-1.424574106931686401e-01,-1.049615591764450073e-01,2.954448759555816650e-02,-4.475739300251007080e-01,4.426651895046234131e-01,9.237515330314636230e-01,-1.158842369914054871e-01,-2.947394363582134247e-02,7.253217697143554688e-02
-1.317784190177917480e-01,1.254788190126419067e-01,2.686315059661865234e+00,2.031704783439636230e-01,-1.349188387393951416e-01,1.482354998588562012e-01,9.584074616432189941e-01,4.410067498683929443e-01,-3.714675307273864746e-01,-5.210574865341186523e-01,1.894347369670867920e-01,-8.726699948310852051e-01,2.617999911308288574e-01,-8.060736954212188721e-02,-4.146498441696166992e-01,3.524903655052185059e-01,8.111004233360290527e-01,-6.686899065971374512e-01,2.617999911308288574e-01,-1.204753294587135315e-01,-5.199999809265136719e-01,3.570046722888946533e-01,-1.623334884643554688e-01,4.512041211128234863e-01,-4.744966328144073486e-01,1.173972606658935547e+00,4.372587800025939941e-01,-1.282588988542556763e-01,-1.101028919219970703e-01,3.937571868300437927e-02,-4.645348489284515381e-01,4.284320771694183350e-01,9.211295843124389648e-01,-1.001390367746353149e-01,-2.991113625466823578e-02,8.302942663431167603e-02
-1.241516247391700745e-01,1.109955832362174988e-01,2.666912794113159180e+00,2.122891843318939209e-01,-1.143499165773391724e-01,1.534672230482101440e-01,9.582824110984802246e-01,4.829749166965484619e-01,-3.083785474300384521e-01,-5.488278865814208984e-01,3.887289762496948242e-02,-8.726699948310852051e-01,2.617999911308288574e-01,-1.243759915232658386e-01,-4.378716647624969482e-01,3.385306000709533691e-01,8.339335918426513672e-01,-6.960691809654235840e-01,2.617999911308288574e-01,-1.310042291879653931e-01,-5.199999809265136719e-01,3.339570760726928711e-01,-1.604550778865814209e-01,4.434976577758789062e-01,-4.799935221672058105e-01,1.168355822563171387e+00,4.404168426990509033e-01,-1.295933127403259277e-01,-1.082892641425132751e-01,4.290299117565155029e-02,-4.678301513195037842e-01,4.011346399784088135e-01,9.319084882736206055e-01,-9.518383443355560303e-02,-2.405470795929431915e-02,7.162740826606750488e-02
-1.193460375070571899e-01,1.040832251310348511e-01,2.652708292007446289e+00,2.027432322502136230e-01,-1.012850105762481689e-01,1.382058560848236084e-01,9.641243219375610352e-01,4.862504899501800537e-01,-2.523185908794403076e-01,-4.963844716548919678e-01,-2.809483371675014496e-02,-8.726699948310852051e-01,2.617999911308288574e-01,-1.128081455826759338e-01,-4.270836710929870605e-01,3.179172277450561523e-01,8.030143380165100098e-01,-7.217382788658142090e-01,2.561310827732086182e-01,-1.188578084111213684e-01,-5.195751786231994629e-01,2.996423840522766113e-01,-1.396602541208267212e-01,4.658487737178802490e-01,-4.646791219711303711e-01,1.172464609146118164e+00,4.361111521720886230e-01,-1.214564740657806396e-01,-1.103251576423645020e-01,4.108511283993721008e-02,-4.738852977752685547e-01,3.882061243057250977e-01,9.490540623664855957e-01,-8.621728420257568359e-02,-1.640786416828632355e-02,8.475405722856521606e-02
-1.282545477151870728e-01,9.545669704675674438e-02,2.635887861251831055e+00,2.042367309331893921e-01,-9.308321774005889893e-02,1.515573412179946899e-01,9.626283049583435059e-01,4.707098901271820068e-01,-2.182053029537200928e-01,-5.029996633529663086e-01,-8.327085524797439575e-02,-8.726699948310852051e-01,2.617999911308288574e-01,-1.355336755514144897e-01,-4.470789134502410889e-01,2.738469839096069336e-01,8.475406765937805176e-01,-7.500973939895629883e-01,2.422755956649780273e-01,-1.352147907018661499e-01,-5.195598006248474121e-01,2.883149087429046631e-01,-1.291521638631820679e-01,4.682624340057373047e-01,-4.716566503047943115e-01,1.178006887435913086e+00,4.393974840641021729e-01,-1.176484599709510803e-01,-1.100159510970115662e-01,4.328940436244010925e-02,-4.632367491722106934e-01,3.757175207138061523e-01,9.588180780410766602e-01,-8.810796588659286499e-02,-1.021529175341129303e-02,8.058682829141616821e-02
-1.361633837223052979e-01,8.942376077175140381e-02,2.619249343872070312e+00,2.054741978645324707e-01,-6.752421706914901733e-02,1.878540068864822388e-01,9.580875039100646973e-01,3.809348940849304199e-01,-2.168138176202774048e-01,-5.378028154373168945e-01,-8.723933994770050049e-02,-8.726699948310852051e-01,2.617999911308288574e-01,-1.835549026727676392e-01,-4.992591738700866699e-01,1.787363588809967041e-01,9.230673909187316895e-01,-7.856846451759338379e-01,2.294085472822189331e-01,-1.996534615755081177e-01,-5.199595689773559570e-01,2.478406727313995361e-01,-1.132238507270812988e-01,4.612757861614227295e-01,-4.883132576942443848e-01,1.183990120887756348e+00,4.392078518867492676e-01,-1.117424443364143372e-01,-1.073355227708816528e-01,4.887251555919647217e-02,-4.339572787284851074e-01,3.517310321331024170e-01,9.757717847824096680e-01,-9.064832329750061035e-02,2.345402259379625320e-03,6.655681878328323364e-02
-1.596160233020782471e-01,9.069482982158660889e-02,2.611513137817382812e+00,1.843548715114593506e-01,-4.587361961603164673e-02,1.717247217893600464e-01,9.666537642478942871e-01,2.840653955936431885e-01,-1.959361582994461060e-01,-4.432610571384429932e-01,-8.726699650287628174e-02,-8.726699948310852051e-01,2.617999911308288574e-01,-2.178877890110015869e-01,-4.643115699291229248e-01,1.277914941310882568e-01,8.764209151268005371e-01,-7.629184722900390625e-01,1.874688565731048584e-01,-2.126958966255187988e-01,-4.678026735782623291e-01,1.717030555009841919e-01,-7.694163918495178223e-02,4.389013946056365967e-01,-4.667904078960418701e-01,1.204624295234680176e+00,4.320429265499114990e-01,-9.727636724710464478e-02,-1.054356321692466736e-01,1.726605929434299469e-02,-4.381354153156280518e-01,3.703091144561767578e-01,9.920427203178405762e-01,-1.087844222784042358e-01,1.544080767780542374e-02,7.548565417528152466e-02
-1.662515401840209961e-01,9.775905311107635498e-02,2.598750829696655273e+00,1.821555048227310181e-01,-9.592089802026748657e-03,2.074873447418212891e-01,9.610808491706848145e-01,1.873760819435119629e-01,-2.259434461593627930e-01,-4.719907343387603760e-01,-8.726699650287628174e-02,-8.726699948310852051e-01,2.617999911308288574e-01,-2.768168747425079346e-01,-5.277742743492126465e-01,3.101813793182373047e-02,9.373401403427124023e-01,-7.931857705116271973e-01,1.861888468265533447e-01,-2.928594052791595459e-01,-4.633874297142028809e-01,1.020489037036895752e-01,-7.820075005292892456e-02,4.439260959625244141e-01,-4.782793819904327393e-01,1.205571293830871582e+00,4.271609187126159668e-01,-9.446401149034500122e-02,-9.455122798681259155e-02,1.882396079599857330e-02,-4.013257026672363281e-01,3.443956077098846436e-01,9.939540028572082520e-01,-1.062439605593681335e-01,1.726993918418884277e-02,5.729668959975242615e-02
-1.801620721817016602e-01,1.007235422730445862e-01,2.592568159103393555e+00,1.633123606443405151e-01,2.420029522909317166e-05,1.754271835088729858e-01,9.708523750305175781e-01,1.466993391513824463e-01,-1.959481984376907349e-01,-3.655031621456146240e-01,-8.726699650287628174e-02,-8.726699948310852051e-01,2.617999911308288574e-01,-2.876186668872833252e-01,-4.634351134300231934e-01,2.886943891644477844e-02,8.774328231811523438e-01,-7.738047838211059570e-01,1.610827744007110596e-01,-2.552918791770935059e-01,-3.949165046215057373e-01,6.333415955305099487e-02,-4.788620024919509888e-02,4.103271961212158203e-01,-4.441878795623779297e-01,1.216017484664916992e+00,4.012890160083770752e-01,-9.777938574552536011e-02,-9.596274048089981079e-02,1.152122349594719708e-04,-4.209374785423278809e-01,3.794028759002685547e-01,9.970009922981262207e-01,-1.103044375777244568e-01,1.803014241158962250e-02,5.584956333041191101e-02
-1.880882382392883301e-01,1.150363460183143616e-01,2.583289861679077148e+00,1.559875160455703735e-01,1.525993365794420242e-02,1.810466200113296509e-01,9.709053039550781250e-01,1.093420982360839844e-01,-2.147115170955657959e-01,-3.541017770767211914e-01,-8.726699650287628174e-02,-8.726699948310852051e-01,2.617999911308288574e-01,-3.086151182651519775e-01,-4.802748858928680420e-01,-3.067320445552468300e-03,8.871226310729980469e-01,-7.818797826766967773e-01,1.605580747127532959e-01,-2.820204198360443115e-01,-3.694417774677276611e-01,2.325946278870105743e-02,-5.288150161504745483e-02,4.161963164806365967e-01,-4.418566524982452393e-01,1.218558788299560547e+00,3.911878466606140137e-01,-9.641624987125396729e-02,-8.782267570495605469e-02,-7.325369399040937424e-03,-4.026275277137756348e-01,3.662537038326263428e-01,9.943073987960815430e-01,-1.031059399247169495e-01,1.554381940513849258e-02,4.944849386811256409e-02
-1.943344771862030029e-01,1.221005022525787354e-01,2.571900606155395508e+00,1.526043713092803955e-01,3.117091581225395203e-02,1.854710876941680908e-01,9.702271819114685059e-01,6.514804810285568237e-02,-2.280643433332443237e-01,-3.390403389930725098e-01,-8.726699650287628174e-02,-8.726699948310852051e-01,2.617999911308288574e-01,-3.319584131240844727e-01,-4.947054386138916016e-01,-3.526420518755912781e-02,8.871021866798400879e-01,-7.895826697349548340e-01,1.544324457645416260e-01,-2.972006499767303467e-01,-3.513242006301879883e-01,-9.949333965778350830e-03,-5.034446343779563904e-02,4.101369082927703857e-01,-4.324467778205871582e-01,1.222388029098510742e+00,3.750224709510803223e-01,-9.612111002206802368e-02,-8.419277518987655640e-02,-1.298394240438938141e-02,-3.875887989997863770e-01,3.613509535789489746e-01,9.950191974639892578e-01,-9.951084852218627930e-02,1.518966909497976303e-02,4.427298158407211304e-02
-2.007042914628982544e-01,1.271560192108154297e-01,2.559816598892211914e+00,1.501922160387039185e-01,4.650818929076194763e-02,1.911719739437103271e-01,9.688821434974670410e-01,1.804111525416374207e-02,-2.395609617233276367e-01,-3.256697952747344971e-01,-8.726699650287628174e-02,-8.726699948310852051e-01,2.617999911308288574e-01,-3.562343120574951172e-01,-5.086491703987121582e-01,-6.367290765047073364e-02,8.824154734611511230e-01,-8.036426305770874023e-01,1.421091705560684204e-01,-3.100374639034271240e-01,-3.326434493064880371e-01,-4.167591035366058350e-02,-4.805032536387443542e-02,4.016121625900268555e-01,-4.210366308689117432e-01,1.224170684814453125e+00,3.564682602882385254e-01,-9.834466874599456787e-02,-8.295616507530212402e-02,-1.829756982624530792e-02,-3.735989332199096680e-01,3.582192957401275635e-01,9.974963068962097168e-01,-9.547781199216842651e-02,1.469126995652914047e-02,4.161614552140235901e-02
-2.071371376514434814e-01,1.296396106481552124e-01,2.542640686035156250e+00,1.376214474439620972e-01,8.660715818405151367e-02,2.335463762283325195e-01,9.586530327796936035e-01,-1.041931062936782837e-01,-2.517347037792205811e-01,-3.728655576705932617e-01,-8.726699650287628174e-02,-8.726699948310852051e-01,2.617999911308288574e-01,-4.344275295734405518e-01,-5.553146600723266602e-01,-1.565090268850326538e-01,9.184494018554687500e-01,-8.466050624847412109e-01,1.238847970962524414e-01,-3.819502890110015869e-01,-3.025322854518890381e-01,-1.065854504704475403e-01,-4.928478971123695374e-02,3.869205117225646973e-01,-4.249506294727325439e-01,1.220339298248291016e+00,3.397791683673858643e-01,-1.042299345135688782e-01,-7.799866050481796265e-02,-1.271636597812175751e-02,-3.385594189167022705e-01,3.461599946022033691e-01,1.006312608718872070e+00,-8.864005655050277710e-02,1.582857966423034668e-02,3.169144690036773682e-02
-2.180003821849822998e-01,1.300973296165466309e-01,2.533967494964599609e+00,1.388348639011383057e-01,6.834674626588821411e-02,1.890714019536972046e-01,9.696935415267944336e-01,-8.094903826713562012e-02,-2.303735762834548950e-01,-2.686366736888885498e-01,-8.726699650287628174e-02,-8.726699948310852051e-01,2.617999911308288574e-01,-3.889255225658416748e-01,-4.934519231319427490e-01,-1.070940792560577393e-01,8.199805617332458496e-01,-8.252211809158325195e-01,9.224470704793930054e-02,-2.907697558403015137e-01,-2.814137935638427734e-01,-7.932878285646438599e-02,-3.209627792239189148e-02,3.595191538333892822e-01,-4.009678363800048828e-01,1.221812367439270020e+00,2.991261482238769531e-01,-1.203190162777900696e-01,-8.844506740570068359e-02,-3.592386096715927124e-02,-3.641678392887115479e-01,3.845832347869873047e-01,1.041531562805175781e+00,-7.195684313774108887e-02,9.731672704219818115e-03,4.092296957969665527e-02
-2.231556475162506104e-01,1.323696225881576538e-01,2.516822814941406250e+00,1.220037043094635010e-01,1.096021607518196106e-01,2.372642755508422852e-01,9.575009942054748535e-01,-2.029090076684951782e-01,-2.399471551179885864e-01,-3.363553583621978760e-01,-8.726699650287628174e-02,-8.726699948310852051e-01,2.617999911308288574e-01,-4.677031338214874268e-01,-5.340980887413024902e-01,-1.997869163751602173e-01,8.552011251449584961e-01,-8.721218109130859375e-01,7.402271777391433716e-02,-3.754910230636596680e-01,-2.387195825576782227e-01,-1.458741575479507446e-01,-5.440444871783256531e-02,3.683685958385467529e-01,-4.167732596397399902e-01,1.210252761840820312e+00,3.003059327602386475e-01,-1.255984306335449219e-01,-7.887393236160278320e-02,-3.716918081045150757e-02,-3.316939473152160645e-01,3.580535948276519775e-01,1.041957259178161621e+00,-6.672333925962448120e-02,8.929517120122909546e-03,3.136392310261726379e-02
-2.275767475366592407e-01,1.361592411994934082e-01,2.501442193984985352e+00,1.054937317967414856e-01,1.553270965814590454e-01,2.710348963737487793e-01,9.440787434577941895e-01,-3.285508155822753906e-01,-2.560794949531555176e-01,-3.747166395187377930e-01,-8.726699650287628174e-02,-8.726699948310852051e-01,2.617999911308288574e-01,-5.442658662796020508e-01,-5.659846663475036621e-01,-2.722688913345336914e-01,8.337584733963012695e-01,-8.726699352264404297e-01,5.430017411708831787e-02,-4.379451870918273926e-01,-1.886004060506820679e-01,-2.252907752990722656e-01,-7.094540446996688843e-02,3.729581236839294434e-01,-4.198224544525146484e-01,1.203092694282531738e+00,2.943601012229919434e-01,-1.294414550065994263e-01,-7.228989899158477783e-02,-4.119262471795082092e-02,-3.109981119632720947e-01,3.422622084617614746e-01,1.047109127044677734e+00,-6.616742163896560669e-02,9.797577746212482452e-03,2.383826859295368195e-02
-2.356624007225036621e-01,1.346711665391921997e-01,2.490457534790039062e+00,1.335431486368179321e-01,1.148720532655715942e-01,2.015056312084197998e-01,9.635176062583923340e-01,-2.395060509443283081e-01,-2.502937614917755127e-01,-2.228356003761291504e-01,-8.726699650287628174e-02,-8.726699948310852051e-01,2.617999911308288574e-01,-4.812258780002593994e-01,-5.148959755897521973e-01,-1.423023790121078491e-01,7.706522941589355469e-01,-8.692861199378967285e-01,2.736051194369792938e-02,-2.983238995075225830e-01,-2.327318638563156128e-01,-1.791721284389495850e-01,-3.690716624259948730e-02,3.544564545154571533e-01,-3.879503905773162842e-01,1.194701910018920898e+00,2.653267979621887207e-01,-1.374336928129196167e-01,-9.423720836639404297e-02,-5.208116024732589722e-02,-3.480211198329925537e-01,3.884961307048797607e-01,1.087311387062072754e+00,-6.565544009208679199e-02,7.254583295434713364e-03,3.326686471700668335e-02
-2.400398701429367065e-01,1.379095017910003662e-01,2.473788499832153320e+00,1.083017885684967041e-01,1.551327258348464966e-01,2.479100376367568970e-01,9.501290321350097656e-01,-3.585719764232635498e-01,-2.518135011196136475e-01,-2.958678305149078369e-01,-8.726699650287628174e-02,-8.726699948310852051e-01,2.617999911308288574e-01,-5.551702380180358887e-01,-5.419368147850036621e-01,-2.391434162855148315e-01,7.868209481239318848e-01,-8.726695775985717773e-01,6.408466957509517670e-03,-3.739754557609558105e-01,-1.845810562372207642e-01,-2.332288175821304321e-01,-6.244991347193717957e-02,3.653663694858551025e-01,-4.024424552917480469e-01,1.183621644973754883e+00,2.694511711597442627e-01,-1.409665048122406006e-01,-8.609453588724136353e-02,-5.637680366635322571e-02,-3.212020397186279297e-01,3.575317263603210449e-01,1.085532784461975098e+00,-5.787301436066627502e-02,5.014128051698207855e-03,2.562911063432693481e-02
-2.452840209007263184e-01,1.412951350212097168e-01,2.457821846008300781e+00,8.592356741428375244e-02,1.957597136497497559e-01,2.808001637458801270e-01,9.356529712677001953e-01,-4.773738682270050049e-01,-2.612511217594146729e-01,-3.437953293323516846e-01,-8.726699650287628174e-02,-8.726699948310852051e-01,2.617999911308288574e-01,-6.207128167152404785e-01,-5.581882596015930176e-01,-3.076702356338500977e-01,7.586731314659118652e-01,-8.726699948310852051e-01,-1.899705827236175537e-02,-4.333907663822174072e-01,-1.287423819303512573e-01,-3.004631698131561279e-01,-8.385521918535232544e-02,3.764373660087585449e-01,-4.074592888355255127e-01,1.177012920379638672e+00,2.683768868446350098e-01,-1.422412395477294922e-01,-7.946175336837768555e-02,-6.362567096948623657e-02,-3.054969906806945801e-01,3.346725702285766602e-01,1.085804462432861328e+00,-5.333451554179191589e-02,4.260388668626546860e-03,1.935678347945213318e-02
-2.481270730495452881e-01,1.440161764621734619e-01,2.441989898681640625e+00,6.425077468156814575e-02,2.359212487936019897e-01,3.054097294807434082e-01,9.202923178672790527e-01,-5.910288691520690918e-01,-2.721047997474670410e-01,-3.832842409610748291e-01,-8.726699650287628174e-02,-8.726699948310852051e-01,2.617999911308288574e-01,-6.809096932411193848e-01,-5.595203042030334473e-01,-3.570536971092224121e-01,7.119514346122741699e-01,-8.726699948310852051e-01,-4.355117678642272949e-02,-4.736222028732299805e-01,-7.134062796831130981e-02,-3.674192130565643311e-01,-9.971667081117630005e-02,3.865109682083129883e-01,-4.064416587352752686e-01,1.174757599830627441e+00,2.662045657634735107e-01,-1.410639882087707520e-01,-7.435756176710128784e-02,-6.970047950744628906e-02,-2.955535650253295898e-01,3.208438456058502197e-01,1.088942408561706543e+00,-5.149761959910392761e-02,5.162469577044248581e-03,1.397798024117946625e-02
-2.618750929832458496e-01,1.362864524126052856e-01,2.433482170104980469e+00,1.091091185808181763e-01,1.792715787887573242e-01,2.112660706043243408e-01,9.546326994895935059e-01,-4.643820822238922119e-01,-2.361928820610046387e-01,-1.798240989446640015e-01,-8.726699650287628174e-02,-8.726699948310852051e-01,2.617999911308288574e-01,-6.161580681800842285e-01,-4.760089218616485596e-01,-1.330962032079696655e-01,6.330068111419677734e-01,-8.726699948310852051e-01,-8.680491149425506592e-02,-2.987278699874877930e-01,-1.541105359792709351e-01,-3.233043253421783447e-01,-5.049549043178558350e-02,3.646771907806396484e-01,-3.651616573333740234e-01,1.179951071739196777e+00,2.417242228984832764e-01,-1.392427235841751099e-01,-8.882727473974227905e-02,-6.895744055509567261e-02,-3.477250635623931885e-01,3.842373192310333252e-01,1.121638655662536621e+00,-5.225133150815963745e-02,7.269752677530050278e-03,2.611553855240345001e-02
-2.690426409244537354e-01,1.392245441675186157e-01,2.418083429336547852e+00,7.544490694999694824e-02,2.180265635251998901e-01,2.468349486589431763e-01,9.411934018135070801e-01,-5.851067900657653809e-01,-2.283738851547241211e-01,-2.452010810375213623e-01,-8.726699650287628174e-02,-8.726699948310852051e-01,2.617999911308288574e-01,-6.700943708419799805e-01,-4.643248319625854492e-01,-2.100775986909866333e-01,5.685939788818359375e-01,-8.726699948310852051e-01,-1.202148422598838806e-01,-3.546240031719207764e-01,-1.006222665309906006e-01,-3.628349304199218750e-01,-7.596651464700698853e-02,3.754837512969970703e-01,-3.792550861835479736e-01,1.169261693954467773e+00,2.466259449720382690e-01,-1.424247622489929199e-01,-8.140826225280761719e-02,-7.880976796150207520e-02,-3.282746374607086182e-01,3.555444478988647461e-01,1.116327881813049316e+00,-4.450417682528495789e-02,4.257990978658199310e-03,2.043141238391399384e-02
-2.765359878540039062e-01,1.411421149969100952e-01,2.402161836624145508e+00,4.463200271129608154e-02,2.547336816787719727e-01,2.707527279853820801e-01,9.272603392601013184e-01,-7.004680037498474121e-01,-2.229476273059844971e-01,-2.917469441890716553e-01,-8.726699650287628174e-02,-8.726699948310852051e-01,2.617999911308288574e-01,-7.099313735961914062e-01,-4.363143444061279297e-01,-2.604112923145294189e-01,4.663156270980834961e-01,-8.726699948310852051e-01,-1.575085371732711792e-01,-3.902019858360290527e-01,-3.871493414044380188e-02,-4.167557656764984131e-01,-1.008191332221031189e-01,3.900309205055236816e-01,-3.849557936191558838e-01,1.163287639617919922e+00,2.506539225578308105e-01,-1.436418294906616211e-01,-7.394063472747802734e-02,-9.120908379554748535e-02,-3.121633529663085938e-01,3.354067802429199219e-01,1.109774231910705566e+00,-3.947465494275093079e-02,3.230631991755217314e-04,1.561545673757791519e-02
-2.836850285530090332e-01,1.423134952783584595e-01,2.384968996047973633e+00,1.363033428788185120e-02,2.873805165290832520e-01,2.864363491535186768e-01,9.138823151588439941e-01,-8.102489709854125977e-01,-2.116642445325851440e-01,-3.258347213268280029e-01,-8.726699650287628174e-02,-8.726699948310852051e-01,2.617999911308288574e-01,-7.377359271049499512e-01,-3.927792310714721680e-01,-2.984476387500762939e-01,3.487107455730438232e-01,-8.726699948310852051e-01,-1.980386674404144287e-01,-4.120862782001495361e-01,2.258420921862125397e-02,-4.717947840690612793e-01,-1.204194650053977966e-01,4.027306139469146729e-01,-3.851915001869201660e-01,1.161554098129272461e+00,2.514380216598510742e-01,-1.433819830417633057e-01,-6.768363714218139648e-02,-1.018416061997413635e-01,-3.003633320331573486e-01,3.229957520961761475e-01,1.105734705924987793e+00,-3.711707144975662231e-02,-2.662506187334656715e-03,1.253730524331331253e-02
-2.890242934226989746e-01,1.408749222755432129e-01,2.366929769515991211e+00,-1.571930013597011566e-02,3.155094385147094727e-01,2.966001629829406738e-01,9.012408256530761719e-01,-9.108434319496154785e-01,-1.946036368608474731e-01,-3.572643995285034180e-01,-8.726699650287628174e-02,-8.726699948310852051e-01,2.617999911308288574e-01,-7.524446845054626465e-01,-3.359748423099517822e-01,-3.199917376041412354e-01,2.145483642816543579e-01,-8.726699948310852051e-01,-2.395068109035491943e-01,-4.216281771659851074e-01,8.271981775760650635e-02,-5.135379433631896973e-01,-1.373457014560699463e-01,4.139742255210876465e-01,-3.801500797271728516e-01,1.162299394607543945e+00,2.499272674322128296e-01,-1.423122882843017578e-01,-6.193403899669647217e-02,-1.105884313583374023e-01,-2.888995110988616943e-01,3.151888847351074219e-01,1.103861570358276367e+00,-3.394024074077606201e-02,-4.806764889508485794e-03,1.121365558356046677e-02
-2.956385612487792969e-01,1.308298856019973755e-01,2.358679533004760742e+00,3.471574559807777405e-02,2.482538819313049316e-01,2.009083181619644165e-01,9.469956159591674805e-01,-7.499395012855529785e-01,-1.109552010893821716e-01,-1.693158000707626343e-01,-8.726699650287628174e-02,-8.726699948310852051e-01,2.617999911308288574e-01,-5.419185757637023926e-01,-2.578181028366088867e-01,-1.026481613516807556e-01,1.405653264373540878e-02,-8.726699948310852051e-01,-2.606614828109741211e-01,-2.377450764179229736e-01,-2.026593685150146484e-02,-4.644758403301239014e-01,-9.670839458703994751e-02,3.812160491943359375e-01,-3.423716723918914795e-01,1.203786373138427734e+00,2.254104167222976685e-01,-1.490544825792312622e-01,-8.724807202816009521e-02,-9.916216135025024414e-02,-3.357608020305633545e-01,3.843719065189361572e-01,1.147592067718505859e+00,-2.124565094709396362e-02,-1.293394016101956367e-03,2.142503485083580017e-02
-3.019181787967681885e-01,1.319664269685745239e-01,2.338541507720947266e+00,-1.997723942622542381e-03,2.778018414974212646e-01,2.286566644906997681e-01,9.330264329910278320e-01,-8.607825040817260742e-01,-9.776034951210021973e-02,-2.510575056076049805e-01,-8.726699650287628174e-02,-8.726699948310852051e-01,2.617999911308288574e-01,-5.842447876930236816e-01,-2.252247929573059082e-01,-1.740320473909378052e-01,-5.816349387168884277e-02,-8.726699948310852051e-01,-2.617819607257843018e-01,-2.861309647560119629e-01,3.630042448639869690e-02,-4.867452681064605713e-01,-1.128620207309722900e-01,3.853129446506500244e-01,-3.603526353836059570e-01,1.195953369140625000e+00,2.303033024072647095e-01,-1.521903574466705322e-01,-8.353599160909652710e-02,-9.938662499189376831e-02,-3.198885619640350342e-01,3.597261905670166016e-01,1.146854519844055176e+00,-1.248126290738582611e-02,-2.437399234622716904e-03,1.833129674196243286e-02
-3.062469363212585449e-01,1.345660239458084106e-01,2.320814609527587891e+00,-3.324009105563163757e-02,3.018622398376464844e-01,2.472690790891647339e-01,9.201262593269348145e-01,-9.394965171813964844e-01,-8.771381527185440063e-02,-3.195635676383972168e-01,-8.726699650287628174e-02,-8.726699948310852051e-01,2.617999911308288574e-01,-6.385152935981750488e-01,-2.010510414838790894e-01,-2.270216345787048340e-01,-8.724363148212432861e-02,-8.726699948310852051e-01,-2.617853581905364990e-01,-3.149150013923645020e-01,9.670620411634445190e-02,-5.099862813949584961e-01,-1.325803697109222412e-01,3.930448591709136963e-01,-3.656002283096313477e-01,1.190267801284790039e+00,2.299597859382629395e-01,-1.533796340227127075e-01,-7.746922224760055542e-02,-1.076044663786888123e-01,-3.061529994010925293e-01,3.410391211509704590e-01,1.143087625503540039e+00,-5.042780190706253052e-03,-4.688102751970291138e-03,1.601538620889186859e-02
-3.181905746459960938e-01,1.274319738149642944e-01,2.313989639282226562e+00,1.940546184778213501e-02,2.395600229501724243e-01,1.792563050985336304e-01,9.539924263954162598e-01,-7.662090063095092773e-01,-5.066502839326858521e-02,-1.712052375078201294e-01,-8.726699650287628174e-02,-8.726699948310852051e-01,2.617999911308288574e-01,-5.512323379516601562e-01,-2.136605829000473022e-01,-4.726731404662132263e-02,-8.726699650287628174e-02,-8.726699948310852051e-01,-2.617253363132476807e-01,-1.974298954010009766e-01,-5.702937487512826920e-03,-4.488561749458312988e-01,-9.705919772386550903e-02,3.730157017707824707e-01,-3.508056402206420898e-01,1.206992745399475098e+00,1.989707201719284058e-01,-1.513788402080535889e-01,-9.617361426353454590e-02,-9.463041275739669800e-02,-3.472315371036529541e-01,3.861668705940246582e-01,1.167803168296813965e+00,1.155714597553014755e-02,4.533105238806456327e-04,3.440359979867935181e-02
-3.198766708374023438e-01,1.311150789260864258e-01,2.296727180480957031e+00,-1.346871908754110336e-02,2.771472334861755371e-01,1.958673149347305298e-01,9.405551552772521973e-01,-8.590930104255676270e-01,-3.594420477747917175e-02,-2.379233688116073608e-01,-8.726699650287628174e-02,-8.726699948310852051e-01,2.617999911308288574e-01,-6.513980627059936523e-01,-1.880977898836135864e-01,-9.208086133003234863e-02,-8.726699650287628174e-02,-8.726699948310852051e-01,-2.617920935153961182e-01,-2.334730327129364014e-01,4.697832465171813965e-02,-4.789147675037384033e-01,-1.147672832012176514e-01,3.782635927200317383e-01,-3.626842200756072998e-01,1.199643731117248535e+00,2.018869668245315552e-01,-1.530949920415878296e-01,-9.086715430021286011e-02,-1.022908762097358704e-01,-3.298433423042297363e-01,3.649587035179138184e-01,1.162484645843505859e+00,1.880997046828269958e-02,-2.469607628881931305e-03,3.156641498208045959e-02
-3.228956460952758789e-01,1.339533478021621704e-01,2.279787540435791016e+00,-3.693765774369239807e-02,3.085047602653503418e-01,1.985434740781784058e-01,9.295380115509033203e-01,-9.308051466941833496e-01,-1.971952244639396667e-02,-2.751357257366180420e-01,-8.726699650287628174e-02,-8.726699948310852051e-01,2.617999911308288574e-01,-7.453796267509460449e-01,-1.687063872814178467e-01,-1.037597283720970154e-01,-8.726699650287628174e-02,-8.726699948310852051e-01,-2.617902159690856934e-01,-2.428968697786331177e-01,9.551931172609329224e-02,-5.155668854713439941e-01,-1.349883526563644409e-01,3.866139650344848633e-01,-3.599286377429962158e-01,1.193938136100769043e+00,2.002865076065063477e-01,-1.538161188364028931e-01,-8.314283937215805054e-02,-1.195040196180343628e-01,-3.181223869323730469e-01,3.541645407676696777e-01,1.152660846710205078e+00,2.000870741903781891e-02,-7.575782015919685364e-03,2.910369262099266052e-02
-3.272382020950317383e-01,1.368511617183685303e-01,2.263471603393554688e+00,-5.147679150104522705e-02,3.300008475780487061e-01,1.896580010652542114e-01,9.232981204986572266e-01,-9.789821505546569824e-01,-6.978319725021719933e-04,-2.892918884754180908e-01,-8.726699650287628174e-02,-8.726699948310852051e-01,2.617999911308288574e-01,-8.211668729782104492e-01,-1.513272821903228760e-01,-8.791200071573257446e-02,-8.726699650287628174e-02,-8.726699948310852051e-01,-2.617901861667633057e-01,-2.362810820341110229e-01,1.286415010690689087e-01,-5.198723673820495605e-01,-1.588816195726394653e-01,3.942522704601287842e-01,-3.438059389591217041e-01,1.187216043472290039e+00,1.948065608739852905e-01,-1.545821130275726318e-01,-7.453882694244384766e-02,-1.477992832660675049e-01,-3.139247596263885498e-01,3.480680286884307861e-01,1.139366269111633301e+00,1.934340409934520721e-02,-1.388836558908224106e-02,2.564120851457118988e-02
-3.305125236511230469e-01,1.393549144268035889e-01,2.247967958450317383e+00,-5.815259367227554321e-02,3.461589217185974121e-01,1.737973541021347046e-01,9.201014637947082520e-01,-1.007866740226745605e+00,1.919583417475223541e-02,-2.858111858367919922e-01,-8.726699650287628174e-02,-8.726699948310852051e-01,2.617999911308288574e-01,-8.838059306144714355e-01,-1.348507106304168701e-01,-5.143187567591667175e-02,-8.726699650287628174e-02,-8.726699948310852051e-01,-2.617918848991394043e-01,-2.177340239286422729e-01,1.451748013496398926e-01,-5.199999809265136719e-01,-1.807679533958435059e-01,4.003293812274932861e-01,-3.224767744541168213e-01,1.181599378585815430e+00,1.885307431221008301e-01,-1.551470905542373657e-01,-6.780603528022766113e-02,-1.776348501443862915e-01,-3.152834773063659668e-01,3.496933281421661377e-01,1.127858757972717285e+00,1.542900968343019485e-02,-1.861316710710525513e-02,2.392041124403476715e-02
-3.333981037139892578e-01,1.407952457666397095e-01,2.232964038848876953e+00,-5.833616107702255249e-02,3.573042154312133789e-01,1.536966711282730103e-01,9.194062948226928711e-01,-1.022006988525390625e+00,4.138680174946784973e-02,-2.665485441684722900e-01,-8.726699650287628174e-02,-8.726699948310852051e-01,2.617999911308288574e-01,-9.342259764671325684e-01,-1.204044595360755920e-01,-5.241244100034236908e-03,-8.726699650287628174e-02,-8.726699948310852051e-01,-2.617974877357482910e-01,-1.928704082965850830e-01,1.475957185029983521e-01,-5.199999809265136719e-01,-1.992164701223373413e-01,4.044545888900756836e-01,-3.000845909118652344e-01,1.176886796951293945e+00,1.824438273906707764e-01,-1.559569239616394043e-01,-6.414911895990371704e-02,-2.062257528305053711e-01,-3.199009001255035400e-01,3.557181656360626221e-01,1.119141817092895508e+00,9.519184939563274384e-03,-2.138056792318820953e-02,2.442200109362602234e-02
-3.355328142642974854e-01,1.422743946313858032e-01,2.218354940414428711e+00,-5.433589220046997070e-02,3.653468489646911621e-01,1.314010024070739746e-01,9.199473261833190918e-01,-1.025738954544067383e+00,6.222316995263099670e-02,-2.363306283950805664e-01,-8.726699650287628174e-02,-8.726699948310852051e-01,2.617999911308288574e-01,-9.759937524795532227e-01,-1.073111295700073242e-01,4.585741087794303894e-02,-8.726699650287628174e-02,-8.726699948310852051e-01,-2.617999911308288574e-01,-1.634094119071960449e-01,1.394479870796203613e-01,-5.199999809265136719e-01,-2.136100679636001587e-01,4.076662659645080566e-01,-2.792129218578338623e-01,1.172404289245605469e+00,1.764638572931289673e-01,-1.569451391696929932e-01,-6.291162967681884766e-02,-2.315461486577987671e-01,-3.261428177356719971e-01,3.634330928325653076e-01,1.113050580024719238e+00,4.768167156726121902e-03,-2.226697653532028198e-02,2.661148272454738617e-02
-3.375467956066131592e-01,1.430849730968475342e-01,2.203723907470703125e+00,-4.707476869225502014e-02,3.705006837844848633e-01,1.076954230666160583e-01,9.213657975196838379e-01,-1.019673228263854980e+00,8.169756084680557251e-02,-2.002621293067932129e-01,-8.726699650287628174e-02,-8.726699948310852051e-01,2.617999911308288574e-01,-1.011363625526428223e+00,-9.253557026386260986e-02,1.026596352458000183e-01,-8.726699650287628174e-02,-8.726699948310852051e-01,-2.617999911308288574e-01,-1.314558833837509155e-01,1.233873963356018066e-01,-5.199999809265136719e-01,-2.246721088886260986e-01,4.104365110397338867e-01,-2.608667016029357910e-01,1.169747591018676758e+00,1.715039759874343872e-01,-1.570987403392791748e-01,-6.363318860530853271e-02,-2.542032301425933838e-01,-3.338815271854400635e-01,3.706720471382141113e-01,1.108791947364807129e+00,3.550971450749784708e-04,-2.204023487865924835e-02,2.872997149825096130e-02
-3.384894430637359619e-01,1.440457701683044434e-01,2.188889503479003906e+00,-3.797419741749763489e-02,3.742354214191436768e-01,8.301615715026855469e-02,9.228294491767883301e-01,-1.006368160247802734e+00,9.996022284030914307e-02,-1.563956588506698608e-01,-8.726699650287628174e-02,-8.726699948310852051e-01,2.617999911308288574e-01,-1.042383074760437012e+00,-7.725402712821960449e-02,1.613828092813491821e-01,-8.726699650287628174e-02,-8.726699948310852051e-01,-2.617999911308288574e-01,-9.715161472558975220e-02,1.011784002184867859e-01,-5.199999809265136719e-01,-2.325783222913742065e-01,4.119931757450103760e-01,-2.443298399448394775e-01,1.168138980865478516e+00,1.661366075277328491e-01,-1.571619510650634766e-01,-6.580644100904464722e-02,-2.728206515312194824e-01,-3.418955504894256592e-01,3.766452968120574951e-01,1.106169700622558594e+00,-3.022782038897275925e-03,-2.079026959836483002e-02,3.168163448572158813e-02
-3.386512398719787598e-01,1.447077095508575439e-01,2.173691511154174805e+00,-2.724401280283927917e-02,3.769150674343109131e-01,5.797494947910308838e-02,9.240301251411437988e-01,-9.886152744293212891e-01,1.158659309148788452e-01,-1.066710576415061951e-01,-8.726699650287628174e-02,-8.726699948310852051e-01,2.617999911308288574e-01,-1.069823145866394043e+00,-6.170907989144325256e-02,2.204738855361938477e-01,-8.726699650287628174e-02,-8.726699948310852051e-01,-2.617999911308288574e-01,-6.233024224638938904e-02,7.525985687971115112e-02,-5.199999809265136719e-01,-2.373916953802108765e-01,4.135321378707885742e-01,-2.314075231552124023e-01,1.168427109718322754e+00,1.625248789787292480e-01,-1.563710719347000122e-01,-6.916092336177825928e-02,-2.884107232093811035e-01,-3.498337864875793457e-01,3.807625472545623779e-01,1.104183554649353027e+00,-5.633004475384950638e-03,-1.948768086731433868e-02,3.505450487136840820e-02
-3.407769799232482910e-01,1.444378048181533813e-01,2.157656431198120117e+00,-1.643263362348079681e-02,3.769680559635162354e-01,3.560189902782440186e-02,9.253959059715270996e-01,-9.732076525688171387e-01,1.291987299919128418e-01,-5.988785251975059509e-02,-8.726699650287628174e-02,-8.726699948310852051e-01,2.617999911308288574e-01,-1.093857645988464355e+00,-4.720953106880187988e-02,2.755513489246368408e-01,-8.726699650287628174e-02,-8.726699948310852051e-01,-2.617999911308288574e-01,-2.871531248092651367e-02,4.801642522215843201e-02,-5.199999809265136719e-01,-2.417508363723754883e-01,4.155387282371520996e-01,-2.219916731119155884e-01,1.169134259223937988e+00,1.597939133644104004e-01,-1.551220864057540894e-01,-7.268109917640686035e-02,-3.017113208770751953e-01,-3.586439192295074463e-01,3.830292522907257080e-01,1.102967381477355957e+00,-7.363077718764543533e-03,-1.757854036986827850e-02,3.785366192460060120e-02
-3.434536457061767578e-01,1.443494856357574463e-01,2.140981435775756836e+00,-5.855642259120941162e-03,3.759923875331878662e-01,1.535588875412940979e-02,9.264770150184631348e-01,-9.583212733268737793e-01,1.404524743556976318e-01,-1.286113262176513672e-02,-8.726699650287628174e-02,-8.726699948310852051e-01,2.617999911308288574e-01,-1.115941762924194336e+00,-3.664220497012138367e-02,3.217898309230804443e-01,-8.726699650287628174e-02,-8.726699948310852051e-01,-2.617999911308288574e-01,2.204542746767401695e-03,2.062733843922615051e-02,-5.199999809265136719e-01,-2.462368905544281006e-01,4.170545339584350586e-01,-2.146752923727035522e-01,1.170302867889404297e+00,1.580081582069396973e-01,-1.537198126316070557e-01,-7.606168091297149658e-02,-3.137015104293823242e-01,-3.671942055225372314e-01,3.830493092536926270e-01,1.102073073387145996e+00,-8.894621394574642181e-03,-1.581705734133720398e-02,3.981558233499526978e-02
-3.486874997615814209e-01,1.435938924551010132e-01,2.123481988906860352e+00,3.256068332120776176e-03,3.732697665691375732e-01,3.745746216736733913e-04,9.277170300483703613e-01,-9.525257349014282227e-01,1.497855782508850098e-01,2.429881878197193146e-02,-8.726699650287628174e-02,-8.726699948310852051e-01,2.617999911308288574e-01,-1.136786937713623047e+00,-3.028170205652713776e-02,3.595714271068572998e-01,-8.726699650287628174e-02,-8.726699948310852051e-01,-2.617999911308288574e-01,2.788481302559375763e-02,-4.668471869081258774e-03,-5.199999809265136719e-01,-2.514031529426574707e-01,4.176934957504272461e-01,-2.109623849391937256e-01,1.171106457710266113e+00,1.573485136032104492e-01,-1.526738703250885010e-01,-7.976422458887100220e-02,-3.237544298171997070e-01,-3.756320476531982422e-01,3.818849921226501465e-01,1.102241516113281250e+00,-1.039770711213350296e-02,-1.372644398361444473e-02,4.098292812705039978e-02
-3.543667793273925781e-01,1.429856121540069580e-01,2.105471134185791016e+00,1.009190361946821213e-02,3.711757063865661621e-01,-9.357494302093982697e-03,9.284606575965881348e-01,-9.568576216697692871e-01,1.578114330768585205e-01,5.105058476328849792e-02,-8.726699650287628174e-02,-8.726699948310852051e-01,2.617999911308288574e-01,-1.158071756362915039e+00,-2.963449992239475250e-02,3.878935277462005615e-01,-8.726699650287628174e-02,-8.726699948310852051e-01,-2.617999911308288574e-01,4.751881957054138184e-02,-2.679615281522274017e-02,-5.199999809265136719e-01,-2.567966580390930176e-01,4.172208309173583984e-01,-2.083045840263366699e-01,1.172375202178955078e+00,1.571987867355346680e-01,-1.516708135604858398e-01,-8.323072642087936401e-02,-3.305432200431823730e-01,-3.826923072338104248e-01,3.784321248531341553e-01,1.103673338890075684e+00,-1.072915550321340561e-02,-1.184446364641189575e-02,4.163487628102302551e-02
-3.608641028404235840e-01,1.412346363067626953e-01,2.086920261383056641e+00,1.583512686192989349e-02,3.689687252044677734e-01,-1.452692318707704544e-02,9.291933774948120117e-01,-9.659692645072937012e-01,1.636842638254165649e-01,6.707855314016342163e-02,-8.726699650287628174e-02,-8.726699948310852051e-01,2.617999911308288574e-01,-1.179917454719543457e+00,-3.092261403799057007e-02,4.132147431373596191e-01,-8.726699650287628174e-02,-8.726699948310852051e-01,-2.617999911308288574e-01,6.168311461806297302e-02,-4.427892714738845825e-02,-5.199999809265136719e-01,-2.639663517475128174e-01,4.165745377540588379e-01,-2.063148170709609985e-01,1.173063397407531738e+00,1.574334204196929932e-01,-1.509092897176742554e-01,-8.581530302762985229e-02,-3.368264138698577881e-01,-3.879883885383605957e-01,3.722659051418304443e-01,1.104503512382507324e+00,-9.771581739187240601e-03,-1.079477742314338684e-02,4.183473438024520874e-02
-3.680397570133209229e-01,1.386951655149459839e-01,2.067789554595947266e+00,2.066417783498764038e-02,3.663295209407806396e-01,-1.647132262587547302e-02,9.301098585128784180e-01,-9.774687886238098145e-01,1.689229309558868408e-01,7.760636508464813232e-02,-8.726699650287628174e-02,-8.726699948310852051e-01,2.617999911308288574e-01,-1.203258633613586426e+00,-3.420009836554527283e-02,4.346683621406555176e-01,-8.726699650287628174e-02,-8.726699948310852051e-01,-2.617999911308288574e-01,7.073238492012023926e-02,-5.810716748237609863e-02,-5.199999809265136719e-01,-2.726491093635559082e-01,4.156753718852996826e-01,-2.047876417636871338e-01,1.173270106315612793e+00,1.579169631004333496e-01,-1.503434032201766968e-01,-8.734965324401855469e-02,-3.427192270755767822e-01,-3.920427560806274414e-01,3.645182251930236816e-01,1.105291604995727539e+00,-8.075972087681293488e-03,-1.008448749780654907e-02,4.149459302425384521e-02
-3.763365745544433594e-01,1.364086121320724487e-01,2.047953605651855469e+00,2.475979737937450409e-02,3.626835644245147705e-01,-1.650244928896427155e-02,9.314371943473815918e-01,-9.913243055343627930e-01,1.728699952363967896e-01,8.319343626499176025e-02,-8.726699650287628174e-02,-8.726699948310852051e-01,2.617999911308288574e-01,-1.228596329689025879e+00,-4.081582650542259216e-02,4.533609151840209961e-01,-8.726699650287628174e-02,-8.726699948310852051e-01,-2.617999911308288574e-01,7.566917687654495239e-02,-6.846641004085540771e-02,-5.199999809265136719e-01,-2.823066413402557373e-01,4.146392047405242920e-01,-2.037695497274398804e-01,1.172908782958984375e+00,1.584527790546417236e-01,-1.497537344694137573e-01,-8.787905424833297729e-02,-3.486231267452239990e-01,-3.949935436248779297e-01,3.556244671344757080e-01,1.105662345886230469e+00,-5.542780272662639618e-03,-9.652589447796344757e-03,4.095495492219924927e-02
-3.847435414791107178e-01,1.348287910223007202e-01,2.027544498443603516e+00,2.831477113068103790e-02,3.586915135383605957e-01,-1.541459187865257263e-02,9.328992962837219238e-01,-1.007038354873657227e+00,1.752947270870208740e-01,8.498670905828475952e-02,-8.726699650287628174e-02,-8.726699948310852051e-01,2.617999911308288574e-01,-1.256514668464660645e+00,-5.186959356069564819e-02,4.693480432033538818e-01,-8.726699650287628174e-02,-8.726699948310852051e-01,-2.617999911308288574e-01,7.772068679332733154e-02,-7.686877250671386719e-02,-5.199999809265136719e-01,-2.920191884040832520e-01,4.139378368854522705e-01,-2.038070559501647949e-01,1.171987771987915039e+00,1.594210863113403320e-01,-1.492306888103485107e-01,-8.779431134462356567e-02,-3.540500402450561523e-01,-3.977826535701751709e-01,3.475476503372192383e-01,1.106176853179931641e+00,-3.387895645573735237e-03,-9.118258953094482422e-03,4.002134501934051514e-02
-3.938238024711608887e-01,1.336680054664611816e-01,2.006226301193237305e+00,3.172853589057922363e-02,3.536382913589477539e-01,-1.321306359022855759e-02,9.347506165504455566e-01,-1.023468852043151855e+00,1.765170246362686157e-01,8.506174385547637939e-02,-8.726699650287628174e-02,-8.726699948310852051e-01,2.617999911308288574e-01,-1.288414478302001953e+00,-6.807887554168701172e-02,4.834423661231994629e-01,-8.726699650287628174e-02,-8.726699948310852051e-01,-2.617999911308288574e-01,7.750475406646728516e-02,-8.327135443687438965e-02,-5.199105143547058105e-01,-3.014591038227081299e-01,4.137056469917297363e-01,-2.050160765647888184e-01,1.170498728752136230e+00,1.606853008270263672e-01,-1.488824933767318726e-01,-8.722987771034240723e-02,-3.596213757991790771e-01,-4.005775451660156250e-01,3.404237926006317139e-01,1.105895757675170898e+00,-1.683491514995694160e-03,-9.018576703965663910e-03,3.897253423929214478e-02
-4.032012522220611572e-01,1.331040561199188232e-01,1.984115719795227051e+00,3.420128673315048218e-02,3.475323021411895752e-01,-9.574851021170616150e-03,9.369951486587524414e-01,-1.040023446083068848e+00,1.759321987628936768e-01,8.256768435239791870e-02,-8.726699650287628174e-02,-8.726699948310852051e-01,2.617999911308288574e-01,-1.323847174644470215e+00,-8.841174095869064331e-02,4.998196661472320557e-01,-8.726699650287628174e-02,-8.726699948310852051e-01,-2.617999911308288574e-01,7.599255442619323730e-02,-8.896766602993011475e-02,-5.165750980377197266e-01,-3.107564747333526611e-01,4.135355055332183838e-01,-2.058347016572952271e-01,1.168705821037292480e+00,1.606940478086471558e-01,-1.482372432947158813e-01,-8.612578362226486206e-02,-3.647989034652709961e-01,-4.038636088371276855e-01,3.338206708431243896e-01,1.105821371078491211e+00,4.364554770290851593e-04,-8.502372540533542633e-03,3.761421144008636475e-02
-4.126416444778442383e-01,1.335424929857254028e-01,1.961098909378051758e+00,3.671270236372947693e-02,3.403590321540832520e-01,-6.013689097017049789e-03,9.395593404769897461e-01,-1.056152582168579102e+00,1.735410094261169434e-01,7.990750670433044434e-02,-8.726699650287628174e-02,-8.726699948310852051e-01,2.617999911308288574e-01,-1.364184141159057617e+00,-1.132546365261077881e-01,5.158517360687255859e-01,-8.726699650287628174e-02,-8.726699948310852051e-01,-2.617999911308288574e-01,7.324305921792984009e-02,-9.393016248941421509e-02,-5.133256316184997559e-01,-3.190371394157409668e-01,4.134335815906524658e-01,-2.068362832069396973e-01,1.167116880416870117e+00,1.602548807859420776e-01,-1.472806632518768311e-01,-8.477722853422164917e-02,-3.697766363620758057e-01,-4.077102243900299072e-01,3.277897238731384277e-01,1.105522274971008301e+00,2.481137868016958237e-03,-8.054439909756183624e-03,3.579595685005187988e-02
-4.215248823165893555e-01,1.345589011907577515e-01,1.937592864036560059e+00,3.927400335669517517e-02,3.329420685768127441e-01,-2.310907933861017227e-03,9.421262145042419434e-01,-1.073089838027954102e+00,1.693956553936004639e-01,7.643123716115951538e-02,-8.726699650287628174e-02,-8.726699948310852051e-01,2.617999911308288574e-01,-1.407135128974914551e+00,-1.411442160606384277e-01,5.333972573280334473e-01,-8.726699650287628174e-02,-8.726699948310852051e-01,-2.617999911308288574e-01,6.988216936588287354e-02,-9.835336357355117798e-02,-5.108038187026977539e-01,-3.262689113616943359e-01,4.131516814231872559e-01,-2.077778875827789307e-01,1.165323138236999512e+00,1.590711921453475952e-01,-1.463557034730911255e-01,-8.328255265951156616e-02,-3.743990957736968994e-01,-4.114593267440795898e-01,3.222019672393798828e-01,1.104427933692932129e+00,4.967617802321910858e-03,-7.930585183203220367e-03,3.416634723544120789e-02
-4.296033382415771484e-01,1.356083452701568604e-01,1.913831710815429688e+00,4.225273802876472473e-02,3.257792294025421143e-01,1.641228445805609226e-03,9.444997906684875488e-01,-1.092236042022705078e+00,1.650907099246978760e-01,7.423969358205795288e-02,-8.726699650287628174e-02,-8.726699948310852051e-01,2.617999911308288574e-01,-1.450052976608276367e+00,-1.713228374719619751e-01,5.484606623649597168e-01,-8.726699650287628174e-02,-8.726699948310852051e-01,-2.617999911308288574e-01,6.602995097637176514e-02,-1.034452319145202637e-01,-5.089039206504821777e-01,-3.324058651924133301e-01,4.126035571098327637e-01,-2.083521932363510132e-01,1.163289666175842285e+00,1.572389751672744751e-01,-1.455827802419662476e-01,-8.181575685739517212e-02,-3.787384033203125000e-01,-4.154982268810272217e-01,3.175694048404693604e-01,1.102243661880493164e+00,7.255800999701023102e-03,-8.267119526863098145e-03,3.284801542758941650e-02
-4.360766708850860596e-01,1.383910924196243286e-01,1.890606999397277832e+00,4.470155015587806702e-02,3.202324509620666504e-01,4.422188270837068558e-03,9.462734460830688477e-01,-1.115926861763000488e+00,1.613961458206176758e-01,7.557648420333862305e-02,-8.726699650287628174e-02,-8.726699948310852051e-01,2.617999911308288574e-01,-1.489178180694580078e+00,-2.074980586767196655e-01,5.578905344009399414e-01,-8.726699650287628174e-02,-8.726699948310852051e-01,-2.617999911308288574e-01,6.147374585270881653e-02,-1.091312095522880554e-01,-5.074067115783691406e-01,-3.364965021610260010e-01,4.118625521659851074e-01,-2.094523459672927856e-01,1.162397861480712891e+00,1.554768979549407959e-01,-1.442805528640747070e-01,-8.076912164688110352e-02,-3.821149766445159912e-01,-4.200423955917358398e-01,3.144078552722930908e-01,1.100094795227050781e+00,8.905837312340736389e-03,-8.541148155927658081e-03,3.190707415342330933e-02
-4.414043426513671875e-01,1.412185281515121460e-01,1.867772579193115234e+00,4.701447859406471252e-02,3.155984580516815186e-01,7.817866280674934387e-03,9.476951956748962402e-01,-1.144980788230895996e+00,1.578184068202972412e-01,7.936398684978485107e-02,-8.726699650287628174e-02,-8.726699948310852051e-01,2.617999911308288574e-01,-1.521882891654968262e+00,-2.464396953582763672e-01,5.614404678344726562e-01,-8.726699650287628174e-02,-8.726699948310852051e-01,-2.617999911308288574e-01,5.665843188762664795e-02,-1.148288547992706299e-01,-5.065195560455322266e-01,-3.397639393806457520e-01,4.111289978027343750e-01,-2.111334353685379028e-01,1.161890745162963867e+00,1.538293957710266113e-01,-1.429282426834106445e-01,-8.009595423936843872e-02,-3.851215243339538574e-01,-4.246605634689331055e-01,3.128315508365631104e-01,1.097381591796875000e+00,9.915314614772796631e-03,-9.018342010676860809e-03,3.177817165851593018e-02
-4.453779757022857666e-01,1.442452371120452881e-01,1.845496177673339844e+00,4.833727329969406128e-02,3.120133280754089355e-01,1.170270238071680069e-02,9.487751126289367676e-01,-1.180378437042236328e+00,1.557117700576782227e-01,8.465794473886489868e-02,-8.726699650287628174e-02,-8.726699948310852051e-01,2.617999911308288574e-01,-1.545904636383056641e+00,-2.891235947608947754e-01,5.607004165649414062e-01,-8.726699650287628174e-02,-8.726699948310852051e-01,-2.617999911308288574e-01,5.113829299807548523e-02,-1.195544973015785217e-01,-5.060340166091918945e-01,-3.422104120254516602e-01,4.104608297348022461e-01,-2.133086472749710083e-01,1.161767840385437012e+00,1.524068117141723633e-01,-1.415786147117614746e-01,-7.956536114215850830e-02,-3.878372609615325928e-01,-4.292044937610626221e-01,3.116042613983154297e-01,1.093937993049621582e+00,1.098808832466602325e-02,-9.910365566611289978e-03,3.196075186133384705e-02
-4.503525495529174805e-01,1.436234116554260254e-01,1.820923924446105957e+00,4.566513001918792725e-02,2.972990274429321289e-01,2.128240838646888733e-02,9.534542560577392578e-01,-1.206661939620971680e+00,1.517785936594009399e-01,8.055242896080017090e-02,-8.726699650287628174e-02,-8.726699948310852051e-01,2.617999911308288574e-01,-1.567937731742858887e+00,-3.151499927043914795e-01,5.632833838462829590e-01,-8.726699650287628174e-02,-8.726699948310852051e-01,-2.617999911308288574e-01,4.204091802239418030e-02,-1.197225227952003479e-01,-5.023630857467651367e-01,-3.428772091865539551e-01,4.102680087089538574e-01,-2.180605083703994751e-01,1.162721157073974609e+00,1.518904417753219604e-01,-1.398998051881790161e-01,-7.957666367292404175e-02,-3.889994323253631592e-01,-4.338829517364501953e-01,3.097586929798126221e-01,1.090452075004577637e+00,1.230878848582506180e-02,-1.088062673807144165e-02,3.224746882915496826e-02
-4.555963575839996338e-01,1.456316262483596802e-01,1.797122836112976074e+00,3.913513571023941040e-02,2.853819727897644043e-01,2.733615599572658539e-02,9.572242498397827148e-01,-1.245229721069335938e+00,1.532488763332366943e-01,7.467246800661087036e-02,-8.726699650287628174e-02,-8.726699948310852051e-01,2.617999911308288574e-01,-1.568520545959472656e+00,-3.513048291206359863e-01,5.742120742797851562e-01,-8.726699650287628174e-02,-8.726699948310852051e-01,-2.617999911308288574e-01,3.281325474381446838e-02,-1.160236820578575134e-01,-5.000717639923095703e-01,-3.406139910221099854e-01,4.106976985931396484e-01,-2.244111299514770508e-01,1.165513515472412109e+00,1.517132520675659180e-01,-1.374063491821289062e-01,-7.989658415317535400e-02,-3.882720768451690674e-01,-4.374529123306274414e-01,3.083917498588562012e-01,1.087069272994995117e+00,1.404560822993516922e-02,-1.176004577428102493e-02,3.288927301764488220e-02
-4.560014903545379639e-01,1.525824517011642456e-01,1.786272287368774414e+00,3.271303698420524597e-02,2.801234424114227295e-01,3.258418664336204529e-02,9.588529467582702637e-01,-1.270451426506042480e+00,1.409698128700256348e-01,8.670066297054290771e-02,-8.726699650287628174e-02,-8.726699948310852051e-01,2.617999911308288574e-01,-1.547400236129760742e+00,-4.017208218574523926e-01,5.311727523803710938e-01,-8.726699650287628174e-02,-8.726699948310852051e-01,-2.617999911308288574e-01,3.013172745704650879e-02,-1.145747080445289612e-01,-5.003588199615478516e-01,-3.557124137878417969e-01,4.179542660713195801e-01,-2.237942516803741455e-01,1.159338116645812988e+00,1.472098082304000854e-01,-1.381137818098068237e-01,-7.506754249334335327e-02,-4.079436063766479492e-01,-4.519696533679962158e-01,2.987662851810455322e-01,1.063508510589599609e+00,1.824310980737209320e-02,-2.140085957944393158e-02,3.075590170919895172e-02
-4.567327201366424561e-01,1.586470752954483032e-01,1.768463969230651855e+00,2.412707544863224030e-02,2.762486636638641357e-01,3.865938633680343628e-02,9.600052237510681152e-01,-1.315683603286743164e+00,1.297983825206756592e-01,9.092036634683609009e-02,-8.726699650287628174e-02,-8.726699948310852051e-01,2.617999911308288574e-01,-1.526830077171325684e+00,-4.554739594459533691e-01,5.012843012809753418e-01,-8.726699650287628174e-02,-8.726699948310852051e-01,-2.617999911308288574e-01,2.158478461205959320e-02,-1.093041226267814636e-01,-4.995258152484893799e-01,-3.633616268634796143e-01,4.223716855049133301e-01,-2.288450002670288086e-01,1.156613945960998535e+00,1.444305330514907837e-01,-1.374806612730026245e-01,-7.301209121942520142e-02,-4.148441255092620850e-01,-4.639202952384948730e-01,2.944078147411346436e-01,1.047216176986694336e+00,2.110052108764648438e-02,-2.659802511334419250e-02,3.085264749825000763e-02
-4.560500681400299072e-01,1.684326827526092529e-01,1.752162694931030273e+00,1.364308409392833710e-02,2.776210904121398926e-01,4.180547222495079041e-02,9.596836566925048828e-01,-1.363014817237854004e+00,1.109397783875465393e-01,9.774133563041687012e-02,-8.726699650287628174e-02,-8.726699948310852051e-01,2.617999911308288574e-01,-1.502576231956481934e+00,-5.235414505004882812e-01,4.739287495613098145e-01,-8.726699650287628174e-02,-8.726699948310852051e-01,-2.617999911308288574e-01,1.475984882563352585e-02,-1.015534698963165283e-01,-5.000648498535156250e-01,-3.700973987579345703e-01,4.275071322917938232e-01,-2.338631153106689453e-01,1.153730273246765137e+00,1.422921717166900635e-01,-1.368792802095413208e-01,-7.002460956573486328e-02,-4.185877144336700439e-01,-4.744181334972381592e-01,2.919781208038330078e-01,1.032663941383361816e+00,2.340915985405445099e-02,-3.033833578228950500e-02,3.089624270796775818e-02
-4.538125693798065186e-01,1.791768223047256470e-01,1.738668322563171387e+00,1.621488481760025024e-03,2.839225530624389648e-01,4.577998444437980652e-02,9.577523469924926758e-01,-1.408170580863952637e+00,7.882444560527801514e-02,1.112845987081527710e-01,-8.726699650287628174e-02,-8.726699948310852051e-01,2.617999911308288574e-01,-1.468425154685974121e+00,-5.978102087974548340e-01,4.502493441104888916e-01,-8.726699650287628174e-02,-8.726699948310852051e-01,-2.617999911308288574e-01,9.612582623958587646e-03,-9.324758499860763550e-02,-5.017517805099487305e-01,-3.791809082031250000e-01,4.335497021675109863e-01,-2.373022735118865967e-01,1.147715926170349121e+00,1.407504081726074219e-01,-1.376767754554748535e-01,-6.557432562112808228e-02,-4.233523905277252197e-01,-4.857817888259887695e-01,2.901978194713592529e-01,1.016650795936584473e+00,2.482233382761478424e-02,-3.439455106854438782e-02,2.971794456243515015e-02
-4.501188099384307861e-01,1.951521635055541992e-01,1.727583646774291992e+00,-1.303075905889272690e-02,2.945147752761840820e-01,4.640506580471992493e-02,9.544306397438049316e-01,-1.448904275894165039e+00,3.404168412089347839e-02,1.362783610820770264e-01,-8.726699650287628174e-02,-8.726699948310852051e-01,2.617999911308288574e-01,-1.425193905830383301e+00,-6.882954835891723633e-01,4.344056546688079834e-01,-8.726699650287628174e-02,-8.726699948310852051e-01,-2.617999911308288574e-01,9.056942537426948547e-03,-8.371189236640930176e-02,-5.047098994255065918e-01,-3.901002705097198486e-01,4.416798949241638184e-01,-2.386985123157501221e-01,1.139489531517028809e+00,1.397338062524795532e-01,-1.392557024955749512e-01,-5.949364602565765381e-02,-4.320104718208312988e-01,-4.983177185058593750e-01,2.883185744285583496e-01,9.968256354331970215e-01,2.515754848718643188e-02,-3.999193757772445679e-02,2.697120420634746552e-02
-4.447550475597381592e-01,2.158972918987274170e-01,1.719422340393066406e+00,-3.199858218431472778e-02,3.099128007888793945e-01,4.597363248467445374e-02,9.491135478019714355e-01,-1.485341310501098633e+00,-2.801706828176975250e-02,1.753481328487396240e-01,-8.726699650287628174e-02,-8.726699948310852051e-01,2.617999911308288574e-01,-1.373180270195007324e+00,-7.925270795822143555e-01,4.386073052883148193e-01,-8.726699650287628174e-02,-8.726699948310852051e-01,-2.617999911308288574e-01,1.457322109490633011e-02,-7.148636132478713989e-02,-5.089391469955444336e-01,-4.040393233299255371e-01,4.530476331710815430e-01,-2.367809712886810303e-01,1.127937316894531250e+00,1.393664479255676270e-01,-1.420409232378005981e-01,-5.080173164606094360e-02,-4.444250464439392090e-01,-5.123838186264038086e-01,2.854635119438171387e-01,9.726559519767761230e-01,2.475621737539768219e-02,-4.750378429889678955e-02,2.212012000381946564e-02
-4.432999789714813232e-01,2.406636923551559448e-01,1.709508895874023438e+00,-4.841369763016700745e-02,3.213011026382446289e-01,4.263591393828392029e-02,9.447771906852722168e-01,-1.517993927001953125e+00,-1.178495883941650391e-01,1.926315873861312866e-01,-8.726699650287628174e-02,-8.726699948310852051e-01,2.617999911308288574e-01,-1.335485816001892090e+00,-8.958942890167236328e-01,4.668424725532531738e-01,-8.726699650287628174e-02,-8.726699948310852051e-01,-2.617999911308288574e-01,2.283738367259502411e-02,-5.594851449131965637e-02,-5.125143527984619141e-01,-4.200082421302795410e-01,4.676686823368072510e-01,-2.327038794755935669e-01,1.112817645072937012e+00,1.397680342197418213e-01,-1.461172699928283691e-01,-3.967826068401336670e-02,-4.607118070125579834e-01,-5.291342735290527344e-01,2.803446650505065918e-01,9.435983896255493164e-01,2.387386746704578400e-02,-5.725767835974693298e-02,1.489327754825353622e-02
-4.464303255081176758e-01,2.559955120086669922e-01,1.703042864799499512e+00,-6.005177274346351624e-02,3.312183916568756104e-01,5.326651781797409058e-02,9.401333928108215332e-01,-1.521682500839233398e+00,-2.095814794301986694e-01,2.090852409601211548e-01,-8.726679533720016479e-02,-8.726699948310852051e-01,2.617999911308288574e-01,-1.334536552429199219e+00,-9.851526021957397461e-01,5.005226731300354004e-01,-8.726699650287628174e-02,-8.726699948310852051e-01,-2.617999911308288574e-01,2.264200896024703979e-02,-3.473889082670211792e-02,-5.152706503868103027e-01,-4.383046030998229980e-01,4.841966032981872559e-01,-2.297789305448532104e-01,1.092980980873107910e+00,1.417217403650283813e-01,-1.518207937479019165e-01,-2.662920951843261719e-02,-4.796573221683502197e-01,-5.521573424339294434e-01,2.709753811359405518e-01,9.102042317390441895e-01,2.178415283560752869e-02,-6.890677660703659058e-02,3.875556634739041328e-03
-4.481804370880126953e-01,2.569806873798370361e-01,1.704321742057800293e+00,-5.975021794438362122e-02,3.422195315361022949e-01,8.114896714687347412e-02,9.342004656791687012e-01,-1.501751422882080078e+00,-2.981669902801513672e-01,2.151270806789398193e-01,-8.726586401462554932e-02,-8.726699948310852051e-01,2.617999911308288574e-01,-1.353658556938171387e+00,-1.046491980552673340e+00,5.418056845664978027e-01,-8.726699650287628174e-02,-8.726699948310852051e-01,-2.617999911308288574e-01,2.258870750665664673e-03,-7.331910543143749237e-03,-5.177633762359619141e-01,-4.616845250129699707e-01,5.015192031860351562e-01,-2.294855117797851562e-01,1.064571380615234375e+00,1.460184007883071899e-01,-1.606202721595764160e-01,-1.106306817382574081e-02,-5.022065043449401855e-01,-5.859079957008361816e-01,2.549211084842681885e-01,8.693694472312927246e-01,1.749805733561515808e-02,-8.374372869729995728e-02,-1.299074757844209671e-02
-4.373501539230346680e-01,2.451108694076538086e-01,1.715284705162048340e+00,-3.778739273548126221e-02,3.587543964385986328e-01,1.164677366614341736e-01,9.253662228584289551e-01,-1.475736021995544434e+00,-3.733551204204559326e-01,1.855603009462356567e-01,-8.726580440998077393e-02,-8.726699948310852051e-01,2.617999911308288574e-01,-1.367731571197509766e+00,-1.104486346244812012e+00,5.834637284278869629e-01,-8.726699650287628174e-02,-8.726699948310852051e-01,-2.617999911308288574e-01,-4.230808839201927185e-02,1.497775129973888397e-02,-5.199999809265136719e-01,-4.891332685947418213e-01,5.191255211830139160e-01,-2.279261946678161621e-01,1.026361584663391113e+00,1.517337113618850708e-01,-1.724920421838760376e-01,8.508952334523200989e-03,-5.266804099082946777e-01,-6.330317258834838867e-01,2.351288050413131714e-01,8.173884153366088867e-01,8.676935918629169464e-03,-1.025818213820457458e-01,-3.557070717215538025e-02
-4.120366275310516357e-01,2.351362705230712891e-01,1.724064469337463379e+00,-4.954313393682241440e-03,3.791483640670776367e-01,1.515893489122390747e-01,9.128212332725524902e-01,-1.459159493446350098e+00,-4.539030790328979492e-01,1.583422273397445679e-01,-8.726623654365539551e-02,-8.726699948310852051e-01,2.617996037006378174e-01,-1.342539310455322266e+00,-1.191777110099792480e+00,6.129740476608276367e-01,-8.726699650287628174e-02,-8.726699948310852051e-01,-2.617999911308288574e-01,-1.085184216499328613e-01,2.783367596566677094e-02,-5.199999809265136719e-01,-5.188215374946594238e-01,5.404760241508483887e-01,-2.209453284740447998e-01,9.780195355415344238e-01,1.592063903808593750e-01,-1.864406764507293701e-01,3.478208929300308228e-02,-5.500085949897766113e-01,-6.931015849113464355e-01,2.113097906112670898e-01,7.525079846382141113e-01,-5.731213837862014771e-03,-1.248140856623649597e-01,-6.372211873531341553e-02
-4.194693565368652344e-01,2.448147982358932495e-01,1.721305608749389648e+00,-4.640540108084678650e-02,4.067625999450683594e-01,1.990195512771606445e-01,8.903830051422119141e-01,-1.444254994392395020e+00,-4.971326589584350586e-01,8.486401289701461792e-02,-8.695285022258758545e-02,-8.726699948310852051e-01,2.556789517402648926e-01,-1.240495204925537109e+00,-1.129589080810546875e+00,8.262733221054077148e-01,-8.726699650287628174e-02,-8.726699948310852051e-01,-2.607347369194030762e-01,-1.384268999099731445e-01,4.357229918241500854e-02,-5.199999809265136719e-01,-5.376658439636230469e-01,5.550185441970825195e-01,-2.176802456378936768e-01,9.521842002868652344e-01,1.639322638511657715e-01,-1.943529248237609863e-01,4.772174730896949768e-02,-5.632315874099731445e-01,-7.204017043113708496e-01,1.951466947793960571e-01,7.230331301689147949e-01,-1.181348878890275955e-02,-1.350995749235153198e-01,-7.755880057811737061e-02
-4.539518952369689941e-01,2.113626003265380859e-01,1.703729033470153809e+00,-6.700569391250610352e-02,3.749559521675109863e-01,2.394825369119644165e-01,8.930657505989074707e-01,-1.439272046089172363e+00,-5.154650211334228516e-01,-5.326123535633087158e-02,-8.726699650287628174e-02,-8.726699948310852051e-01,2.560480237007141113e-01,-1.250857114791870117e+00,-1.073218464851379395e+00,1.050342559814453125e+00,-8.726699650287628174e-02,-8.726699948310852051e-01,-2.617995142936706543e-01,-1.872204989194869995e-01,9.372429549694061279e-02,-5.199999809265136719e-01,-5.776443481445312500e-01,6.057637333869934082e-01,-2.023565620183944702e-01,8.932718634605407715e-01,1.785468012094497681e-01,-2.093161642551422119e-01,8.495327830314636230e-02,-5.889495015144348145e-01,-7.748065590858459473e-01,1.557977646589279175e-01,6.525766253471374512e-01,-2.676795423030853271e-02,-1.583650410175323486e-01,-1.101397052407264709e-01
-4.694550931453704834e-01,1.962596327066421509e-01,1.692575216293334961e+00,-6.246891245245933533e-02,3.600007891654968262e-01,2.424007803201675415e-01,8.987429738044738770e-01,-1.424077033996582031e+00,-5.081925392150878906e-01,-1.065659075975418091e-01,-8.726699650287628174e-02,-8.726699948310852051e-01,2.617996037006378174e-01,-1.346356749534606934e+00,-1.037813782691955566e+00,1.123204469680786133e+00,-8.726699650287628174e-02,-8.726699948310852051e-01,-2.617999911308288574e-01,-2.131973505020141602e-01,1.248966753482818604e-01,-5.194063782691955566e-01,-5.925083756446838379e-01,6.544717550277709961e-01,-1.851994395256042480e-01,8.494111895561218262e-01,1.936077177524566650e-01,-2.156856358051300049e-01,1.184505373239517212e-01,-5.950947403907775879e-01,-8.146404623985290527e-01,1.340513378381729126e-01,5.908971428871154785e-01,-4.296430572867393494e-02,-1.757302433252334595e-01,-1.331733763217926025e-01
-4.906450212001800537e-01,1.743774712085723877e-01,1.686558723449707031e+00,-5.427806824445724487e-02,3.503029048442840576e-01,2.474629580974578857e-01,9.017227292060852051e-01,-1.426497578620910645e+00,-4.947211444377899170e-01,-1.244880035519599915e-01,-8.726699650287628174e-02,-8.726699948310852051e-01,2.617999911308288574e-01,-1.441345691680908203e+00,-9.702706933021545410e-01,1.145657062530517578e+00,-8.726614713668823242e-02,-8.726699948310852051e-01,-2.617999911308288574e-01,-2.188505083322525024e-01,1.260261833667755127e-01,-5.168603658676147461e-01,-5.974459648132324219e-01,7.002670168876647949e-01,-1.597533673048019409e-01,8.148168921470642090e-01,2.065675407648086548e-01,-2.177422195672988892e-01,1.502082645893096924e-01,-6.011988520622253418e-01,-8.480209708213806152e-01,1.204983070492744446e-01,5.316845178604125977e-01,-5.949119850993156433e-02,-1.914112865924835205e-01,-1.509842872619628906e-01
-4.015645980834960938e-01,2.665489017963409424e-01,1.623860239982604980e+00,-5.462144315242767334e-02,3.344250023365020752e-01,1.765012145042419434e-01,9.241340160369873047e-01,-1.358996510505676270e+00,-4.445423781871795654e-01,-7.350167632102966309e-02,-8.726699650287628174e-02,-8.726699948310852051e-01,2.617999911308288574e-01,-1.466912746429443359e+00,-1.357353687286376953e+00,1.057300686836242676e+00,1.482688784599304199e-01,-8.096165060997009277e-01,-2.617999911308288574e-01,-2.130923718214035034e-01,5.222548544406890869e-02,-5.094677805900573730e-01,-5.205168724060058594e-01,8.180779814720153809e-01,-3.213642165064811707e-02,6.647989749908447266e-01,2.642180919647216797e-01,-2.057073861360549927e-01,2.642681896686553955e-01,-5.463820099830627441e-01,-9.437696933746337891e-01,4.079672321677207947e-02,2.806080877780914307e-01,-1.254727393388748169e-01,-2.074159681797027588e-01,-2.132062911987304688e-01
-4.136651754379272461e-01,2.666287720203399658e-01,1.587246656417846680e+00,-7.445620000362396240e-02,3.250608444213867188e-01,2.076390385627746582e-01,9.196074008941650391e-01,-1.397167801856994629e+00,-4.786004126071929932e-01,-1.618787050247192383e-01,-8.726699650287628174e-02,-8.726699948310852051e-01,2.617999911308288574e-01,-1.470055460929870605e+00,-1.462892889976501465e+00,1.091792225837707520e+00,1.516367942094802856e-01,-8.168085813522338867e-01,-2.617999911308288574e-01,-2.460453361272811890e-01,9.792751818895339966e-02,-5.115992426872253418e-01,-5.023439526557922363e-01,8.255490660667419434e-01,-3.571773320436477661e-02,6.280195116996765137e-01,2.779661118984222412e-01,-2.087228745222091675e-01,2.729831635951995850e-01,-5.173678398132324219e-01,-9.592407941818237305e-01,2.318742126226425171e-02,2.611602544784545898e-01,-1.370137184858322144e-01,-1.997345238924026489e-01,-2.207335382699966431e-01
-3.501717746257781982e-01,1.738591641187667847e-01,1.789406061172485352e+00,1.020722091197967529e-01,4.091792106628417969e-01,2.515373229980468750e-01,8.711386919021606445e-01,-1.311700463294982910e+00,-5.235999822616577148e-01,-1.390801817178726196e-01,-8.726699650287628174e-02,-8.726699948310852051e-01,2.604019939899444580e-01,-1.454653978347778320e+00,-1.028523802757263184e+00,8.280099034309387207e-01,5.379207432270050049e-03,-7.827110290527343750e-01,2.617999911308288574e-01,-2.965259253978729248e-01,1.896637827157974243e-01,-5.199999809265136719e-01,-4.441044628620147705e-01,8.926100134849548340e-01,-5.969086196273565292e-03,5.170776247978210449e-01,3.250851929187774658e-01,-2.041738927364349365e-01,3.137378692626953125e-01,-4.457273483276367188e-01,-9.883702397346496582e-01,-5.049408227205276489e-02,1.581414490938186646e-01,-1.745648682117462158e-01,-1.851872652769088745e-01,-2.474613040685653687e-01
-3.564282059669494629e-01,2.080433815717697144e-01,1.760241270065307617e+00,4.861846938729286194e-02,4.023267328739166260e-01,2.350749373435974121e-01,8.834643363952636719e-01,-1.282809853553771973e+00,-5.034943819046020508e-01,-1.524343043565750122e-01,-8.722775429487228394e-02,-8.726699948310852051e-01,2.551058530807495117e-01,-1.489916443824768066e+00,-1.055077672004699707e+00,8.303335905075073242e-01,-3.080733492970466614e-02,-8.137016892433166504e-01,2.617999911308288574e-01,-3.073722124099731445e-01,1.731279939413070679e-01,-5.199999809265136719e-01,-4.388662278652191162e-01,9.002265334129333496e-01,8.614685386419296265e-03,5.041541457176208496e-01,3.304777145385742188e-01,-2.023974806070327759e-01,3.230078816413879395e-01,-4.456107318401336670e-01,-1.005582332611083984e+00,-6.212208420038223267e-02,1.306671202182769775e-01,-1.853040754795074463e-01,-1.869435310363769531e-01,-2.512155473232269287e-01
-3.825466036796569824e-01,3.792929649353027344e-01,1.607878327369689941e+00,-1.780294626951217651e-02,3.317462205886840820e-01,3.734327852725982666e-02,9.424611330032348633e-01,-1.399387359619140625e+00,-3.334883451461791992e-01,-9.432879835367202759e-02,-8.726699650287628174e-02,-8.726699948310852051e-01,2.617999911308288574e-01,-1.477114439010620117e+00,-1.569998741149902344e+00,6.199198961257934570e-01,-8.720479905605316162e-02,-8.726699948310852051e-01,-2.617621123790740967e-01,-7.690318673849105835e-02,-1.357779838144779205e-02,-5.137577652931213379e-01,-4.164985716342926025e-01,9.840133190155029297e-01,1.487908512353897095e-01,4.772601425647735596e-01,3.631550073623657227e-01,-1.708237528800964355e-01,3.751089274883270264e-01,-5.002837777137756348e-01,-1.039383411407470703e+00,-7.872853428125381470e-02,-2.353954873979091644e-02,-2.167094051837921143e-01,-2.140919268131256104e-01,-2.611226737499237061e-01
-3.417335450649261475e-01,4.275903105735778809e-01,1.550009250640869141e+00,-3.904933482408523560e-02,3.281172513961791992e-01,-4.851600527763366699e-02,9.425817728042602539e-01,-1.385932207107543945e+00,-3.644258081912994385e-01,-9.769714623689651489e-02,-8.726699650287628174e-02,-8.726699948310852051e-01,2.617999911308288574e-01,-1.504292368888854980e+00,-1.570000052452087402e+00,5.642349720001220703e-01,-2.226569131016731262e-02,-8.053979873657226562e-01,-2.617999017238616943e-01,-6.833881884813308716e-02,-1.082413550466299057e-02,-5.096352100372314453e-01,-4.078938663005828857e-01,9.913876652717590332e-01,1.460386663675308228e-01,4.701228737831115723e-01,3.682712614536285400e-01,-1.711880415678024292e-01,3.751738667488098145e-01,-4.937740862369537354e-01,-1.044616580009460449e+00,-7.669451832771301270e-02,-2.793829143047332764e-02,-2.204320132732391357e-01,-2.123414427042007446e-01,-2.596227824687957764e-01
-3.129442930221557617e-01,4.328135251998901367e-01,1.534436345100402832e+00,-4.527761787176132202e-02,3.277267515659332275e-01,-8.986286818981170654e-02,9.393986463546752930e-01,-1.378651022911071777e+00,-3.479362428188323975e-01,-1.325101256370544434e-01,-8.726699650287628174e-02,-8.726699948310852051e-01,2.617999911308288574e-01,-1.524061560630798340e+00,-1.569497823715209961e+00,5.156796574592590332e-01,-1.001115795224905014e-02,-8.252308368682861328e-01,-2.617999911308288574e-01,-4.526663944125175476e-02,-9.300314821302890778e-03,-5.127986669540405273e-01,-3.993920981884002686e-01,1.007955074310302734e+00,1.465485990047454834e-01,4.628565907478332520e-01,3.762711882591247559e-01,-1.703698486089706421e-01,3.768945932388305664e-01,-4.926521778106689453e-01,-1.051787376403808594e+00,-7.626420259475708008e-02,-3.660745173692703247e-02,-2.248999774456024170e-01,-2.124579399824142456e-01,-2.594824135303497314e-01
-3.106902539730072021e-01,4.552599489688873291e-01,1.535922288894653320e+00,-1.155993267893791199e-01,3.254092931747436523e-01,-1.773137003183364868e-01,9.215776920318603516e-01,-1.395273208618164062e+00,-5.231608152389526367e-01,-3.694340214133262634e-02,-8.726699650287628174e-02,-8.726699948310852051e-01,2.142465263605117798e-01,-1.540953397750854492e+00,-1.566941738128662109e+00,4.758353829383850098e-01,-2.666308358311653137e-02,-8.541867136955261230e-01,-2.617999911308288574e-01,-1.863105036318302155e-02,-7.439424283802509308e-03,-5.113946795463562012e-01,-3.912399411201477051e-01,1.023767352104187012e+00,1.464158296585083008e-01,4.605332016944885254e-01,3.832124173641204834e-01,-1.685775667428970337e-01,3.781064748764038086e-01,-4.926848411560058594e-01,-1.055222988128662109e+00,-7.440273463726043701e-02,-4.328322783112525940e-02,-2.273964732885360718e-01,-2.133949249982833862e-01,-2.594162225723266602e-01
-3.280141353607177734e-01,4.718330204486846924e-01,1.514167428016662598e+00,-1.197936534881591797e-01,2.978337407112121582e-01,-2.065099477767944336e-01,9.242825508117675781e-01,-1.534983038902282715e+00,-5.235999822616577148e-01,-3.466671332716941833e-02,-8.726699650287628174e-02,-8.726699948310852051e-01,1.571005135774612427e-01,-1.502514243125915527e+00,-1.465648293495178223e+00,4.497600793838500977e-01,-8.726640790700912476e-02,-8.664226531982421875e-01,-2.617999911308288574e-01,7.462645322084426880e-02,-8.925239555537700653e-03,-5.055843591690063477e-01,-3.575374186038970947e-01,1.099912405014038086e+00,1.453251838684082031e-01,4.499815404415130615e-01,4.147025048732757568e-01,-1.605059504508972168e-01,3.841280043125152588e-01,-4.947822093963623047e-01,-1.084805369377136230e+00,-7.004428654909133911e-02,-7.045693695545196533e-02,-2.435122579336166382e-01,-2.157094031572341919e-01,-2.598333954811096191e-01
-3.563127517700195312e-01,4.810012280941009521e-01,1.488213777542114258e+00,-1.678308099508285522e-01,2.222540378570556641e-01,-1.963205486536026001e-01,9.401564598083496094e-01,-1.521003484725952148e+00,-5.235999822616577148e-01,-2.078786045312881470e-01,-8.726699650287628174e-02,-8.726699948310852051e-01,8.679161965847015381e-02,-1.389399051666259766e+00,-1.391705155372619629e+00,5.086263418197631836e-01,-8.726699650287628174e-02,-8.665441870689392090e-01,-2.617999911308288574e-01,1.641891747713088989e-01,2.056427486240863800e-02,-4.412933290004730225e-01,-2.838384807109832764e-01,1.246103286743164062e+00,1.143673062324523926e-01,3.962973058223724365e-01,4.777941107749938965e-01,-1.557684540748596191e-01,3.938863873481750488e-01,-4.604894518852233887e-01,-1.197962403297424316e+00,-5.828189477324485779e-02,-1.086641103029251099e-01,-2.990615367889404297e-01,-2.001609802246093750e-01,-2.539983093738555908e-01
-4.020125865936279297e-01,4.643678069114685059e-01,1.443984031677246094e+00,-2.241664081811904907e-01,1.233754605054855347e-01,-1.147973984479904175e-01,9.598695039749145508e-01,-1.514666080474853516e+00,-5.235999822616577148e-01,-4.551876187324523926e-01,-8.726699650287628174e-02,-8.494906425476074219e-01,9.134396165609359741e-02,-1.256043195724487305e+00,-1.474619507789611816e+00,6.205450892448425293e-01,-8.726699650287628174e-02,-8.573736548423767090e-01,-2.617999911308288574e-01,1.431571096181869507e-01,1.181868761777877808e-01,-3.468534946441650391e-01,-2.365071773529052734e-01,1.347272872924804688e+00,7.359518855810165405e-02,3.222687244415283203e-01,5.207040905952453613e-01,-1.631285399198532104e-01,4.015295207500457764e-01,-4.022898077964782715e-01,-1.298680186271667480e+00,-5.082334950566291809e-02,-1.058420464396476746e-01,-3.477265536785125732e-01,-1.662987470626831055e-01,-2.485597133636474609e-01
-5.245513319969177246e-01,2.556082308292388916e-01,1.389681935310363770e+00,-3.608799278736114502e-01,-3.334339335560798645e-02,1.598580628633499146e-01,9.182043671607971191e-01,-1.570000052452087402e+00,-2.616492807865142822e-01,-1.152083516120910645e+00,2.256811857223510742e-01,-1.878799796104431152e-01,2.617999911308288574e-01,-8.807216286659240723e-01,-1.569995880126953125e+00,9.609665274620056152e-01,8.698387444019317627e-02,-6.736194491386413574e-01,-2.617999911308288574e-01,-2.262521907687187195e-02,2.791408300399780273e-01,-2.043512016534805298e-01,-2.088784128427505493e-01,1.414829373359680176e+00,1.859442330896854401e-02,2.186736017465591431e-01,5.508168935775756836e-01,-1.847213506698608398e-01,4.079381525516510010e-01,-3.236511051654815674e-01,-1.401783466339111328e+00,-4.001105949282646179e-02,-6.940381973981857300e-02,-3.943174481391906738e-01,-1.197928711771965027e-01,-2.407270967960357666e-01
-4.460859894752502441e-01,3.422576487064361572e-01,1.293742299079895020e+00,-3.346436321735382080e-01,-1.546811610460281372e-01,6.635460257530212402e-02,9.271916747093200684e-01,-1.570000052452087402e+00,-5.235999822616577148e-01,-1.358663320541381836e+00,-8.726699650287628174e-02,-8.726698160171508789e-01,1.018240228295326233e-01,-6.768440008163452148e-01,-1.569998025894165039e+00,1.031264305114746094e+00,-2.600779570639133453e-02,-7.854474186897277832e-01,-2.617999911308288574e-01,-1.016660481691360474e-01,3.679578006267547607e-01,-2.722606761381030083e-03,-1.548204571008682251e-01,1.458827853202819824e+00,-4.670044779777526855e-02,1.474158018827438354e-01,5.712387561798095703e-01,-1.926729977130889893e-01,3.977303802967071533e-01,-2.448271214962005615e-01,-1.477653622627258301e+00,-6.720628589391708374e-03,-5.708024650812149048e-02,-4.243997037410736084e-01,-8.886452019214630127e-02,-2.372408211231231689e-01
-5.791005492210388184e-01,1.079004108905792236e-01,1.454150080680847168e+00,-2.321031391620635986e-01,1.537797600030899048e-01,5.970814824104309082e-01,7.523121833801269531e-01,-1.570000052452087402e+00,-5.235998630523681641e-01,-1.570000052452087402e+00,-5.914973095059394836e-02,-6.775922179222106934e-01,-2.617999911308288574e-01,-2.911683022975921631e-01,-1.570000052452087402e+00,1.314624547958374023e+00,1.169964909553527832e+00,-2.655965387821197510e-01,-2.617999911308288574e-01,-5.557333230972290039e-01,3.999970257282257080e-01,7.822186499834060669e-02,-1.453382223844528198e-01,1.324448466300964355e+00,-1.135110855102539062e-01,4.966814070940017700e-02,5.333029031753540039e-01,-2.297894954681396484e-01,3.894367814064025879e-01,-2.044459432363510132e-01,-1.477271199226379395e+00,-5.840285122394561768e-02,4.355523362755775452e-02,-4.258746206760406494e-01,-2.326178923249244690e-02,-2.393340617418289185e-01
-4.236698746681213379e-01,7.711868733167648315e-03,1.516347885131835938e+00,6.573244929313659668e-02,1.899098604917526245e-01,6.649970412254333496e-01,7.192999124526977539e-01,-1.384746909141540527e+00,-3.614429533481597900e-01,-1.518556237220764160e+00,-8.726699650287628174e-02,-8.726699948310852051e-01,-2.617999911308288574e-01,8.915227651596069336e-02,-1.536548852920532227e+00,1.568790197372436523e+00,2.421788215637207031e+00,-6.664868593215942383e-01,-2.264536023139953613e-01,-9.808724522590637207e-01,1.125297397375106812e-01,2.440815418958663940e-01,8.196855336427688599e-02,8.700787425041198730e-01,-4.501241743564605713e-01,1.301063001155853271e-01,3.910740613937377930e-01,-2.632984817028045654e-01,1.924307793378829956e-01,-1.639687120914459229e-01,-1.192290425300598145e+00,-1.713533848524093628e-01,1.490699946880340576e-01,-3.026829063892364502e-01,2.025349624454975128e-02,-2.246651798486709595e-01
-3.433710634708404541e-01,3.090556338429450989e-02,1.278568267822265625e+00,2.237544059753417969e-01,-1.885819435119628906e-01,6.736143827438354492e-01,6.786858439445495605e-01,-1.570000052452087402e+00,6.018196046352386475e-02,-1.447973728179931641e+00,-4.140128195285797119e-02,-8.031802177429199219e-01,2.617999911308288574e-01,3.857544064521789551e-01,-1.465756297111511230e+00,1.570000052452087402e+00,2.456132173538208008e+00,-6.205943226814270020e-01,-2.617966234683990479e-01,-1.189326047897338867e+00,1.917651295661926270e-02,3.773205876350402832e-01,8.768165111541748047e-02,5.951322317123413086e-01,-5.342981219291687012e-01,2.576052546501159668e-01,2.923788130283355713e-01,-2.206903696060180664e-01,6.134139373898506165e-02,9.079733490943908691e-02,-8.292734622955322266e-01,-2.319437684491276741e-03,4.416106939315795898e-01,-1.464786082506179810e-01,1.167095825076103210e-01,-1.907958649098873138e-02
-3.273965716361999512e-01,5.574871227145195007e-02,1.232774257659912109e+00,2.386607378721237183e-01,-3.007165789604187012e-01,6.574531793594360352e-01,6.483563184738159180e-01,-1.570000052452087402e+00,2.098516002297401428e-02,-1.469859957695007324e+00,-5.855081602931022644e-02,-8.086151480674743652e-01,2.617999911308288574e-01,5.980656147003173828e-01,-1.505168795585632324e+00,1.569987297058105469e+00,2.350129365921020508e+00,-7.164420485496520996e-01,-2.617999911308288574e-01,-1.206122279167175293e+00,-8.633191883563995361e-02,4.538328945636749268e-01,1.083960905671119690e-01,5.354695916175842285e-01,-5.657003521919250488e-01,2.970055043697357178e-01,2.702704966068267822e-01,-2.070326507091522217e-01,1.938544027507305145e-02,1.583384871482849121e-01,-7.993397712707519531e-01,4.423247650265693665e-02,5.084640979766845703e-01,-1.307610124349594116e-01,1.396327018737792969e-01,2.490793913602828979e-02
-3.259982168674468994e-01,5.250146612524986267e-02,1.211632132530212402e+00,1.928906291723251343e-01,-3.423239290714263916e-01,6.466477513313293457e-01,6.537998318672180176e-01,-1.570000052452087402e+00,-7.277826964855194092e-02,-1.569916963577270508e+00,-6.201824173331260681e-02,-8.352009654045104980e-01,2.617999911308288574e-01,6.556266546249389648e-01,-1.531781315803527832e+00,1.567822575569152832e+00,2.336480379104614258e+00,-7.155524492263793945e-01,-2.617999911308288574e-01,-1.220220208168029785e+00,-1.639771312475204468e-01,5.199804902076721191e-01,1.263651847839355469e-01,5.016340613365173340e-01,-5.923964381217956543e-01,3.252233266830444336e-01,2.533419132232666016e-01,-1.981827169656753540e-01,-1.676683314144611359e-02,2.217714339494705200e-01,-7.842321991920471191e-01,9.302223473787307739e-02,5.591670870780944824e-01,-1.214071661233901978e-01,1.548566073179244995e-01,6.641186028718948364e-02
-3.242717981338500977e-01,7.445768266916275024e-02,1.145615577697753906e+00,2.159608751535415649e-01,-4.104992747306823730e-01,6.240273118019104004e-01,6.288411617279052734e-01,-1.570000052452087402e+00,-8.465813845396041870e-02,-1.569999814033508301e+00,-6.423016637563705444e-02,-8.399667143821716309e-01,2.617999911308288574e-01,7.299134731292724609e-01,-1.569904446601867676e+00,1.568359375000000000e+00,2.378723621368408203e+00,-7.404897809028625488e-01,-2.617999911308288574e-01,-1.221707582473754883e+00,-2.038806676864624023e-01,5.199999809265136719e-01,1.287774443626403809e-01,4.920067489147186279e-01,-5.993019342422485352e-01,3.285269439220428467e-01,2.472637295722961426e-01,-1.982926130294799805e-01,-2.695066109299659729e-02,2.451742291450500488e-01,-7.842853665351867676e-01,1.094596758484840393e-01,5.755122900009155273e-01,-1.201576963067054749e-01,1.599274873733520508e-01,7.944175601005554199e-02
-3.414714932441711426e-01,5.063180997967720032e-02,1.074720978736877441e+00,2.427987754344940186e-01,-3.555505573749542236e-01,6.958224773406982422e-01,5.748596787452697754e-01,-1.570000052452087402e+00,-5.967657640576362610e-02,-1.570000052452087402e+00,-7.116431742906570435e-02,-8.225389719009399414e-01,2.617999911308288574e-01,3.505775332450866699e-01,-1.569938898086547852e+00,1.104178905487060547e+00,2.432682037353515625e+00,-8.432759642601013184e-01,-1.988038867712020874e-01,-1.140785813331604004e+00,-2.715522944927215576e-01,4.694091379642486572e-01,6.859607249498367310e-02,4.885005950927734375e-01,-5.306674242019653320e-01,3.125994205474853516e-01,2.070995420217514038e-01,-2.118706554174423218e-01,-5.376948043704032898e-02,3.104061484336853027e-01,-7.826983332633972168e-01,1.943753063678741455e-01,6.081510186195373535e-01,-1.112107411026954651e-01,1.496126502752304077e-01,1.685332059860229492e-01
-2.817567586898803711e-01,6.308176368474960327e-02,1.133484363555908203e+00,1.580569893121719360e-01,-1.630180180072784424e-01,8.275278806686401367e-01,5.134595632553100586e-01,-1.430855751037597656e+00,1.452488452196121216e-01,-1.409522891044616699e+00,5.042774975299835205e-02,-7.844115495681762695e-01,2.617999911308288574e-01,-1.755025088787078857e-01,-1.569187045097351074e+00,6.792667508125305176e-01,2.554503679275512695e+00,-8.726699948310852051e-01,-5.368941277265548706e-02,-1.245693087577819824e+00,-1.931175887584686279e-01,2.131407260894775391e-01,-1.170870736241340637e-01,6.089525222778320312e-01,-4.524242877960205078e-01,2.405239790678024292e-01,2.072059661149978638e-01,-2.463362365961074829e-01,-5.860629305243492126e-02,2.809909880161285400e-01,-6.805909872055053711e-01,1.580650210380554199e-01,5.900164246559143066e-01,-6.469103693962097168e-02,1.170948073267936707e-01,2.347859740257263184e-01
-1.656437069177627563e-01,5.537607148289680481e-02,1.122443318367004395e+00,1.967250704765319824e-01,1.270786076784133911e-01,7.132057547569274902e-01,6.606722474098205566e-01,-1.436365962028503418e+00,5.626401901245117188e-01,-5.949975252151489258e-01,1.981516033411026001e-01,-8.726049065589904785e-01,2.617999911308288574e-01,-1.006275296211242676e+00,-1.569999217987060547e+00,-1.950846910476684570e-01,1.987346887588500977e+00,-8.042263984680175781e-01,1.424556970596313477e-01,-1.260447978973388672e+00,-1.089700087904930115e-01,-2.177975773811340332e-01,-3.423300087451934814e-01,7.636141180992126465e-01,-3.065905272960662842e-01,1.211542785167694092e-01,1.575088351964950562e-01,-2.961593866348266602e-01,-5.035087838768959045e-02,2.279391884803771973e-01,-5.828903317451477051e-01,1.115801706910133362e-01,5.798763632774353027e-01,-2.829900756478309631e-02,8.927266299724578857e-02,3.131493031978607178e-01
-8.201054483652114868e-02,4.991605877876281738e-02,1.153124094009399414e+00,1.848180145025253296e-01,3.436113297939300537e-01,7.168973088264465332e-01,5.777817368507385254e-01,-1.342958569526672363e+00,5.217613577842712402e-01,-1.507025808095932007e-01,2.615163922309875488e-01,-8.726699948310852051e-01,2.617999911308288574e-01,-1.215574979782104492e+00,-1.565636277198791504e+00,-4.439792633056640625e-01,1.657612442970275879e+00,-6.868593692779541016e-01,9.442279487848281860e-02,-1.193921923637390137e+00,5.461447685956954956e-02,-5.199988484382629395e-01,-4.943119287490844727e-01,9.088166952133178711e-01,-1.756538599729537964e-01,8.711746893823146820e-03,7.547648251056671143e-02,-3.341784477233886719e-01,-2.221038006246089935e-02,2.056277692317962646e-01,-4.821786284446716309e-01,1.348644047975540161e-01,6.061968207359313965e-01,-6.583140697330236435e-03,8.608652651309967041e-02,3.848791420459747314e-01
-6.327241659164428711e-02,3.776657581329345703e-02,1.191031932830810547e+00,1.617678552865982056e-01,4.049791991710662842e-01,7.172330021858215332e-01,5.435069799423217773e-01,-1.465860724449157715e+00,3.320370912551879883e-01,-2.810269594192504883e-01,4.012425243854522705e-01,-8.726699948310852051e-01,2.617999911308288574e-01,-1.354272484779357910e+00,-1.539514780044555664e+00,-4.880959689617156982e-01,1.514575123786926270e+00,-6.413047909736633301e-01,4.862362146377563477e-02,-1.246958851814270020e+00,1.195098385214805603e-01,-5.199999809265136719e-01,-7.226966023445129395e-01,9.864490628242492676e-01,2.713295444846153259e-02,-1.327981799840927124e-01,-1.316587813198566437e-02,-3.792859911918640137e-01,8.753289282321929932e-02,1.221459135413169861e-01,-4.278331100940704346e-01,9.653424471616744995e-02,6.336139440536499023e-01,1.414665300399065018e-02,8.172837644815444946e-02,3.885757327079772949e-01
-7.108071446418762207e-02,2.547442167997360229e-02,1.186211705207824707e+00,1.973402947187423706e-01,3.547869622707366943e-01,7.103778719902038574e-01,5.749315619468688965e-01,-1.569999933242797852e+00,1.062304079532623291e-01,-5.790528059005737305e-01,9.250891804695129395e-01,-8.726699948310852051e-01,2.617999911308288574e-01,-1.392054080963134766e+00,-1.568204641342163086e+00,-3.852553963661193848e-01,1.482432365417480469e+00,-6.604578495025634766e-01,1.654182327911257744e-03,-1.320997357368469238e+00,1.348634511232376099e-01,-5.199999809265136719e-01,-9.172960519790649414e-01,1.035782456398010254e+00,2.192849963903427124e-01,-2.166879475116729736e-01,-9.127386659383773804e-02,-3.986881077289581299e-01,2.639651000499725342e-01,6.493429094552993774e-02,-3.882343173027038574e-01,8.973166346549987793e-02,6.968596577644348145e-01,4.001573845744132996e-02,9.162806719541549683e-02,3.521545827388763428e-01
-1.856443583965301514e-01,2.213489823043346405e-02,1.166541934013366699e+00,2.568191587924957275e-01,1.277630031108856201e-01,5.817748308181762695e-01,7.610903978347778320e-01,-1.570000052452087402e+00,-5.235238671302795410e-01,-1.161769866943359375e+00,2.093398332595825195e+00,-8.726699948310852051e-01,2.617999911308288574e-01,-1.176349639892578125e+00,-1.441838383674621582e+00,-7.744607329368591309e-02,1.497933745384216309e+00,-6.096091866493225098e-01,2.797078154981136322e-02,-1.196470975875854492e+00,-8.452802151441574097e-02,-5.010714530944824219e-01,-9.454855918884277344e-01,1.120660185813903809e+00,3.312439322471618652e-01,-1.940661519765853882e-01,-1.155103892087936401e-01,-3.686512410640716553e-01,4.665975272655487061e-01,6.907290965318679810e-02,-4.047671258449554443e-01,1.910153776407241821e-01,7.891175746917724609e-01,5.183963477611541748e-02,1.011086627840995789e-01,2.982838749885559082e-01
-1.640682369470596313e-01,5.053446814417839050e-02,1.175665974617004395e+00,1.800349205732345581e-01,1.526093780994415283e-01,5.973434448242187500e-01,7.664715051651000977e-01,-1.561928629875183105e+00,-5.235159993171691895e-01,-1.121472239494323730e+00,2.150551557540893555e+00,-8.726699948310852051e-01,2.617765665054321289e-01,-1.187195897102355957e+00,-1.380414485931396484e+00,-7.712659239768981934e-02,1.466025829315185547e+00,-6.013552546501159668e-01,6.781134754419326782e-02,-1.175371408462524414e+00,-1.300655901432037354e-01,-4.457433223724365234e-01,-9.270547032356262207e-01,1.141780495643615723e+00,3.354479372501373291e-01,-1.808942854404449463e-01,-1.078011766076087952e-01,-3.598258495330810547e-01,5.009033679962158203e-01,1.093391776084899902e-01,-4.100364148616790771e-01,2.054949402809143066e-01,8.177176713943481445e-01,5.991996452212333679e-02,1.064733788371086121e-01,2.881001532077789307e-01
-1.880169212818145752e-01,2.994927577674388885e-02,1.185082316398620605e+00,1.003778874874114990e-01,1.399888098239898682e-01,5.949492454528808594e-01,7.850877642631530762e-01,-1.565518617630004883e+00,-5.235199928283691406e-01,-9.375786185264587402e-01,1.812992334365844727e+00,-8.726699948310852051e-01,2.617812454700469971e-01,-1.216331958770751953e+00,-1.242066502571105957e+00,-9.529437869787216187e-02,1.399421691894531250e+00,-5.152267813682556152e-01,1.144976392388343811e-01,-1.133224606513977051e+00,-8.363115787506103516e-02,-4.113148152828216553e-01,-9.224858283996582031e-01,1.198512315750122070e+00,3.260934948921203613e-01,-1.928937435150146484e-01,-9.524692595005035400e-02,-3.635214269161224365e-01,5.296680331230163574e-01,1.412070542573928833e-01,-3.824623227119445801e-01,1.941754072904586792e-01,8.308642506599426270e-01,8.311943709850311279e-02,1.035056263208389282e-01,2.804644107818603516e-01
-2.079646885395050049e-01,1.020780056715011597e-01,1.232839941978454590e+00,3.861469402909278870e-02,1.921961158514022827e-01,4.424948096275329590e-01,8.750816583633422852e-01,-1.371718525886535645e+00,-5.235999822616577148e-01,-3.853647708892822266e-01,1.544557452201843262e+00,-8.726699948310852051e-01,2.617999911308288574e-01,-1.177280664443969727e+00,-7.666497826576232910e-01,2.180950157344341278e-02,8.902860283851623535e-01,-1.920531988143920898e-01,2.467994093894958496e-01,-6.869562268257141113e-01,1.136609911918640137e-02,-4.253427684307098389e-01,-9.238852858543395996e-01,1.498015284538269043e+00,2.988735139369964600e-01,-1.490970402956008911e-01,-5.641527473926544189e-02,-3.376634418964385986e-01,7.578763961791992188e-01,1.800843626260757446e-01,-3.943892419338226318e-01,1.743266284465789795e-01,7.943754196166992188e-01,2.153167426586151123e-01,2.179407747462391853e-03,1.993508934974670410e-01
-1.162100061774253845e-01,1.921583116054534912e-01,1.198404550552368164e+00,3.888882696628570557e-02,2.828568220138549805e-01,4.044618308544158936e-01,8.688442111015319824e-01,-4.337978363037109375e-01,-2.865041196346282959e-01,-5.790715813636779785e-01,-7.668741792440414429e-02,-8.726699948310852051e-01,2.617999911308288574e-01,-1.261792898178100586e+00,-6.915675401687622070e-01,1.651805937290191650e-01,6.846729516983032227e-01,-6.416779011487960815e-02,2.617999911308288574e-01,-4.650233387947082520e-01,-6.044414266943931580e-02,-4.282037615776062012e-01,-9.260463714599609375e-01,1.599254608154296875e+00,2.265570014715194702e-01,-1.050466522574424744e-01,-9.519737958908081055e-02,-3.928155601024627686e-01,7.987675070762634277e-01,2.911059260368347168e-01,-4.368951022624969482e-01,4.394153133034706116e-02,7.510520815849304199e-01,3.272318542003631592e-01,-7.000932097434997559e-02,1.492219865322113037e-01
-7.652898877859115601e-02,2.254324406385421753e-01,1.174769759178161621e+00,-3.899099677801132202e-02,3.363038226962089539e-02,2.929635643959045410e-01,9.547361135482788086e-01,-5.983630195260047913e-02,7.987213134765625000e-02,-2.825641632080078125e-01,6.594294309616088867e-01,-6.904973387718200684e-01,-5.456485226750373840e-02,-7.071043848991394043e-01,-2.484840601682662964e-01,3.445878624916076660e-02,8.429653644561767578e-01,-1.918406933546066284e-01,2.617999911308288574e-01,-1.509967744350433350e-01,1.139036789536476135e-01,2.075587585568428040e-02,-9.479053616523742676e-01,1.691906094551086426e+00,9.426993131637573242e-02,-8.350914716720581055e-02,-1.686831712722778320e-01,-4.345052540302276611e-01,6.838058233261108398e-01,4.113996028900146484e-01,-4.679147303104400635e-01,-6.823169440031051636e-02,6.919730305671691895e-01,4.077612161636352539e-01,-8.012448251247406006e-02,1.371022611856460571e-01
-6.263359636068344116e-02,2.340136021375656128e-01,1.155799508094787598e+00,-5.570795014500617981e-02,-4.762562923133373260e-03,3.044098913669586182e-01,9.508988261222839355e-01,-2.363715693354606628e-02,1.837504804134368896e-01,-2.827921509742736816e-01,7.796249389648437500e-01,-6.027645468711853027e-01,-1.115426793694496155e-01,-6.070044636726379395e-01,-1.709287762641906738e-01,-2.248548844363540411e-04,8.719437122344970703e-01,-2.033075541257858276e-01,2.617999911308288574e-01,-1.154691353440284729e-01,1.780454516410827637e-01,1.030000895261764526e-01,-9.373322129249572754e-01,1.778770446777343750e+00,3.452385962009429932e-02,-9.100451320409774780e-02,-2.019197642803192139e-01,-4.342950284481048584e-01,5.992625951766967773e-01,4.635463356971740723e-01,-4.480457901954650879e-01,-1.674316078424453735e-01,6.819282174110412598e-01,4.617179036140441895e-01,-7.963283360004425049e-02,1.225951611995697021e-01
-5.204415321350097656e-02,2.448091953992843628e-01,1.135090351104736328e+00,-5.827648192644119263e-02,-1.889283582568168640e-02,3.153141736984252930e-01,9.470078349113464355e-01,-4.960438236594200134e-02,2.367722243070602417e-01,-2.680718302726745605e-01,8.896500468254089355e-01,-5.713503360748291016e-01,-1.264643222093582153e-01,-5.645899772644042969e-01,-1.358606219291687012e-01,-1.008086837828159332e-02,9.140840172767639160e-01,-2.657126784324645996e-01,2.617999911308288574e-01,-8.177840709686279297e-02,1.918158680200576782e-01,1.209431737661361694e-01,-9.101999998092651367e-01,1.841411948204040527e+00,6.406724569387733936e-04,-1.103823110461235046e-01,-2.038150876760482788e-01,-4.291243255138397217e-01,5.549392700195312500e-01,5.041875839233398438e-01,-4.130194485187530518e-01,-2.190111577510833740e-01,7.005282044410705566e-01,4.881946742534637451e-01,-7.875909656286239624e-02,1.082849279046058655e-01
-4.626312479376792908e-02,2.583933472633361816e-01,1.114906311035156250e+00,-5.120296031236648560e-02,-3.054387867450714111e-02,3.272365629673004150e-01,9.430596828460693359e-01,-9.199150651693344116e-02,2.546488344669342041e-01,-2.449753880500793457e-01,9.999532103538513184e-01,-5.493050813674926758e-01,-1.205168887972831726e-01,-5.277237892150878906e-01,-1.436149626970291138e-01,-2.490041591227054596e-02,9.571443200111389160e-01,-3.612037599086761475e-01,2.557361423969268799e-01,-4.786558449268341064e-02,1.922911107540130615e-01,1.326462626457214355e-01,-8.893759846687316895e-01,1.885167479515075684e+00,-1.690441370010375977e-02,-1.182256862521171570e-01,-2.045967131853103638e-01,-4.169180989265441895e-01,5.223246812820434570e-01,5.369335412979125977e-01,-3.797695934772491455e-01,-2.623454928398132324e-01,7.377883195877075195e-01,5.254364013671875000e-01,-7.651230692863464355e-02,9.676707535982131958e-02
-2.465711534023284912e-02,2.678990960121154785e-01,1.097738862037658691e+00,-4.474833235144615173e-02,-3.551047667860984802e-02,3.364768624305725098e-01,9.399573802947998047e-01,-1.489091366529464722e-01,2.481016814708709717e-01,-2.244526296854019165e-01,1.086290717124938965e+00,-5.510721802711486816e-01,-1.077405139803886414e-01,-4.997221231460571289e-01,-1.508856862783432007e-01,-6.865193694829940796e-02,1.007833361625671387e+00,-4.702933132648468018e-01,1.918285191059112549e-01,-8.069231174886226654e-03,1.773006170988082886e-01,1.403667479753494263e-01,-8.660562634468078613e-01,1.903549551963806152e+00,-3.527710214257240295e-02,-1.212865114212036133e-01,-2.010359168052673340e-01,-4.050576388835906982e-01,4.918949007987976074e-01,5.570704340934753418e-01,-3.421945273876190186e-01,-2.895066440105438232e-01,7.983580231666564941e-01,5.642099976539611816e-01,-7.187157124280929565e-02,8.124168962240219116e-02
-6.601569242775440216e-03,2.787583470344543457e-01,1.081861972808837891e+00,-3.976151347160339355e-02,-3.770113736391067505e-02,3.477141559123992920e-01,9.359981417655944824e-01,-2.174385040998458862e-01,2.179660201072692871e-01,-1.983246058225631714e-01,1.154497146606445312e+00,-5.701177716255187988e-01,-8.869464695453643799e-02,-4.764919281005859375e-01,-1.704235374927520752e-01,-1.170353516936302185e-01,1.056152582168579102e+00,-5.700984597206115723e-01,1.274765431880950928e-01,3.128717094659805298e-02,1.599925905466079712e-01,1.441547423601150513e-01,-8.371132016181945801e-01,1.904519677162170410e+00,-6.091587617993354797e-02,-1.301115453243255615e-01,-2.035778164863586426e-01,-3.872211575508117676e-01,4.510607719421386719e-01,5.531556606292724609e-01,-3.159570395946502686e-01,-2.985475361347198486e-01,8.973604440689086914e-01,5.997240543365478516e-01,-5.898028984665870667e-02,7.178029417991638184e-02
8.344461210072040558e-03,2.916496098041534424e-01,1.066993236541748047e+00,-3.774695470929145813e-02,-3.526953607797622681e-02,3.545931577682495117e-01,9.335924983024597168e-01,-2.739705741405487061e-01,1.874631494283676147e-01,-1.545408666133880615e-01,1.198567867279052734e+00,-5.972401499748229980e-01,-6.954973191022872925e-02,-4.533024430274963379e-01,-1.876262575387954712e-01,-1.674795150756835938e-01,1.082471728324890137e+00,-6.606937646865844727e-01,7.209546118974685669e-02,7.141833007335662842e-02,1.410134285688400269e-01,1.389833688735961914e-01,-8.056718707084655762e-01,1.893154144287109375e+00,-9.505996108055114746e-02,-1.384228020906448364e-01,-2.028442770242691040e-01,-3.656711876392364502e-01,4.081828594207763672e-01,5.303372740745544434e-01,-3.002675771713256836e-01,-2.686908543109893799e-01,1.000729203224182129e+00,5.898498892784118652e-01,-3.499054908752441406e-02,7.677356153726577759e-02
2.210886962711811066e-02,3.066789507865905762e-01,1.053678750991821289e+00,-3.818387538194656372e-02,-3.472364693880081177e-02,3.575032353401184082e-01,9.324846863746643066e-01,-3.204514086246490479e-01,1.422213762998580933e-01,-1.180231273174285889e-01,1.216790318489074707e+00,-6.210433244705200195e-01,-5.124583840370178223e-02,-4.319743514060974121e-01,-2.036679834127426147e-01,-2.190808504819869995e-01,1.108277797698974609e+00,-7.196901440620422363e-01,2.114627324044704437e-02,1.076375767588615417e-01,1.365080177783966064e-01,1.358198225498199463e-01,-7.634152173995971680e-01,1.892746090888977051e+00,-1.443350613117218018e-01,-1.495793610811233521e-01,-1.866259127855300903e-01,-3.450292944908142090e-01,3.669697046279907227e-01,5.167647004127502441e-01,-2.783765494823455811e-01,-2.648751437664031982e-01,1.040955305099487305e+00,5.981963872909545898e-01,-3.400784730911254883e-02,7.572179287672042847e-02
3.511864691972732544e-02,3.234337866306304932e-01,1.041344165802001953e+00,-3.569897636771202087e-02,-3.562578931450843811e-02,3.579519391059875488e-01,9.323769807815551758e-01,-3.485364913940429688e-01,1.000934168696403503e-01,-7.965022325515747070e-02,1.221249938011169434e+00,-6.297301650047302246e-01,-3.269756585359573364e-02,-3.982099890708923340e-01,-2.068813443183898926e-01,-2.499571591615676880e-01,1.109661936759948730e+00,-7.686040401458740234e-01,-9.412324056029319763e-03,1.497906595468521118e-01,1.335341036319732666e-01,1.294765621423721313e-01,-6.942535638809204102e-01,1.871323466300964355e+00,-2.219542115926742554e-01,-1.683370023965835571e-01,-2.056212127208709717e-01,-3.229660391807556152e-01,2.738113701343536377e-01,4.832094609737396240e-01,-2.704278230667114258e-01,-2.212049961090087891e-01,1.085592389106750488e+00,5.561351776123046875e-01,-1.365181710571050644e-02,8.439383655786514282e-02
4.763183370232582092e-02,3.410116434097290039e-01,1.029234170913696289e+00,-3.296621143817901611e-02,-3.957173228263854980e-02,3.557122647762298584e-01,9.331752657890319824e-01,-3.434369862079620361e-01,7.567392289638519287e-02,-3.944749757647514343e-02,1.199611902236938477e+00,-6.328000426292419434e-01,-2.164935693144798279e-02,-3.424651622772216797e-01,-1.986137628555297852e-01,-2.805195748805999756e-01,1.083233356475830078e+00,-8.289422988891601562e-01,-3.993992879986763000e-02,1.927567571401596069e-01,1.408782452344894409e-01,1.191103383898735046e-01,-5.927317142486572266e-01,1.848956823348999023e+00,-3.229338824748992920e-01,-1.831843405961990356e-01,-2.404675185680389404e-01,-2.905630171298980713e-01,1.148820593953132629e-01,4.284848570823669434e-01,-2.704083323478698730e-01,-1.492009311914443970e-01,1.118654727935791016e+00,4.753257632255554199e-01,1.765918359160423279e-02,1.115491613745689392e-01
5.697070434689521790e-02,3.585011065006256104e-01,1.017386794090270996e+00,-3.987875580787658691e-02,-4.632212966680526733e-02,3.449902236461639404e-01,9.366139769554138184e-01,-3.349950611591339111e-01,9.211260825395584106e-02,-9.614308364689350128e-03,1.177728891372680664e+00,-6.534131169319152832e-01,-1.157127134501934052e-02,-2.878279387950897217e-01,-1.631191521883010864e-01,-3.107610642910003662e-01,1.032398939132690430e+00,-8.726699948310852051e-01,-9.313030540943145752e-02,2.411157935857772827e-01,1.725085228681564331e-01,9.604655951261520386e-02,-4.860939383506774902e-01,1.840723156929016113e+00,-4.225817024707794189e-01,-2.365297973155975342e-01,-2.537461519241333008e-01,-2.670500278472900391e-01,-4.485518857836723328e-02,3.467846512794494629e-01,-2.808658182621002197e-01,-8.287102729082107544e-02,1.142687678337097168e+00,3.964166641235351562e-01,4.118721187114715576e-02,1.248121708631515503e-01
6.557779014110565186e-02,3.605552315711975098e-01,1.007494211196899414e+00,-6.191272288560867310e-02,-5.248125642538070679e-02,3.292356133460998535e-01,9.407531023025512695e-01,-3.405929207801818848e-01,1.363493055105209351e-01,5.503910128027200699e-03,1.153408646583557129e+00,-6.808465719223022461e-01,1.446631853468716145e-03,-2.525981664657592773e-01,-6.361694633960723877e-02,-3.046289980411529541e-01,9.090281128883361816e-01,-8.726699948310852051e-01,-1.358597576618194580e-01,2.903203368186950684e-01,2.150555104017257690e-01,6.228093430399894714e-02,-4.101392030715942383e-01,1.817964315414428711e+00,-4.844329059123992920e-01,-2.928403913974761963e-01,-2.497782111167907715e-01,-2.561631202697753906e-01,-1.502136290073394775e-01,2.441731393337249756e-01,-3.075256049633026123e-01,-1.059080939739942551e-02,1.171376705169677734e+00,3.358388245105743408e-01,6.119416654109954834e-02,1.385042369365692139e-01
7.114229351282119751e-02,3.599273562431335449e-01,9.931590557098388672e-01,-8.108685910701751709e-02,-6.377737224102020264e-02,3.128872811794281006e-01,9.441710114479064941e-01,-3.370539546012878418e-01,1.761321127414703369e-01,-1.053737569600343704e-02,1.156108021736145020e+00,-6.994934678077697754e-01,1.841009245254099369e-03,-2.350830137729644775e-01,2.560619078576564789e-02,-2.891334891319274902e-01,8.518525362014770508e-01,-8.726699948310852051e-01,-1.827609837055206299e-01,3.146575987339019775e-01,2.453552335500717163e-01,3.879722207784652710e-02,-3.762868046760559082e-01,1.753968477249145508e+00,-4.965961575508117676e-01,-3.564880788326263428e-01,-2.210113257169723511e-01,-2.621843516826629639e-01,-1.856347322463989258e-01,1.488467156887054443e-01,-3.295872807502746582e-01,6.686145067214965820e-02,1.162828207015991211e+00,2.535780668258666992e-01,5.070281401276588440e-02,1.209728121757507324e-01
7.712467014789581299e-02,3.775840401649475098e-01,9.726247191429138184e-01,-8.560983091592788696e-02,-7.449449598789215088e-02,3.034185767173767090e-01,9.460754394531250000e-01,-2.983009815216064453e-01,1.788639277219772339e-01,-3.222843632102012634e-02,1.151722669601440430e+00,-7.672005891799926758e-01,1.806485466659069061e-02,-2.155177444219589233e-01,3.354115411639213562e-02,-3.117408752441406250e-01,8.977202177047729492e-01,-8.726699948310852051e-01,-2.027216404676437378e-01,3.017314076423645020e-01,2.444800287485122681e-01,3.914678469300270081e-02,-3.671194314956665039e-01,1.630367875099182129e+00,-4.730584621429443359e-01,-4.203485250473022461e-01,-2.115274965763092041e-01,-2.729772329330444336e-01,-1.831284165382385254e-01,8.077082782983779907e-02,-3.384163677692413330e-01,1.207110509276390076e-01,1.159081816673278809e+00,2.187049239873886108e-01,4.558723419904708862e-02,1.218629404902458191e-01
8.869978785514831543e-02,3.989302814006805420e-01,9.408407807350158691e-01,-9.429547004401683807e-03,-7.837472110986709595e-02,3.458722233772277832e-01,9.349550008773803711e-01,-1.837211996316909790e-01,-5.944683775305747986e-02,-6.564980745315551758e-02,1.095633983612060547e+00,-8.726699948310852051e-01,9.624884277582168579e-02,-2.275880128145217896e-01,-1.218488067388534546e-01,-2.468066662549972534e-01,1.161095619201660156e+00,-7.550300359725952148e-01,-1.680829375982284546e-02,1.824782639741897583e-01,1.008123084902763367e-01,1.277653574943542480e-01,-3.854073286056518555e-01,1.409131526947021484e+00,-4.159137308597564697e-01,-4.805480837821960449e-01,-1.894483864307403564e-01,-2.921307384967803955e-01,-1.180802211165428162e-01,2.846099436283111572e-02,-3.526687026023864746e-01,1.854953914880752563e-01,1.146144509315490723e+00,1.818466633558273315e-01,2.758667245507240295e-02,1.262953877449035645e-01
8.753501623868942261e-02,4.136168360710144043e-01,9.275253415107727051e-01,5.163179710507392883e-02,-7.136084139347076416e-02,3.784669935703277588e-01,9.214144349098205566e-01,-5.645070225000381470e-02,-3.072254955768585205e-01,-2.357207089662551880e-01,9.062996506690979004e-01,-8.726699948310852051e-01,1.747843623161315918e-01,-3.395548760890960693e-01,-2.498060166835784912e-01,-9.956852346658706665e-02,1.305639505386352539e+00,-4.742220640182495117e-01,1.649013161659240723e-01,5.677276849746704102e-02,-7.477054744958877563e-02,1.586419939994812012e-01,-6.027238368988037109e-01,8.934835195541381836e-01,-2.956266701221466064e-01,-5.227760076522827148e-01,-2.302091121673583984e-01,-3.384442925453186035e-01,5.631693452596664429e-02,-1.823706179857254028e-02,-3.411869406700134277e-01,2.678081095218658447e-01,1.065101861953735352e+00,2.443799376487731934e-01,-3.446181118488311768e-02,1.286648809909820557e-01
9.311018884181976318e-02,4.306756854057312012e-01,9.063965082168579102e-01,8.252922445535659790e-02,-7.105157524347305298e-02,3.859633803367614746e-01,9.160637855529785156e-01,3.019928373396396637e-02,-3.698017299175262451e-01,-2.549880445003509521e-01,8.049010634422302246e-01,-8.726699948310852051e-01,2.263716757297515869e-01,-4.255380928516387939e-01,-3.274452388286590576e-01,-1.083247922360897064e-02,1.397369742393493652e+00,-4.748652875423431396e-01,2.121501415967941284e-01,1.243760157376527786e-02,-1.964922696352005005e-01,1.722326725721359253e-01,-7.011337280273437500e-01,5.531674027442932129e-01,-1.675302684307098389e-01,-4.908113181591033936e-01,-2.347537428140640259e-01,-3.741280734539031982e-01,1.974429786205291748e-01,-4.606696218252182007e-02,-2.989244461059570312e-01,2.852467596530914307e-01,9.812434911727905273e-01,2.806858122348785400e-01,-5.361027643084526062e-02,1.180775091052055359e-01
1.004616692662239075e-01,4.468788504600524902e-01,8.894693255424499512e-01,1.093067303299903870e-01,-6.586759537458419800e-02,3.875949680805206299e-01,9.129532575607299805e-01,1.037579998373985291e-01,-4.289889037609100342e-01,-2.994707822799682617e-01,6.815659403800964355e-01,-8.726699948310852051e-01,2.613392472267150879e-01,-5.096048712730407715e-01,-3.891313374042510986e-01,6.572365760803222656e-02,1.426836967468261719e+00,-4.854414761066436768e-01,2.133596986532211304e-01,-2.908408641815185547e-02,-2.804437279701232910e-01,1.881543397903442383e-01,-8.162449002265930176e-01,3.964316844940185547e-01,-1.012912839651107788e-01,-4.713547825813293457e-01,-2.345825433731079102e-01,-3.921920061111450195e-01,2.770569920539855957e-01,-7.151307165622711182e-02,-2.971439659595489502e-01,2.808355093002319336e-01,8.933454751968383789e-01,3.332318365573883057e-01,-5.856423452496528625e-02,1.163475438952445984e-01
1.216306090354919434e-01,4.432982802391052246e-01,8.773299455642700195e-01,1.576357483863830566e-01,-3.383421525359153748e-02,3.999955356121063232e-01,9.022248983383178711e-01,2.337036430835723877e-01,-4.684110879898071289e-01,-3.963323235511779785e-01,4.008647501468658447e-01,-8.726699948310852051e-01,2.617999911308288574e-01,-6.418319344520568848e-01,-5.214880108833312988e-01,1.544884145259857178e-01,1.435997962951660156e+00,-5.005384087562561035e-01,2.085741758346557617e-01,-6.702131032943725586e-02,-4.119457006454467773e-01,1.614361703395843506e-01,-8.621461391448974609e-01,3.536245524883270264e-01,-8.697137236595153809e-02,-4.817079603672027588e-01,-2.191449701786041260e-01,-3.989111185073852539e-01,3.156882226467132568e-01,-6.736052036285400391e-02,-3.006785213947296143e-01,2.603071033954620361e-01,8.094418048858642578e-01,3.559307754039764404e-01,-8.407725393772125244e-02,1.007694974541664124e-01
1.326568275690078735e-01,4.512141346931457520e-01,8.718714118003845215e-01,1.618293374776840210e-01,-5.973481759428977966e-02,3.848363757133483887e-01,9.067215323448181152e-01,3.221910595893859863e-01,-4.445944130420684814e-01,-3.962198197841644287e-01,3.386771082878112793e-01,-8.726699948310852051e-01,2.617999911308288574e-01,-6.118745207786560059e-01,-4.935488104820251465e-01,1.677702218294143677e-01,1.343175530433654785e+00,-4.734485447406768799e-01,2.253233641386032104e-01,-7.555390894412994385e-02,-3.906110227108001709e-01,2.226311862468719482e-01,-9.695944190025329590e-01,4.341214001178741455e-01,-6.989507377147674561e-02,-4.453952312469482422e-01,-1.742516905069351196e-01,-3.835299313068389893e-01,3.711636662483215332e-01,-6.097585335373878479e-02,-3.539126217365264893e-01,2.293344587087631226e-01,6.583629846572875977e-01,4.338264763355255127e-01,-9.600842744112014771e-02,1.056014746427536011e-01
1.523671299219131470e-01,4.901143908500671387e-01,8.600831031799316406e-01,1.259814202785491943e-01,-8.349321782588958740e-02,3.697057962417602539e-01,9.167743325233459473e-01,4.058746993541717529e-01,-3.745304048061370850e-01,-3.685674071311950684e-01,3.840104341506958008e-01,-8.726699948310852051e-01,2.601172029972076416e-01,-5.839297175407409668e-01,-4.143653512001037598e-01,1.259055882692337036e-01,1.266010999679565430e+00,-4.517081081867218018e-01,2.481460422277450562e-01,-7.209429889917373657e-02,-2.943059206008911133e-01,2.524115741252899170e-01,-1.036129474639892578e+00,5.598388910293579102e-01,-8.062136918306350708e-02,-4.433467388153076172e-01,-1.166852563619613647e-01,-3.765768706798553467e-01,4.211800992488861084e-01,-1.154817361384630203e-02,-3.996491730213165283e-01,1.725438386201858521e-01,4.946803748607635498e-01,5.093741416931152344e-01,-1.099724397063255310e-01,1.144028753042221069e-01
1.781452894210815430e-01,5.197917819023132324e-01,8.437295556068420410e-01,1.586261391639709473e-02,-1.064932122826576233e-01,3.652531504631042480e-01,9.246608614921569824e-01,2.585420906543731689e-01,-2.341454662382602692e-02,-1.307010650634765625e-01,7.983902692794799805e-01,-8.565493822097778320e-01,4.706030339002609253e-02,-5.683727860450744629e-01,-2.236486375331878662e-01,-6.908385455608367920e-02,1.144321084022521973e+00,-3.959069550037384033e-01,2.577159404754638672e-01,-1.130331307649612427e-01,-4.993116855621337891e-02,2.346279025077819824e-01,-1.034493207931518555e+00,7.015745043754577637e-01,-1.050617620348930359e-01,-4.503602981567382812e-01,-7.353935390710830688e-02,-3.800814449787139893e-01,4.535336792469024658e-01,5.892611294984817505e-02,-4.566559493541717529e-01,1.046334505081176758e-01,3.417156934738159180e-01,5.569878220558166504e-01,-1.324691474437713623e-01,9.442816674709320068e-02
2.051667571067810059e-01,5.410915613174438477e-01,8.499954938888549805e-01,-1.512870658189058304e-02,-7.868126034736633301e-02,3.632901012897491455e-01,9.282245039939880371e-01,2.298231273889541626e-01,1.006961166858673096e-01,-6.858105212450027466e-02,7.720390558242797852e-01,-7.002335190773010254e-01,-4.137269780039787292e-02,-5.918048024177551270e-01,-1.528679430484771729e-01,-1.314172744750976562e-01,9.680996537208557129e-01,-2.861171066761016846e-01,2.617999911308288574e-01,-1.575286984443664551e-01,4.212387278676033020e-02,1.940362751483917236e-01,-9.944799542427062988e-01,9.222369790077209473e-01,-1.561408042907714844e-01,-4.507423639297485352e-01,-1.069384440779685974e-01,-3.894433379173278809e-01,4.383854866027832031e-01,1.255127191543579102e-01,-5.503600835800170898e-01,1.905644685029983521e-02,1.734728962182998657e-01,5.778231024742126465e-01,-1.690051406621932983e-01,7.706359028816223145e-02
2.322115153074264526e-01,5.662283301353454590e-01,8.502465486526489258e-01,-3.114844299852848053e-02,-5.605120956897735596e-02,3.561019897460937500e-01,9.322443008422851562e-01,1.710682362318038940e-01,1.486371904611587524e-01,-5.774845927953720093e-02,8.213310241699218750e-01,-5.803307890892028809e-01,-8.975303918123245239e-02,-5.805733203887939453e-01,-1.333209723234176636e-01,-1.876381039619445801e-01,8.557235598564147949e-01,-1.974021792411804199e-01,2.617999911308288574e-01,-1.633662581443786621e-01,1.079655662178993225e-01,1.777549237012863159e-01,-8.905960321426391602e-01,1.190973162651062012e+00,-3.013718426227569580e-01,-4.641694426536560059e-01,-2.824489772319793701e-01,-3.978096842765808105e-01,2.506074905395507812e-01,2.058272063732147217e-01,-6.401488780975341797e-01,-9.178840368986129761e-02,2.088857814669609070e-02,5.627066493034362793e-01,-1.728523969650268555e-01,6.647613644599914551e-02
2.601101696491241455e-01,5.928094387054443359e-01,8.416875600814819336e-01,-3.811710700392723083e-02,-3.967324644327163696e-02,3.466383516788482666e-01,9.363839626312255859e-01,1.116349622607231140e-01,1.798560470342636108e-01,-4.833297058939933777e-02,9.090087413787841797e-01,-5.313130617141723633e-01,-1.046162173151969910e-01,-5.695838928222656250e-01,-1.125001981854438782e-01,-2.095494866371154785e-01,8.214797377586364746e-01,-1.656887978315353394e-01,2.617999911308288574e-01,-1.671826988458633423e-01,1.409318000078201294e-01,1.779897660017013550e-01,-8.030582070350646973e-01,1.383296489715576172e+00,-3.823017179965972900e-01,-4.498226344585418701e-01,-3.349478542804718018e-01,-3.762541413307189941e-01,1.474416851997375488e-01,2.665228247642517090e-01,-6.756811141967773438e-01,-1.788525134325027466e-01,-1.113400384783744812e-01,5.533640980720520020e-01,-1.652185171842575073e-01,5.177225545048713684e-02
2.845785617828369141e-01,6.217026114463806152e-01,8.275089263916015625e-01,-4.231089726090431213e-02,-3.349246084690093994e-02,3.460640013217926025e-01,9.366577863693237305e-01,5.002737045288085938e-02,2.146060168743133545e-01,-4.006883874535560608e-02,1.024880290031433105e+00,-5.307928919792175293e-01,-8.855633437633514404e-02,-5.550574660301208496e-01,-1.246533915400505066e-01,-2.304523587226867676e-01,8.446606993675231934e-01,-2.144783437252044678e-01,2.560558617115020752e-01,-1.757557392120361328e-01,1.610435396432876587e-01,1.930711120367050171e-01,-7.619262337684631348e-01,1.538121104240417480e+00,-4.751563370227813721e-01,-4.721962213516235352e-01,-3.892671763896942139e-01,-3.407679498195648193e-01,3.286349773406982422e-02,3.079265058040618896e-01,-7.126675248146057129e-01,-2.417593300342559814e-01,-2.230921238660812378e-01,5.727365016937255859e-01,-1.652970910072326660e-01,5.823365971446037292e-02
2.920801341533660889e-01,6.445595622062683105e-01,8.107444643974304199e-01,-3.985979780554771423e-02,-3.493424504995346069e-02,3.419345915317535400e-01,9.382278919219970703e-01,-2.328641898930072784e-02,2.565948367118835449e-01,-1.492999773472547531e-02,1.137422323226928711e+00,-5.271981954574584961e-01,-7.393670827150344849e-02,-5.416241884231567383e-01,-1.262839436531066895e-01,-2.485842108726501465e-01,8.759256005287170410e-01,-2.873386442661285400e-01,2.139316499233245850e-01,-1.649158447980880737e-01,1.688162833452224731e-01,2.141135036945343018e-01,-7.179377675056457520e-01,1.637784838676452637e+00,-5.410792231559753418e-01,-4.648003876209259033e-01,-4.081048369407653809e-01,-3.245590031147003174e-01,-3.754696995019912720e-02,3.367320895195007324e-01,-7.134104967117309570e-01,-2.922916412353515625e-01,-2.867954671382904053e-01,5.531812310218811035e-01,-1.712630391120910645e-01,3.704755380749702454e-02
2.959448993206024170e-01,6.657797098159790039e-01,7.926096320152282715e-01,-4.394938424229621887e-02,-3.698639199137687683e-02,3.363972008228302002e-01,9.399666786193847656e-01,-9.858882427215576172e-02,2.887441515922546387e-01,-3.938672132790088654e-03,1.210071086883544922e+00,-5.434316992759704590e-01,-5.966730415821075439e-02,-5.286412239074707031e-01,-1.208109110593795776e-01,-2.727399468421936035e-01,9.035370349884033203e-01,-3.745698928833007812e-01,1.637030094861984253e-01,-1.514099836349487305e-01,1.768105626106262207e-01,2.272555381059646606e-01,-6.810678243637084961e-01,1.717149019241333008e+00,-6.002725958824157715e-01,-4.653449058532714844e-01,-3.959026038646697998e-01,-3.003327548503875732e-01,-1.079459488391876221e-01,3.561411798000335693e-01,-7.134638428688049316e-01,-3.196153938770294189e-01,-3.277421593666076660e-01,5.408546328544616699e-01,-1.666430085897445679e-01,1.888738945126533508e-02
3.123776912689208984e-01,6.856219172477722168e-01,7.739492058753967285e-01,-4.471138864755630493e-02,-3.930900245904922485e-02,3.271634876728057861e-01,9.430905580520629883e-01,-1.824627667665481567e-01,3.032404780387878418e-01,2.142579760402441025e-03,1.246475338935852051e+00,-5.748088955879211426e-01,-4.008832946419715881e-02,-5.097979307174682617e-01,-1.094649657607078552e-01,-2.844696342945098877e-01,9.373762607574462891e-01,-4.828746914863586426e-01,1.064921170473098755e-01,-1.248295977711677551e-01,1.769696474075317383e-01,2.373558580875396729e-01,-6.295807957649230957e-01,1.763024210929870605e+00,-6.642746329307556152e-01,-4.620123207569122314e-01,-3.869997859001159668e-01,-2.666908204555511475e-01,-1.888582259416580200e-01,3.572965562343597412e-01,-7.064138650894165039e-01,-3.246342837810516357e-01,-3.275723755359649658e-01,5.380587577819824219e-01,-1.560209095478057861e-01,5.131322890520095825e-03
3.112164139747619629e-01,7.046256661415100098e-01,7.549492716789245605e-01,-4.722804203629493713e-02,-4.321581125259399414e-02,3.188595771789550781e-01,9.456375837326049805e-01,-2.470239102840423584e-01,3.067789077758789062e-01,8.102474734187126160e-03,1.259737730026245117e+00,-6.205723881721496582e-01,-1.940217614173889160e-02,-5.018436908721923828e-01,-1.048771589994430542e-01,-2.900072038173675537e-01,9.661667943000793457e-01,-5.785713195800781250e-01,5.894506722688674927e-02,-1.019024625420570374e-01,1.756213605403900146e-01,2.387581169605255127e-01,-5.964528918266296387e-01,1.778219819068908691e+00,-7.071431875228881836e-01,-4.470100104808807373e-01,-3.520945310592651367e-01,-2.428858429193496704e-01,-2.320137470960617065e-01,3.369773030281066895e-01,-6.806703209877014160e-01,-3.031723201274871826e-01,-2.940713167190551758e-01,5.534676313400268555e-01,-1.478965431451797485e-01,-2.670096233487129211e-02
3.091500401496887207e-01,7.233244180679321289e-01,7.348553538322448730e-01,-5.206298083066940308e-02,-4.940854012966156006e-02,3.161552846431732178e-01,9.459884166717529297e-01,-3.076270520687103271e-01,2.992515861988067627e-01,7.387964054942131042e-03,1.277841687202453613e+00,-6.649669408798217773e-01,-1.079590874724090099e-03,-4.958167672157287598e-01,-9.776098281145095825e-02,-2.865671515464782715e-01,1.009153604507446289e+00,-6.732965111732482910e-01,2.042600139975547791e-02,-7.393265515565872192e-02,1.623773276805877686e-01,2.355006933212280273e-01,-5.938799977302551270e-01,1.756632566452026367e+00,-7.181607484817504883e-01,-4.117375612258911133e-01,-3.011459112167358398e-01,-2.241397202014923096e-01,-2.300261408090591431e-01,3.104461133480072021e-01,-6.490800976753234863e-01,-2.708363831043243408e-01,-2.301174998283386230e-01,5.598384141921997070e-01,-1.370503157377243042e-01,-5.328179523348808289e-02
3.223519027233123779e-01,7.425515651702880859e-01,7.133822441101074219e-01,-5.488835647702217102e-02,-5.564015731215476990e-02,3.131265640258789062e-01,9.464899301528930664e-01,-3.434936404228210449e-01,2.812076508998870850e-01,-9.089316154131665826e-05,1.283328294754028320e+00,-7.180410027503967285e-01,1.350205112248659134e-02,-4.831160008907318115e-01,-8.885074406862258911e-02,-2.834334373474121094e-01,1.076472878456115723e+00,-7.904989123344421387e-01,-2.107089944183826447e-02,-4.042488336563110352e-02,1.380596756935119629e-01,2.232293337583541870e-01,-6.135455965995788574e-01,1.697831749916076660e+00,-6.970854997634887695e-01,-3.506791889667510986e-01,-2.695996463298797607e-01,-2.133733332157135010e-01,-1.821434795856475830e-01,2.825061976909637451e-01,-6.085684895515441895e-01,-2.310550361871719360e-01,-1.474874764680862427e-01,5.636972784996032715e-01,-1.251250058412551880e-01,-6.113937124609947205e-02
3.248662054538726807e-01,7.400411367416381836e-01,6.924101114273071289e-01,-5.730556324124336243e-02,-6.381778419017791748e-02,3.133144080638885498e-01,9.457681775093078613e-01,-3.607863783836364746e-01,2.703652977943420410e-01,-1.832799240946769714e-02,1.293408751487731934e+00,-7.681945562362670898e-01,3.203090652823448181e-02,-4.947310090065002441e-01,-5.760334059596061707e-02,-2.718001306056976318e-01,1.121180295944213867e+00,-8.726677894592285156e-01,-5.339623615145683289e-02,-1.266259700059890747e-02,1.111167594790458679e-01,2.153878360986709595e-01,-6.537782549858093262e-01,1.606158494949340820e+00,-6.240766644477844238e-01,-2.612764537334442139e-01,-2.521927654743194580e-01,-2.043838351964950562e-01,-8.779018372297286987e-02,2.457519322633743286e-01,-5.505414009094238281e-01,-1.829257011413574219e-01,-6.575050950050354004e-02,5.845546722412109375e-01,-1.220652014017105103e-01,-5.305754393339157104e-02
3.205150067806243896e-01,7.357717752456665039e-01,6.741845607757568359e-01,-6.792867928743362427e-02,-6.689021736383438110e-02,3.034432530403137207e-01,9.480683207511901855e-01,-3.771614134311676025e-01,2.884482145309448242e-01,-3.724159672856330872e-02,1.302374124526977539e+00,-8.303075432777404785e-01,6.017793715000152588e-02,-5.342846512794494629e-01,-6.254874169826507568e-03,-2.537553608417510986e-01,1.135746359825134277e+00,-8.726699948310852051e-01,-7.013950496912002563e-02,1.757506839931011200e-02,9.561585634946823120e-02,2.040034532546997070e-01,-6.990528702735900879e-01,1.506541013717651367e+00,-4.990174770355224609e-01,-1.855227649211883545e-01,-2.257316559553146362e-01,-2.192422002553939819e-01,5.230308324098587036e-02,1.984723508358001709e-01,-5.041391253471374512e-01,-1.358455121517181396e-01,1.128945313394069672e-02,5.825534462928771973e-01,-1.271989643573760986e-01,-5.050692707300186157e-02
3.151830434799194336e-01,7.344575524330139160e-01,6.627540588378906250e-01,-7.434761524200439453e-02,-5.112893879413604736e-02,2.919176518917083740e-01,9.521777033805847168e-01,-3.955253660678863525e-01,2.868903577327728271e-01,-4.203528165817260742e-02,1.238843202590942383e+00,-8.726699948310852051e-01,9.560746699571609497e-02,-5.843971967697143555e-01,2.302215434610843658e-02,-2.304110676050186157e-01,1.100895762443542480e+00,-8.726699948310852051e-01,-8.192446082830429077e-02,2.850487269461154938e-02,8.142751455307006836e-02,1.775667518377304077e-01,-6.872792840003967285e-01,1.398622870445251465e+00,-3.692088127136230469e-01,-1.246160119771957397e-01,-1.625829488039016724e-01,-2.413119077682495117e-01,1.546131372451782227e-01,1.407414525747299194e-01,-4.762427210807800293e-01,-8.435112982988357544e-02,9.740740060806274414e-02,5.598923563957214355e-01,-1.325396001338958740e-01,-4.473762586712837219e-02
