-2.291702432557940483e-03,-9.550893679261207581e-03,7.662865519523620605e-01,6.766226887702941895e-02,-3.203012421727180481e-02,7.413326501846313477e-01,6.669496297836303711e-01,1.427944451570510864e-01,8.799996227025985718e-02,2.162141948938369751e-01,2.843858003616333008e-01,-2.976080477237701416e-01,-1.411826163530349731e-02,-4.892523214221000671e-02,-4.806239008903503418e-01,-1.790159195661544800e-01,4.721128642559051514e-01,9.353559464216232300e-02,2.500346302986145020e-01,4.691391438245773315e-02,8.365768194198608398e-02,-8.047028630971908569e-02,-2.727940976619720459e-01,1.651543617248535156e+00,-3.528265357017517090e-01,-6.747568845748901367e-01,-3.618695139884948730e-01,-4.669455885887145996e-01,-1.445182114839553833e-01,-7.806752324104309082e-01,-1.492192387580871582e+00,8.231859207153320312e-01,-5.749320387840270996e-01,3.159683644771575928e-01,-2.204711884260177612e-01,3.545321524143218994e-01
-1.133305300027132034e-02,-9.351910091936588287e-03,7.631650567054748535e-01,8.516979962587356567e-02,-2.936879359185695648e-02,7.536843419075012207e-01,6.510326862335205078e-01,1.200043112039566040e-01,4.281631484627723694e-02,1.808008700609207153e-01,3.706109821796417236e-01,-3.330065310001373291e-01,3.319652518257498741e-03,-5.722358077764511108e-02,-5.427017807960510254e-01,-1.926747560501098633e-01,5.935154557228088379e-01,6.244349479675292969e-02,2.472343593835830688e-01,3.203115239739418030e-02,7.412448525428771973e-02,-2.108189836144447327e-02,-3.209153711795806885e-01,1.634325504302978516e+00,-3.610893785953521729e-01,-6.793459057807922363e-01,-4.604233503341674805e-01,-4.668349921703338623e-01,-1.468341350555419922e-01,-7.715781331062316895e-01,-1.586200833320617676e+00,7.946332693099975586e-01,-6.124829053878784180e-01,3.955629169940948486e-01,-2.230719774961471558e-01,3.288251459598541260e-01
-1.902214810252189636e-02,-1.137754227966070175e-02,7.633557915687561035e-01,9.290967881679534912e-02,-2.636717446148395538e-02,7.567035555839538574e-01,6.465851068496704102e-01,1.150564253330230713e-01,8.834815584123134613e-03,1.618091464042663574e-01,3.893631696701049805e-01,-3.316514492034912109e-01,1.691946759819984436e-02,-7.633619755506515503e-02,-5.588920116424560547e-01,-1.798849254846572876e-01,6.542212963104248047e-01,4.258866608142852783e-02,2.313431203365325928e-01,2.907472848892211914e-02,7.532827556133270264e-02,-5.958872381597757339e-03,-2.862913310527801514e-01,1.570939540863037109e+00,-3.786430060863494873e-01,-6.085214614868164062e-01,-5.366621017456054688e-01,-4.486997127532958984e-01,-1.723785251379013062e-01,-6.531688570976257324e-01,-1.603760361671447754e+00,7.382206916809082031e-01,-5.630570054054260254e-01,4.593107998371124268e-01,-2.163215130567550659e-01,3.214486837387084961e-01
-2.428062073886394501e-02,-9.464142844080924988e-03,7.647549510002136230e-01,9.593835473060607910e-02,-2.117109298706054688e-02,7.600285410881042480e-01,6.424205899238586426e-01,1.195890232920646667e-01,-1.826643943786621094e-02,1.456577926874160767e-01,3.761468231678009033e-01,-3.158772885799407959e-01,1.964654028415679932e-02,-9.053712338209152222e-02,-5.588776469230651855e-01,-1.764230728149414062e-01,6.974534392356872559e-01,1.687434688210487366e-02,2.151588648557662964e-01,2.911860682070255280e-02,5.377034470438957214e-02,5.439911037683486938e-03,-1.926107406616210938e-01,1.532961010932922363e+00,-3.211602866649627686e-01,-5.858964323997497559e-01,-5.787826776504516602e-01,-4.315095543861389160e-01,-1.961062699556350708e-01,-3.433927595615386963e-01,-1.570755958557128906e+00,4.775066971778869629e-01,-5.325687527656555176e-01,4.699569046497344971e-01,-2.091584652662277222e-01,3.316855132579803467e-01
-3.482090681791305542e-02,-8.496976457536220551e-03,7.658510208129882812e-01,9.948579967021942139e-02,-2.362309955060482025e-02,7.625459432601928711e-01,6.388021707534790039e-01,1.344961076974868774e-01,-3.959578648209571838e-02,1.323634833097457886e-01,3.695251941680908203e-01,-3.119306862354278564e-01,3.024211525917053223e-02,-9.611699730157852173e-02,-5.374747514724731445e-01,-1.617095619440078735e-01,7.395504713058471680e-01,-7.781877648085355759e-03,1.975422501564025879e-01,2.630571462213993073e-02,4.055590927600860596e-02,2.637418732047080994e-02,-1.114472448825836182e-01,1.477094054222106934e+00,-2.673315107822418213e-01,-5.577737092971801758e-01,-5.771387815475463867e-01,-4.100566804409027100e-01,-1.940764933824539185e-01,-1.299718618392944336e-01,-1.522851943969726562e+00,3.104093968868255615e-01,-5.089882612228393555e-01,4.607382714748382568e-01,-1.980146020650863647e-01,3.213798403739929199e-01
-4.432717710733413696e-02,-8.626182563602924347e-03,7.662243247032165527e-01,1.010032072663307190e-01,-2.437063679099082947e-02,7.650597095489501953e-01,6.355218291282653809e-01,1.407148241996765137e-01,-5.849040672183036804e-02,1.221469566226005554e-01,3.659369051456451416e-01,-3.140892684459686279e-01,4.064269736409187317e-02,-1.115010231733322144e-01,-5.179513692855834961e-01,-1.566309332847595215e-01,7.845471501350402832e-01,-4.741318151354789734e-02,1.754770576953887939e-01,2.824842184782028198e-02,2.879596687853336334e-02,4.364165663719177246e-02,-2.874205820262432098e-02,1.429479598999023438e+00,-2.049537152051925659e-01,-5.511556863784790039e-01,-5.501126050949096680e-01,-3.936997354030609131e-01,-2.011302262544631958e-01,7.809775322675704956e-02,-1.470606088638305664e+00,1.499931663274765015e-01,-5.028573870658874512e-01,4.446579813957214355e-01,-1.851470470428466797e-01,3.323633074760437012e-01
-5.227425321936607361e-02,-1.072465721517801285e-02,7.659733295440673828e-01,1.027337983250617981e-01,-2.606207132339477539e-02,7.664181590080261230e-01,6.335374712944030762e-01,1.489676982164382935e-01,-7.580349594354629517e-02,1.074563041329383850e-01,3.555123805999755859e-01,-3.195206224918365479e-01,5.741717293858528137e-02,-1.295430809259414673e-01,-4.952546954154968262e-01,-1.462674736976623535e-01,8.236945867538452148e-01,-8.526109904050827026e-02,1.550799310207366943e-01,2.756287530064582825e-02,1.639550179243087769e-02,5.724281072616577148e-02,3.362273052334785461e-02,1.383674621582031250e+00,-1.830481588840484619e-01,-5.468457341194152832e-01,-5.423292517662048340e-01,-3.813391923904418945e-01,-2.019818425178527832e-01,1.953451037406921387e-01,-1.408087253570556641e+00,8.428467065095901489e-02,-4.975251853466033936e-01,4.598046541213989258e-01,-1.784502565860748291e-01,3.187473714351654053e-01
-5.630457773804664612e-02,-1.283590681850910187e-02,7.650803327560424805e-01,1.057955697178840637e-01,-2.587090246379375458e-02,7.674064040184020996e-01,6.318429112434387207e-01,1.528683006763458252e-01,-9.197028726339340210e-02,9.307868033647537231e-02,3.515059649944305420e-01,-3.238808512687683105e-01,7.162375748157501221e-02,-1.531194746494293213e-01,-4.654497504234313965e-01,-1.229668632149696350e-01,8.760319948196411133e-01,-1.178600117564201355e-01,1.339616030454635620e-01,2.477657608687877655e-02,3.673298750072717667e-03,7.898394763469696045e-02,1.072571501135826111e-01,1.336194872856140137e+00,-1.415876597166061401e-01,-5.457301139831542969e-01,-5.217030048370361328e-01,-3.618933856487274170e-01,-2.200340777635574341e-01,3.374533653259277344e-01,-1.346966624259948730e+00,-1.948982127942144871e-03,-4.983031153678894043e-01,4.513412117958068848e-01,-1.622685343027114868e-01,3.259245157241821289e-01
-5.887044966220855713e-02,-1.301607396453619003e-02,7.642500996589660645e-01,1.088223606348037720e-01,-2.559327706694602966e-02,7.679297924041748047e-01,6.307032108306884766e-01,1.565010696649551392e-01,-1.031551882624626160e-01,8.625765889883041382e-02,3.540277183055877686e-01,-3.295551538467407227e-01,8.361420780420303345e-02,-1.751756668090820312e-01,-4.409157633781433105e-01,-1.095015108585357666e-01,9.169297218322753906e-01,-1.425569802522659302e-01,1.219491213560104370e-01,2.496026270091533661e-02,-6.654993630945682526e-03,9.673501551151275635e-02,1.606740206480026245e-01,1.282812595367431641e+00,-1.319975554943084717e-01,-5.360432863235473633e-01,-5.040743350982666016e-01,-3.422358334064483643e-01,-2.346037775278091431e-01,4.230694174766540527e-01,-1.280386686325073242e+00,-3.623190149664878845e-02,-4.874697029590606689e-01,4.503222703933715820e-01,-1.501470953226089478e-01,3.221324980258941650e-01
-6.297868490219116211e-02,-1.126490999013185501e-02,7.636769413948059082e-01,1.090494394302368164e-01,-2.451075427234172821e-02,7.694440484046936035e-01,6.288587450981140137e-01,1.603131741285324097e-01,-1.126857846975326538e-01,8.236590027809143066e-02,3.507257997989654541e-01,-3.353779315948486328e-01,9.328639507293701172e-02,-1.954247355461120605e-01,-4.158266484737396240e-01,-9.634537994861602783e-02,9.480189681053161621e-01,-1.561889499425888062e-01,1.133609637618064880e-01,2.222120575606822968e-02,-1.515955571085214615e-02,1.099796146154403687e-01,2.015150189399719238e-01,1.230784058570861816e+00,-1.398842334747314453e-01,-5.251707434654235840e-01,-4.829228520393371582e-01,-3.240792155265808105e-01,-2.494869679212570190e-01,4.829464852809906006e-01,-1.214318513870239258e+00,-3.815867006778717041e-02,-4.738189578056335449e-01,4.444943964481353760e-01,-1.397316008806228638e-01,3.210397064685821533e-01
-6.816969066858291626e-02,-9.532416239380836487e-03,7.632642388343811035e-01,1.072620525956153870e-01,-2.334575727581977844e-02,7.725581526756286621e-01,6.253828406333923340e-01,1.609716415405273438e-01,-1.213684454560279846e-01,7.591293752193450928e-02,3.462313413619995117e-01,-3.412426412105560303e-01,1.041954383254051208e-01,-2.177667766809463501e-01,-3.886490166187286377e-01,-8.126601576805114746e-02,9.671258330345153809e-01,-1.622186601161956787e-01,1.060342416167259216e-01,1.696382835507392883e-02,-2.146930061280727386e-02,1.252845227718353271e-01,2.262516617774963379e-01,1.178576231002807617e+00,-1.743183434009552002e-01,-5.028834939002990723e-01,-4.612990915775299072e-01,-3.082542419433593750e-01,-2.654057145118713379e-01,5.117316842079162598e-01,-1.162184715270996094e+00,5.798234604299068451e-03,-4.561377465724945068e-01,4.278694689273834229e-01,-1.297686845064163208e-01,3.291103541851043701e-01
-7.134056091308593750e-02,-1.101567316800355911e-02,7.625359892845153809e-01,1.074220538139343262e-01,-2.319168671965599060e-02,7.748051881790161133e-01,6.225749254226684570e-01,1.626808941364288330e-01,-1.290334165096282959e-01,6.988030672073364258e-02,3.387552201747894287e-01,-3.457748591899871826e-01,1.144815981388092041e-01,-2.331394553184509277e-01,-3.652034103870391846e-01,-7.254390418529510498e-02,9.837930798530578613e-01,-1.661222726106643677e-01,1.053342744708061218e-01,1.213840022683143616e-02,-2.848295122385025024e-02,1.326184421777725220e-01,2.300928086042404175e-01,1.131177067756652832e+00,-2.331506013870239258e-01,-4.646846950054168701e-01,-4.253031313419342041e-01,-2.921234667301177979e-01,-2.820212841033935547e-01,5.085265040397644043e-01,-1.109844684600830078e+00,7.409588247537612915e-02,-4.095697999000549316e-01,3.927208185195922852e-01,-1.139436066150665283e-01,3.378463983535766602e-01
-7.538402080535888672e-02,-1.177889481186866760e-02,7.613531947135925293e-01,1.085967198014259338e-01,-2.281848154962062836e-02,7.768023014068603516e-01,6.198905110359191895e-01,1.684277355670928955e-01,-1.387086659669876099e-01,6.866798549890518188e-02,3.297965228557586670e-01,-3.536842465400695801e-01,1.250605434179306030e-01,-2.435542345046997070e-01,-3.466752767562866211e-01,-6.750812381505966187e-02,1.002347707748413086e+00,-1.680497229099273682e-01,1.038377434015274048e-01,8.211181499063968658e-03,-3.745094686746597290e-02,1.458307653665542603e-01,2.166278511285781860e-01,1.088235735893249512e+00,-2.933757603168487549e-01,-4.080373346805572510e-01,-3.826987445354461670e-01,-2.756896317005157471e-01,-2.881735563278198242e-01,4.899266660213470459e-01,-1.060949683189392090e+00,1.473363637924194336e-01,-3.455107212066650391e-01,3.442063629627227783e-01,-1.095198616385459900e-01,3.281512856483459473e-01
-7.672058790922164917e-02,-1.049455534666776657e-02,7.599397897720336914e-01,1.100078150629997253e-01,-1.952586136758327484e-02,7.779987454414367676e-01,6.182515025138854980e-01,1.727472543716430664e-01,-1.493944078683853149e-01,6.663412600755691528e-02,3.205634057521820068e-01,-3.600656986236572266e-01,1.333329677581787109e-01,-2.579235732555389404e-01,-3.339607119560241699e-01,-6.421691179275512695e-02,1.010060906410217285e+00,-1.705951988697052002e-01,1.020390689373016357e-01,9.217327460646629333e-03,-4.737009853124618530e-02,1.503029167652130127e-01,1.970340013504028320e-01,1.042446613311767578e+00,-3.555217385292053223e-01,-3.305629193782806396e-01,-3.434391617774963379e-01,-2.585927844047546387e-01,-2.927412986755371094e-01,4.603281617164611816e-01,-9.988477230072021484e-01,2.232785820960998535e-01,-2.527837157249450684e-01,3.061271309852600098e-01,-9.325093030929565430e-02,3.197174370288848877e-01
-7.908974587917327881e-02,-1.027143653482198715e-02,7.581687569618225098e-01,1.127131357789039612e-01,-1.865384168922901154e-02,7.790062427520751953e-01,6.165201067924499512e-01,1.825046837329864502e-01,-1.597932577133178711e-01,6.388342380523681641e-02,3.100958168506622314e-01,-3.705732524394989014e-01,1.435530483722686768e-01,-2.663370668888092041e-01,-3.188333809375762939e-01,-5.426583811640739441e-02,1.021122813224792480e+00,-1.824623197317123413e-01,1.016442328691482544e-01,1.056693308055400848e-02,-5.653768405318260193e-02,1.563883274793624878e-01,1.663094013929367065e-01,1.004191279411315918e+00,-4.105294048786163330e-01,-2.519555687904357910e-01,-2.913757264614105225e-01,-2.478872090578079224e-01,-2.871691584587097168e-01,4.194203317165374756e-01,-9.445703625679016113e-01,2.966972589492797852e-01,-1.594690680503845215e-01,2.758658826351165771e-01,-8.191048353910446167e-02,3.094861805438995361e-01
-7.968837022781372070e-02,-1.021839305758476257e-02,7.563534379005432129e-01,1.142490059137344360e-01,-1.723906397819519043e-02,7.796353697776794434e-01,6.154825091361999512e-01,1.871581822633743286e-01,-1.667781621217727661e-01,6.129006296396255493e-02,3.027966022491455078e-01,-3.835147917270660400e-01,1.567801982164382935e-01,-2.695922255516052246e-01,-3.115997314453125000e-01,-5.450612306594848633e-02,1.030199766159057617e+00,-1.949763000011444092e-01,9.511052817106246948e-02,1.463961135596036911e-02,-6.426312774419784546e-02,1.637737900018692017e-01,1.384089142084121704e-01,9.531747698783874512e-01,-4.578805267810821533e-01,-1.634200513362884521e-01,-2.397027909755706787e-01,-2.364169657230377197e-01,-2.718808352947235107e-01,3.748405873775482178e-01,-8.784532546997070312e-01,3.539265692234039307e-01,-4.874437302350997925e-02,2.447447031736373901e-01,-7.342161983251571655e-02,2.912884354591369629e-01
-8.042934536933898926e-02,-1.129765715450048447e-02,7.544664740562438965e-01,1.163008138537406921e-01,-1.729383878409862518e-02,7.797467708587646484e-01,6.149552464485168457e-01,1.918250173330307007e-01,-1.724924594163894653e-01,5.873782560229301453e-02,2.986912131309509277e-01,-3.986001610755920410e-01,1.693271696567535400e-01,-2.721571028232574463e-01,-3.051955401897430420e-01,-5.370719358325004578e-02,1.041854858398437500e+00,-2.076297700405120850e-01,8.680004626512527466e-02,2.031302265822887421e-02,-7.020360976457595825e-02,1.688452810049057007e-01,1.134461089968681335e-01,9.045242667198181152e-01,-4.904666244983673096e-01,-7.078542560338973999e-02,-2.018546313047409058e-01,-2.270634621381759644e-01,-2.656107246875762939e-01,3.359302282333374023e-01,-8.218969106674194336e-01,3.952374756336212158e-01,4.969036579132080078e-02,2.279651165008544922e-01,-6.758689135313034058e-02,2.846475541591644287e-01
-8.250442147254943848e-02,-1.038710679858922958e-02,7.528446316719055176e-01,1.175268068909645081e-01,-1.620686613023281097e-02,7.796453833580017090e-01,6.148803234100341797e-01,1.963262706995010376e-01,-1.799115538597106934e-01,5.851548537611961365e-02,2.957551777362823486e-01,-4.109849035739898682e-01,1.794558465480804443e-01,-2.760432958602905273e-01,-3.061577677726745605e-01,-5.579962581396102905e-02,1.055592536926269531e+00,-2.204260975122451782e-01,7.907740771770477295e-02,3.025590628385543823e-02,-7.793945074081420898e-02,1.723375767469406128e-01,8.659256994724273682e-02,8.559145927429199219e-01,-5.129291415214538574e-01,2.658058702945709229e-02,-1.621445715427398682e-01,-2.169217169284820557e-01,-2.528909742832183838e-01,2.982330918312072754e-01,-7.611451148986816406e-01,4.273879826068878174e-01,1.490074545145034790e-01,2.230270504951477051e-01,-5.970504879951477051e-02,2.705738246440887451e-01
-8.406781405210494995e-02,-1.023398060351610184e-02,7.516565322875976562e-01,1.183520406484603882e-01,-1.569897495210170746e-02,7.802687287330627441e-01,6.139438748359680176e-01,1.998845934867858887e-01,-1.850668489933013916e-01,5.710391327738761902e-02,2.918357849121093750e-01,-4.203349649906158447e-01,1.858201175928115845e-01,-2.768789231777191162e-01,-3.062890470027923584e-01,-5.905415490269660950e-02,1.065137624740600586e+00,-2.354841679334640503e-01,7.434802502393722534e-02,3.565186634659767151e-02,-8.386653661727905273e-02,1.724303662776947021e-01,5.781494081020355225e-02,8.046535849571228027e-01,-5.391362309455871582e-01,1.290492862462997437e-01,-1.206613332033157349e-01,-2.089178562164306641e-01,-2.386644333600997925e-01,2.642164528369903564e-01,-6.982880830764770508e-01,4.474790096282958984e-01,2.523722350597381592e-01,2.213782668113708496e-01,-5.252676829695701599e-02,2.506082952022552490e-01
-8.574203401803970337e-02,-9.790449403226375580e-03,7.509256005287170410e-01,1.196426227688789368e-01,-1.430497039109468460e-02,7.806074023246765137e-01,6.132969260215759277e-01,2.044023424386978149e-01,-1.920032352209091187e-01,5.775428190827369690e-02,2.858957946300506592e-01,-4.233748018741607666e-01,1.874717026948928833e-01,-2.804556787014007568e-01,-3.104176223278045654e-01,-6.315089762210845947e-02,1.075917005538940430e+00,-2.428975105285644531e-01,7.085803151130676270e-02,4.544756188988685608e-02,-9.108634293079376221e-02,1.728455871343612671e-01,2.420245856046676636e-02,7.481248974800109863e-01,-5.569298863410949707e-01,2.424198240041732788e-01,-7.653050869703292847e-02,-1.974117010831832886e-01,-2.212483733892440796e-01,2.261988669633865356e-01,-6.360617876052856445e-01,4.666796624660491943e-01,3.613424301147460938e-01,2.042258530855178833e-01,-4.264464974403381348e-02,2.341159284114837646e-01
-8.777634054422378540e-02,-8.871027268469333649e-03,7.506603002548217773e-01,1.204314976930618286e-01,-1.509764045476913452e-02,7.814782261848449707e-01,6.120131611824035645e-01,2.081017345190048218e-01,-1.943644732236862183e-01,5.790231004357337952e-02,2.881475985050201416e-01,-4.281556904315948486e-01,1.917673051357269287e-01,-2.856358885765075684e-01,-3.069348335266113281e-01,-6.428122520446777344e-02,1.093704581260681152e+00,-2.375910431146621704e-01,7.043754309415817261e-02,4.571478813886642456e-02,-9.489656984806060791e-02,1.708720177412033081e-01,-5.650687497109174728e-03,6.853064894676208496e-01,-5.758726000785827637e-01,3.712502717971801758e-01,-3.046860359609127045e-02,-1.868087649345397949e-01,-2.059814035892486572e-01,1.846132874488830566e-01,-5.764904022216796875e-01,4.788342118263244629e-01,4.740619957447052002e-01,1.857886314392089844e-01,-3.174617141485214233e-02,2.202356010675430298e-01
-8.920232206583023071e-02,-7.827532477676868439e-03,7.509909272193908691e-01,1.200177520513534546e-01,-1.576271839439868927e-02,7.823566198348999023e-01,6.109545230865478516e-01,2.068690061569213867e-01,-1.947925388813018799e-01,5.438409373164176941e-02,2.951961159706115723e-01,-4.302149415016174316e-01,1.933671385049819946e-01,-2.949899435043334961e-01,-2.976833581924438477e-01,-6.442961096763610840e-02,1.109754443168640137e+00,-2.300717234611511230e-01,7.211218774318695068e-02,4.679613560438156128e-02,-9.576418250799179077e-02,1.720520406961441040e-01,-2.398492954671382904e-02,6.238840818405151367e-01,-5.765820741653442383e-01,4.883018732070922852e-01,-1.110435277223587036e-02,-1.774966269731521606e-01,-1.903882175683975220e-01,1.500797271728515625e-01,-5.209569334983825684e-01,4.838148653507232666e-01,5.752263069152832031e-01,1.739217340946197510e-01,-2.038767561316490173e-02,2.069182693958282471e-01
-9.222993999719619751e-02,-6.571737583726644516e-03,7.519414424896240234e-01,1.167547777295112610e-01,-1.765018515288829803e-02,7.840976715087890625e-01,6.093009710311889648e-01,2.044019699096679688e-01,-1.920589357614517212e-01,4.637992382049560547e-02,2.993149161338806152e-01,-4.309735596179962158e-01,1.932645291090011597e-01,-3.052840232849121094e-01,-2.770650684833526611e-01,-5.861793830990791321e-02,1.121540069580078125e+00,-2.201326042413711548e-01,8.358189463615417480e-02,4.247619956731796265e-02,-9.421146661043167114e-02,1.695375442504882812e-01,-3.710966929793357849e-02,5.701506733894348145e-01,-5.776553750038146973e-01,5.969714522361755371e-01,1.235761586576700211e-02,-1.684544384479522705e-01,-1.867869794368743896e-01,1.187017187476158142e-01,-4.787614941596984863e-01,4.793839752674102783e-01,6.604310870170593262e-01,1.731216311454772949e-01,-9.112753905355930328e-03,2.004920691251754761e-01
-9.555570036172866821e-02,-3.190869931131601334e-03,7.534580230712890625e-01,1.100649908185005188e-01,-1.942507177591323853e-02,7.863112092018127441e-01,6.076372861862182617e-01,1.977422237396240234e-01,-1.842690706253051758e-01,3.764262422919273376e-02,3.059662878513336182e-01,-4.318946301937103271e-01,1.941069960594177246e-01,-3.125414252281188965e-01,-2.494172006845474243e-01,-5.387559905648231506e-02,1.114196300506591797e+00,-2.197466045618057251e-01,9.177483618259429932e-02,3.386131674051284790e-02,-8.655782043933868408e-02,1.648575663566589355e-01,-4.195508733391761780e-02,5.115232467651367188e-01,-5.640467405319213867e-01,7.010488510131835938e-01,2.995594963431358337e-02,-1.584775596857070923e-01,-1.744762659072875977e-01,9.523635357618331909e-02,-4.466208815574645996e-01,4.703247845172882080e-01,7.303694486618041992e-01,1.633366346359252930e-01,-2.874576312024146318e-04,1.899878829717636108e-01
-9.753254055976867676e-02,2.292060991749167442e-03,7.551214694976806641e-01,1.038869023323059082e-01,-2.171292901039123535e-02,7.889884710311889648e-01,6.051720976829528809e-01,1.935760378837585449e-01,-1.727114766836166382e-01,2.952349372208118439e-02,3.166627883911132812e-01,-4.330155849456787109e-01,1.908638924360275269e-01,-3.168920874595642090e-01,-2.216892838478088379e-01,-5.010717362165451050e-02,1.099841356277465820e+00,-2.219731807708740234e-01,9.998252987861633301e-02,1.900784857571125031e-02,-7.490731775760650635e-02,1.594450026750564575e-01,-5.237486585974693298e-02,4.463029503822326660e-01,-5.621371269226074219e-01,8.225182890892028809e-01,6.588078290224075317e-02,-1.425633132457733154e-01,-1.524237394332885742e-01,6.382042914628982544e-02,-4.143491983413696289e-01,4.649211168289184570e-01,8.166746497154235840e-01,1.430464684963226318e-01,1.274548005312681198e-02,1.676473468542098999e-01
-9.954887628555297852e-02,8.675251156091690063e-03,7.569470405578613281e-01,9.610095620155334473e-02,-2.399678900837898254e-02,7.927257418632507324e-01,6.014770269393920898e-01,1.863719522953033447e-01,-1.590946018695831299e-01,1.708125881850719452e-02,3.298246264457702637e-01,-4.348771870136260986e-01,1.865526437759399414e-01,-3.191984891891479492e-01,-2.017605602741241455e-01,-5.675535649061203003e-02,1.075289607048034668e+00,-2.214627712965011597e-01,1.028094664216041565e-01,7.843278348445892334e-03,-6.552898138761520386e-02,1.578130424022674561e-01,-6.132801994681358337e-02,3.858036100864410400e-01,-5.468496680259704590e-01,9.334824085235595703e-01,8.144067972898483276e-02,-1.288511753082275391e-01,-1.223098412156105042e-01,4.602096974849700928e-02,-3.851582705974578857e-01,4.450390934944152832e-01,8.904989957809448242e-01,1.455236971378326416e-01,1.643435843288898468e-02,1.385355889797210693e-01
-1.006193459033966064e-01,1.899657770991325378e-02,7.586302161216735840e-01,8.806786686182022095e-02,-2.607203647494316101e-02,7.965305447578430176e-01,5.975812673568725586e-01,1.816710978746414185e-01,-1.421132981777191162e-01,3.905413672327995300e-03,3.479774892330169678e-01,-4.394522905349731445e-01,1.758728027343750000e-01,-3.202218413352966309e-01,-1.852824240922927856e-01,-7.015821337699890137e-02,1.039722800254821777e+00,-2.184184342622756958e-01,1.001502200961112976e-01,-9.461246430873870850e-03,-5.394031852483749390e-02,1.577156186103820801e-01,-7.109937816858291626e-02,3.377486169338226318e-01,-5.330896377563476562e-01,1.029082894325256348e+00,9.362167865037918091e-02,-1.250392645597457886e-01,-9.767711162567138672e-02,2.678080648183822632e-02,-3.728689551353454590e-01,4.389162361621856689e-01,9.470092058181762695e-01,1.251081526279449463e-01,1.425697840750217438e-02,1.167420595884323120e-01
-1.043559759855270386e-01,3.495414927601814270e-02,7.601440548896789551e-01,7.399449497461318970e-02,-2.634222432971000671e-02,8.019653558731079102e-01,5.921844840049743652e-01,1.671179831027984619e-01,-1.233333945274353027e-01,-1.872719265520572662e-02,3.767884671688079834e-01,-4.486178159713745117e-01,1.642499566078186035e-01,-3.276066184043884277e-01,-1.677472591400146484e-01,-8.527374267578125000e-02,1.011649489402770996e+00,-2.011175006628036499e-01,9.462277591228485107e-02,-2.828285656869411469e-02,-4.051512479782104492e-02,1.623691618442535400e-01,-7.428824156522750854e-02,3.047075569629669189e-01,-5.282321572303771973e-01,1.072995066642761230e+00,9.055949002504348755e-02,-1.265972703695297241e-01,-8.286651968955993652e-02,1.984298788011074066e-02,-3.678713142871856689e-01,4.348557591438293457e-01,9.788270592689514160e-01,1.364268213510513306e-01,9.984323754906654358e-03,1.114505305886268616e-01
-1.165976822376251221e-01,5.454724282026290894e-02,7.611698508262634277e-01,5.508533120155334473e-02,-3.016150556504726410e-02,8.072023987770080566e-01,5.869243144989013672e-01,1.504575759172439575e-01,-1.005456820130348206e-01,-2.951973304152488708e-02,4.214080274105072021e-01,-4.662096500396728516e-01,1.507605761289596558e-01,-3.310521841049194336e-01,-1.570328176021575928e-01,-1.152315288782119751e-01,9.721338152885437012e-01,-1.735495775938034058e-01,8.287456631660461426e-02,-4.506786912679672241e-02,-2.532742917537689209e-02,1.676474511623382568e-01,-7.210908830165863037e-02,2.841120958328247070e-01,-5.470293760299682617e-01,1.097697257995605469e+00,1.092834919691085815e-01,-1.256093084812164307e-01,-8.222963660955429077e-02,7.980491034686565399e-03,-3.656286001205444336e-01,4.356918036937713623e-01,1.006106019020080566e+00,1.268496364355087280e-01,1.066996157169342041e-02,1.027982607483863831e-01
-1.166406348347663879e-01,3.961097449064254761e-02,7.623118758201599121e-01,2.681088261306285858e-02,-3.334262967109680176e-02,8.230285644531250000e-01,5.663862824440002441e-01,1.026584282517433167e-01,-8.721987158060073853e-02,-1.320483535528182983e-01,4.955757856369018555e-01,-5.585439801216125488e-01,1.342774480581283569e-01,-3.724167048931121826e-01,-9.713241457939147949e-02,-1.068605780601501465e-01,8.700330853462219238e-01,-1.464724987745285034e-01,6.906607002019882202e-02,-7.211778312921524048e-02,1.417281851172447205e-02,1.746068447828292847e-01,-1.141410320997238159e-01,3.048209547996520996e-01,-6.006094217300415039e-01,1.040311098098754883e+00,1.383876502513885498e-01,-1.503987461328506470e-01,-6.660898029804229736e-02,2.246698597446084023e-03,-3.596315681934356689e-01,4.179067909717559814e-01,1.013533234596252441e+00,2.197243273258209229e-01,6.002671085298061371e-03,7.011789083480834961e-02
-1.116044372320175171e-01,3.769509494304656982e-02,7.618448138236999512e-01,-2.623873006086796522e-04,-2.798578515648841858e-02,8.344057798385620117e-01,5.504395961761474609e-01,7.937201112508773804e-02,-3.203078359365463257e-02,-8.888748288154602051e-02,5.475444793701171875e-01,-5.322891473770141602e-01,1.114421561360359192e-01,-4.023534357547760010e-01,-6.279481947422027588e-02,-1.175804883241653442e-01,7.879022359848022461e-01,-1.589924842119216919e-01,7.811129093170166016e-02,-1.025005802512168884e-01,3.255079686641693115e-02,1.741250753402709961e-01,-1.211688145995140076e-01,3.243185579776763916e-01,-6.729069948196411133e-01,9.796401262283325195e-01,1.630635708570480347e-01,-1.762460321187973022e-01,-9.104181826114654541e-02,-9.400821872986853123e-04,-3.787432312965393066e-01,4.520216882228851318e-01,9.988447427749633789e-01,1.797818243503570557e-01,-3.959256689995527267e-03,8.602139353752136230e-02
-1.131600290536880493e-01,1.150790136307477951e-02,7.588881254196166992e-01,-2.343552373349666595e-02,-2.512459829449653625e-02,8.405449986457824707e-01,5.406511425971984863e-01,4.826672375202178955e-02,4.066163673996925354e-03,-6.704907864332199097e-02,5.489534735679626465e-01,-5.277811288833618164e-01,9.129379689693450928e-02,-4.504786133766174316e-01,-5.618949607014656067e-02,-1.398760229349136353e-01,7.307565212249755859e-01,-1.785697937011718750e-01,8.446529507637023926e-02,-1.283137947320938110e-01,5.373861268162727356e-02,1.807700544595718384e-01,-1.310871839523315430e-01,3.913411200046539307e-01,-7.846285700798034668e-01,8.608818054199218750e-01,2.133794575929641724e-01,-2.203648686408996582e-01,-1.679615974426269531e-01,-1.550013106316328049e-02,-4.362459778785705566e-01,5.302587747573852539e-01,9.531891942024230957e-01,8.350059390068054199e-02,-2.090694010257720947e-02,1.401348859071731567e-01
-1.141626164317131042e-01,-1.950900442898273468e-02,7.538486719131469727e-01,-3.707582131028175354e-02,-2.113397605717182159e-02,8.442230820655822754e-01,5.342903137207031250e-01,1.654685102403163910e-02,1.395596005022525787e-02,-5.216661468148231506e-02,5.251473188400268555e-01,-5.494847297668457031e-01,8.425655961036682129e-02,-4.946121871471405029e-01,-5.896987393498420715e-02,-1.477906703948974609e-01,6.954230666160583496e-01,-1.836083680391311646e-01,1.087252721190452576e-01,-1.488696336746215820e-01,5.985302105545997620e-02,1.975650638341903687e-01,-1.520269811153411865e-01,4.813662469387054443e-01,-8.782715201377868652e-01,7.417913079261779785e-01,2.330044955015182495e-01,-2.618523836135864258e-01,-2.411393821239471436e-01,-4.570085555315017700e-02,-5.109245777130126953e-01,6.203567385673522949e-01,8.851519227027893066e-01,-1.273268926888704300e-02,-4.327382519841194153e-02,1.946991533041000366e-01
-1.143174394965171814e-01,-5.312342196702957153e-02,7.478085756301879883e-01,-3.836370632052421570e-02,-1.841879449784755707e-02,8.447917699813842773e-01,5.334002971649169922e-01,-2.706746943295001984e-02,-4.197482485324144363e-03,-5.251342803239822388e-02,5.185421705245971680e-01,-5.873469114303588867e-01,9.108326584100723267e-02,-5.296316742897033691e-01,-5.519654229283332825e-02,-1.460289210081100464e-01,7.169877290725708008e-01,-1.827447414398193359e-01,1.307367086410522461e-01,-1.677488237619400024e-01,5.871350318193435669e-02,2.173842340707778931e-01,-1.845280975103378296e-01,5.976310372352600098e-01,-9.681408405303955078e-01,6.250858902931213379e-01,2.366197705268859863e-01,-3.054347336292266846e-01,-3.395498692989349365e-01,-7.880747318267822266e-02,-6.134787797927856445e-01,7.064869999885559082e-01,7.751193642616271973e-01,-8.889950811862945557e-02,-7.458842545747756958e-02,2.679715156555175781e-01
-1.066932231187820435e-01,-7.831300050020217896e-02,7.424467802047729492e-01,-3.588030487298965454e-02,-1.330967806279659271e-02,8.466860055923461914e-01,5.307148098945617676e-01,-8.013430982828140259e-02,-2.173877134919166565e-02,-4.148983210325241089e-02,5.431002378463745117e-01,-6.219576001167297363e-01,1.087518408894538879e-01,-5.650582313537597656e-01,-5.762723833322525024e-02,-1.384124159812927246e-01,8.093212246894836426e-01,-1.855842024087905884e-01,1.348844915628433228e-01,-1.964770108461380005e-01,4.829886555671691895e-02,2.342394292354583740e-01,-2.351023107767105103e-01,7.564607858657836914e-01,-1.048008084297180176e+00,4.807200729846954346e-01,1.834771186113357544e-01,-3.369595110416412354e-01,-4.765764474868774414e-01,-1.098455637693405151e-01,-7.672595381736755371e-01,7.647218108177185059e-01,6.050196886062622070e-01,-8.719898015260696411e-02,-9.955687820911407471e-02,3.864381015300750732e-01
-1.025020331144332886e-01,-8.934932947158813477e-02,7.392711043357849121e-01,-3.298428654670715332e-02,-8.645403198897838593e-03,8.485416769981384277e-01,5.280287265777587891e-01,-1.021952182054519653e-01,-3.474847972393035889e-02,-3.240745887160301208e-02,5.499073266983032227e-01,-6.369965076446533203e-01,1.164704486727714539e-01,-5.944563150405883789e-01,-7.370957732200622559e-02,-1.364748626947402954e-01,9.438115358352661133e-01,-1.865502744913101196e-01,1.127604991197586060e-01,-2.193925082683563232e-01,3.615976870059967041e-02,2.280746996402740479e-01,-2.791235744953155518e-01,9.221251606941223145e-01,-1.089405536651611328e+00,3.736171424388885498e-01,8.903454989194869995e-02,-3.320481777191162109e-01,-6.176886558532714844e-01,-1.317640542984008789e-01,-9.405480027198791504e-01,7.932405471801757812e-01,4.260624945163726807e-01,-7.104258984327316284e-03,-9.994240105152130127e-02,5.313532352447509766e-01
-1.035159155726432800e-01,-9.736269712448120117e-02,7.386537790298461914e-01,-2.842075005173683167e-02,-5.299978423863649368e-03,8.470235466957092285e-01,5.307685732841491699e-01,-1.019127666950225830e-01,-5.005558580160140991e-02,-1.376809831708669662e-02,5.379738807678222656e-01,-6.302265524864196777e-01,1.233910694718360901e-01,-6.176242232322692871e-01,-9.296447783708572388e-02,-1.238101869821548462e-01,1.102999210357666016e+00,-1.823607087135314941e-01,8.353003859519958496e-02,-2.284828722476959229e-01,1.720117032527923584e-02,2.178354710340499878e-01,-3.133749067783355713e-01,1.076393723487854004e+00,-1.087532520294189453e+00,2.914419472217559814e-01,-2.138546109199523926e-02,-3.108165264129638672e-01,-7.116794586181640625e-01,-1.598852723836898804e-01,-1.123629927635192871e+00,8.069614768028259277e-01,2.597984969615936279e-01,1.079234555363655090e-01,-9.042150527238845825e-02,6.563127040863037109e-01
-1.073741391301155090e-01,-9.913185983896255493e-02,7.396575212478637695e-01,-2.277056314051151276e-02,-3.016284201294183731e-03,8.433704972267150879e-01,5.368413329124450684e-01,-7.902555912733078003e-02,-6.654234230518341064e-02,-2.148982835933566093e-03,5.087528228759765625e-01,-6.118752360343933105e-01,1.318487226963043213e-01,-6.288863420486450195e-01,-1.078918203711509705e-01,-1.108217537403106689e-01,1.277607679367065430e+00,-1.723503321409225464e-01,5.582220107316970825e-02,-2.282843291759490967e-01,2.114216331392526627e-03,1.919666528701782227e-01,-3.401949107646942139e-01,1.225936174392700195e+00,-1.027598738670349121e+00,2.478486895561218262e-01,-1.324569284915924072e-01,-2.782012820243835449e-01,-7.525076866149902344e-01,-2.026520818471908569e-01,-1.319281458854675293e+00,7.850050330162048340e-01,1.312968134880065918e-01,2.254755347967147827e-01,-8.001849055290222168e-02,7.585324645042419434e-01
-1.107121258974075317e-01,-9.944665431976318359e-02,7.421523928642272949e-01,-2.196494489908218384e-02,1.493064337410032749e-03,8.412457108497619629e-01,5.402045845985412598e-01,-5.725229158997535706e-02,-7.768005877733230591e-02,1.333266869187355042e-02,4.578163921833038330e-01,-5.806974172592163086e-01,1.423391699790954590e-01,-6.243022680282592773e-01,-1.225587651133537292e-01,-1.001058667898178101e-01,1.456013560295104980e+00,-1.722640991210937500e-01,2.982411719858646393e-02,-2.368113994598388672e-01,-1.867904793471097946e-03,1.389885842800140381e-01,-3.670365512371063232e-01,1.361908197402954102e+00,-9.455137252807617188e-01,2.157249301671981812e-01,-2.097459286451339722e-01,-2.650845646858215332e-01,-7.353910803794860840e-01,-2.602681815624237061e-01,-1.501338481903076172e+00,7.036431431770324707e-01,6.910850107669830322e-02,2.921201586723327637e-01,-9.727659821510314941e-02,7.610834240913391113e-01
-1.116844192147254944e-01,-9.982927143573760986e-02,7.463715076446533203e-01,-2.469420060515403748e-02,9.139536879956722260e-03,8.400859236717224121e-01,5.418139100074768066e-01,-4.301596060395240784e-02,-8.860804140567779541e-02,2.221097983419895172e-02,3.955441117286682129e-01,-5.304769873619079590e-01,1.558570265769958496e-01,-6.237945556640625000e-01,-1.336693912744522095e-01,-8.464418351650238037e-02,1.647023677825927734e+00,-2.020735591650009155e-01,-1.209421735256910324e-02,-2.448048740625381470e-01,8.249497972428798676e-03,6.210583448410034180e-02,-3.771435916423797607e-01,1.450454711914062500e+00,-7.222269177436828613e-01,2.490550279617309570e-01,-2.746446430683135986e-01,-2.336439490318298340e-01,-6.444509029388427734e-01,-2.908886075019836426e-01,-1.609689235687255859e+00,4.919345974922180176e-01,1.154384985566139221e-01,3.460116088390350342e-01,-1.201840117573738098e-01,6.646681427955627441e-01
-1.169251650571823120e-01,-9.938925504684448242e-02,7.517709732055664062e-01,-3.441127389669418335e-02,1.372875925153493881e-02,8.390483260154724121e-01,5.427939891815185547e-01,-3.246524930000305176e-02,-9.059522300958633423e-02,2.878096699714660645e-02,3.309327363967895508e-01,-4.815224707126617432e-01,1.750669181346893311e-01,-6.452830433845520020e-01,-1.199881732463836670e-01,-4.419785737991333008e-02,1.872450947761535645e+00,-2.065807282924652100e-01,-4.292245581746101379e-02,-2.488192319869995117e-01,2.206613868474960327e-02,-2.762336051091551781e-03,-4.245862364768981934e-01,1.460447669029235840e+00,-3.808035254478454590e-01,3.498573005199432373e-01,-3.966777324676513672e-01,-2.641452252864837646e-01,-3.090191781520843506e-01,-3.462054729461669922e-01,-1.615101218223571777e+00,1.583333462476730347e-01,2.576848566532135010e-01,4.356575310230255127e-01,-2.094398736953735352e-01,3.129894733428955078e-01
-1.323718577623367310e-01,-9.836872667074203491e-02,7.569562196731567383e-01,-5.094070360064506531e-02,-9.104777709580957890e-04,8.447641730308532715e-01,5.327078700065612793e-01,-8.722967468202114105e-03,-6.409996747970581055e-02,8.469020947813987732e-03,2.743411660194396973e-01,-4.549815654754638672e-01,1.702568680047988892e-01,-6.905040144920349121e-01,-5.460381135344505310e-02,7.842311635613441467e-03,2.074492692947387695e+00,-2.149636894464492798e-01,-4.517238959670066833e-02,-2.807300090789794922e-01,5.153241381049156189e-02,-3.981152921915054321e-02,-5.801407694816589355e-01,1.471164226531982422e+00,-1.835948675870895386e-01,3.134484887123107910e-01,-4.395326077938079834e-01,-3.186244666576385498e-01,1.129264831542968750e-01,-4.650863707065582275e-01,-1.639737248420715332e+00,-5.826427787542343140e-02,2.907178401947021484e-01,5.129528045654296875e-01,-3.075748085975646973e-01,-1.413411796092987061e-01
-1.381552517414093018e-01,-9.718960523605346680e-02,7.623009085655212402e-01,-6.260574609041213989e-02,-1.107156276702880859e-02,8.496388196945190430e-01,5.235187411308288574e-01,3.868391504511237144e-03,-3.823557868599891663e-02,-1.332552824169397354e-02,2.348064631223678589e-01,-4.228672981262207031e-01,1.660510301589965820e-01,-7.364950180053710938e-01,6.305931019596755505e-04,2.702021971344947815e-02,2.224319934844970703e+00,-2.307079136371612549e-01,-4.216985031962394714e-02,-3.191743791103363037e-01,7.917453348636627197e-02,-6.444294750690460205e-02,-7.441454529762268066e-01,1.492500066757202148e+00,-9.880785644054412842e-02,2.539469897747039795e-01,-4.236189424991607666e-01,-3.520099222660064697e-01,4.390133917331695557e-01,-5.494603514671325684e-01,-1.680467724800109863e+00,-1.726572215557098389e-01,2.852776646614074707e-01,5.562363266944885254e-01,-3.798607587814331055e-01,-4.264516234397888184e-01
-1.387377977371215820e-01,-9.749580919742584229e-02,7.677492499351501465e-01,-7.001934200525283813e-02,-1.638301834464073181e-02,8.519771099090576172e-01,5.186173319816589355e-01,1.478686369955539703e-02,-1.939219795167446136e-02,-2.579849027097225189e-02,1.929897814989089966e-01,-3.853352963924407959e-01,1.662511825561523438e-01,-7.905831933021545410e-01,3.494452312588691711e-02,2.324132993817329407e-02,2.336474180221557617e+00,-2.337654381990432739e-01,-3.427818045020103455e-02,-3.543051779270172119e-01,1.059153974056243896e-01,-8.254356682300567627e-02,-8.726418018341064453e-01,1.511608481407165527e+00,-7.188870757818222046e-02,2.065284252166748047e-01,-3.726008236408233643e-01,-3.688580989837646484e-01,6.746699810028076172e-01,-6.098082065582275391e-01,-1.734349370002746582e+00,-2.483279854059219360e-01,2.632860243320465088e-01,5.268806815147399902e-01,-4.253358840942382812e-01,-6.371204853057861328e-01
-1.316536366939544678e-01,-1.010338887572288513e-01,7.717997431755065918e-01,-7.059976458549499512e-02,-1.943717896938323975e-02,8.530964851379394531e-01,5.165890455245971680e-01,2.527472376823425293e-02,-4.000232089310884476e-03,-2.817123197019100189e-02,1.555322855710983276e-01,-3.576029539108276367e-01,1.673318594694137573e-01,-8.576722741127014160e-01,5.371497571468353271e-02,-6.163947400636970997e-04,2.402255773544311523e+00,-2.330456525087356567e-01,-2.229014039039611816e-02,-3.723843991756439209e-01,1.214070022106170654e-01,-9.508292376995086670e-02,-9.724207520484924316e-01,1.535691142082214355e+00,-7.690797746181488037e-02,1.770508885383605957e-01,-2.986434102058410645e-01,-3.673565685749053955e-01,8.398892879486083984e-01,-6.581991314888000488e-01,-1.784411311149597168e+00,-3.048736751079559326e-01,2.431518286466598511e-01,4.572157263755798340e-01,-4.431578516960144043e-01,-8.202506303787231445e-01
-1.263859719038009644e-01,-1.007545143365859985e-01,7.744715213775634766e-01,-6.933476030826568604e-02,-1.953820884227752686e-02,8.523756861686706543e-01,5.179446339607238770e-01,3.344763070344924927e-02,3.442951710894703865e-03,-2.666800096631050110e-02,1.383164972066879272e-01,-3.368208408355712891e-01,1.695249229669570923e-01,-8.968655467033386230e-01,3.681840002536773682e-02,-2.249066159129142761e-02,2.395822286605834961e+00,-2.594547271728515625e-01,-2.424175478518009186e-02,-3.848805129528045654e-01,1.270959377288818359e-01,-1.070029363036155701e-01,-1.045808434486389160e+00,1.548023581504821777e+00,-9.443286806344985962e-02,1.581838876008987427e-01,-2.501993179321289062e-01,-3.602328002452850342e-01,9.236957430839538574e-01,-6.800755858421325684e-01,-1.823139786720275879e+00,-3.293089568614959717e-01,2.219784706830978394e-01,3.854436576366424561e-01,-4.390348494052886963e-01,-9.254325032234191895e-01
-1.213461831212043762e-01,-1.023605763912200928e-01,7.757832407951354980e-01,-6.416196376085281372e-02,-2.066330239176750183e-02,8.523242473602294922e-01,5.186517834663391113e-01,4.209353029727935791e-02,7.169399410486221313e-03,-1.933339796960353851e-02,1.337786465883255005e-01,-3.264475166797637939e-01,1.671023815870285034e-01,-9.184969067573547363e-01,-3.769119502976536751e-03,-4.148633405566215515e-02,2.331876754760742188e+00,-2.983023822307586670e-01,-4.370850697159767151e-02,-3.925183713436126709e-01,1.238414421677589417e-01,-1.084867343306541443e-01,-1.121160626411437988e+00,1.542641639709472656e+00,-1.225628256797790527e-01,1.496639698743820190e-01,-2.117728441953659058e-01,-3.503944575786590576e-01,9.729081392288208008e-01,-6.963678002357482910e-01,-1.852791547775268555e+00,-3.458672761917114258e-01,2.117707431316375732e-01,3.164105117321014404e-01,-4.230923652648925781e-01,-1.015966534614562988e+00
-1.216444075107574463e-01,-9.769581258296966553e-02,7.758194804191589355e-01,-6.040844693779945374e-02,-1.993463002145290375e-02,8.521875739097595215e-01,5.193551182746887207e-01,5.516326799988746643e-02,7.528914604336023331e-03,-1.133139128796756268e-03,1.355190724134445190e-01,-3.229740858078002930e-01,1.551529765129089355e-01,-9.180266261100769043e-01,-6.377993524074554443e-02,-7.029446959495544434e-02,2.221457958221435547e+00,-3.429236114025115967e-01,-6.858805567026138306e-02,-3.929991126060485840e-01,1.108281165361404419e-01,-1.041810587048530579e-01,-1.196772813796997070e+00,1.534354090690612793e+00,-1.631908416748046875e-01,1.551546603441238403e-01,-1.896140575408935547e-01,-3.477347791194915771e-01,1.001579523086547852e+00,-7.011657953262329102e-01,-1.880508065223693848e+00,-3.523117303848266602e-01,2.190311849117279053e-01,2.730590999126434326e-01,-4.095147550106048584e-01,-1.085012078285217285e+00
-1.164766475558280945e-01,-9.050244092941284180e-02,7.741602063179016113e-01,-4.897419363260269165e-02,-1.421012356877326965e-02,8.506777286529541016e-01,5.232083797454833984e-01,7.560723274946212769e-02,-3.055501962080597878e-03,1.384329050779342651e-02,1.415024548768997192e-01,-3.275732994079589844e-01,1.359229832887649536e-01,-8.899546265602111816e-01,-1.136129572987556458e-01,-1.231272071599960327e-01,2.053206205368041992e+00,-3.890874981880187988e-01,-8.630161732435226440e-02,-3.905191123485565186e-01,7.908442616462707520e-02,-9.844803810119628906e-02,-1.273178458213806152e+00,1.508725643157958984e+00,-2.069799751043319702e-01,1.706441789865493774e-01,-1.845595985651016235e-01,-3.456288576126098633e-01,1.012749195098876953e+00,-6.992280483245849609e-01,-1.897369742393493652e+00,-3.555134534835815430e-01,2.316144406795501709e-01,2.290033549070358276e-01,-3.889616131782531738e-01,-1.120032072067260742e+00
-1.110157668590545654e-01,-7.874220609664916992e-02,7.712010145187377930e-01,-3.632795438170433044e-02,-7.372724823653697968e-03,8.479661941528320312e-01,5.287525653839111328e-01,1.039343401789665222e-01,-1.523990277200937271e-02,2.038438804447650909e-02,1.455457210540771484e-01,-3.366563320159912109e-01,1.141628548502922058e-01,-8.515495657920837402e-01,-1.381466090679168701e-01,-1.867420524358749390e-01,1.847912192344665527e+00,-4.098996222019195557e-01,-8.288063853979110718e-02,-3.823569715023040771e-01,4.124598577618598938e-02,-8.709179610013961792e-02,-1.344656586647033691e+00,1.476579070091247559e+00,-2.553800046443939209e-01,1.969717890024185181e-01,-1.825855076313018799e-01,-3.406247198581695557e-01,1.006081700325012207e+00,-6.956442594528198242e-01,-1.900765061378479004e+00,-3.611355721950531006e-01,2.371452599763870239e-01,1.895848512649536133e-01,-3.656092286109924316e-01,-1.125324249267578125e+00
-1.095477119088172913e-01,-7.322925329208374023e-02,7.660107016563415527e-01,-2.038708142936229706e-02,-4.432809539139270782e-03,8.456102013587951660e-01,5.333930253982543945e-01,1.410436481237411499e-01,-3.385807201266288757e-02,3.519845008850097656e-02,1.427567452192306519e-01,-3.595312833786010742e-01,9.600704163312911987e-02,-8.020981550216674805e-01,-1.454728245735168457e-01,-2.361327409744262695e-01,1.589516878128051758e+00,-3.987766802310943604e-01,-5.665411055088043213e-02,-3.754661977291107178e-01,-7.080660201609134674e-03,-6.656631082296371460e-02,-1.408127784729003906e+00,1.438208580017089844e+00,-2.856718301773071289e-01,2.366322427988052368e-01,-1.616312414407730103e-01,-3.336312174797058105e-01,1.006338715553283691e+00,-6.874798536300659180e-01,-1.892046689987182617e+00,-3.621875047683715820e-01,2.492709308862686157e-01,1.229041442275047302e-01,-3.288088142871856689e-01,-1.116999983787536621e+00
-1.073753312230110168e-01,-6.886583566665649414e-02,7.591488957405090332e-01,-2.731992164626717567e-03,-4.892717115581035614e-03,8.400852084159851074e-01,5.424255728721618652e-01,1.847359091043472290e-01,-5.068118125200271606e-02,4.528901726007461548e-02,1.405597329139709473e-01,-4.006432294845581055e-01,9.046705812215805054e-02,-7.373415231704711914e-01,-1.222130879759788513e-01,-2.813615798950195312e-01,1.291934251785278320e+00,-3.451969623565673828e-01,-1.379918027669191360e-02,-3.593708276748657227e-01,-5.620714649558067322e-02,-3.681116178631782532e-02,-1.447864055633544922e+00,1.398907780647277832e+00,-3.099960088729858398e-01,2.746315896511077881e-01,-1.621633321046829224e-01,-3.317867219448089600e-01,1.012121677398681641e+00,-6.851803660392761230e-01,-1.868211507797241211e+00,-3.665279448032379150e-01,2.593619227409362793e-01,7.820453494787216187e-02,-2.898560464382171631e-01,-1.115645885467529297e+00
-1.084075421094894409e-01,-6.888326257467269897e-02,7.505744695663452148e-01,1.585057564079761505e-02,-4.280712455511093140e-03,8.315672874450683594e-01,5.551813244819641113e-01,2.243924736976623535e-01,-7.967292517423629761e-02,6.754492968320846558e-02,1.408877074718475342e-01,-4.570697247982025146e-01,8.782766759395599365e-02,-6.608698368072509766e-01,-9.832701832056045532e-02,-3.303795158863067627e-01,9.988914132118225098e-01,-2.933320403099060059e-01,3.826995193958282471e-02,-3.367127180099487305e-01,-1.038101762533187866e-01,-6.677949335426092148e-03,-1.450517058372497559e+00,1.372964501380920410e+00,-3.127345144748687744e-01,2.967526018619537354e-01,-1.798216998577117920e-01,-3.384795784950256348e-01,1.014419674873352051e+00,-6.815308332443237305e-01,-1.840580701828002930e+00,-3.629536628723144531e-01,2.691983580589294434e-01,5.787970125675201416e-02,-2.590068280696868896e-01,-1.092647314071655273e+00
-1.141488105058670044e-01,-6.749988347291946411e-02,7.422720789909362793e-01,2.784403972327709198e-02,-7.533084135502576828e-03,8.224849700927734375e-01,5.680549740791320801e-01,2.483342438936233521e-01,-9.913543611764907837e-02,9.122449904680252075e-02,1.684183925390243530e-01,-5.261538028717041016e-01,9.775527566671371460e-02,-5.955702662467956543e-01,-6.654445827007293701e-02,-3.619101941585540771e-01,7.441481351852416992e-01,-2.384059876203536987e-01,8.719588071107864380e-02,-3.093791902065277100e-01,-1.401095986366271973e-01,1.880886219441890717e-02,-1.414871215820312500e+00,1.335747718811035156e+00,-2.870707213878631592e-01,3.060320615768432617e-01,-1.924727708101272583e-01,-3.414731025695800781e-01,1.015045642852783203e+00,-6.827110648155212402e-01,-1.789362192153930664e+00,-3.531630337238311768e-01,2.443646490573883057e-01,5.295686423778533936e-02,-2.486083060503005981e-01,-1.066272020339965820e+00
-1.217593178153038025e-01,-6.316178292036056519e-02,7.344256639480590820e-01,3.557039424777030945e-02,-1.099959481507539749e-02,8.126205801963806152e-01,5.816025733947753906e-01,2.663889527320861816e-01,-1.133603230118751526e-01,1.199222579598426819e-01,2.033461183309555054e-01,-5.900923013687133789e-01,1.022439002990722656e-01,-5.496512651443481445e-01,-5.076670274138450623e-02,-4.001069664955139160e-01,5.563964843750000000e-01,-1.976072490215301514e-01,1.198053658008575439e-01,-2.738088071346282959e-01,-1.587370485067367554e-01,3.686726093292236328e-02,-1.329198837280273438e+00,1.287591218948364258e+00,-2.357925027608871460e-01,3.132537901401519775e-01,-2.111262530088424683e-01,-3.425871729850769043e-01,9.982716441154479980e-01,-6.904207468032836914e-01,-1.729302406311035156e+00,-3.352423906326293945e-01,2.076464146375656128e-01,4.239985719323158264e-02,-2.367655187845230103e-01,-1.043821811676025391e+00
-1.288525313138961792e-01,-5.674085766077041626e-02,7.282038927078247070e-01,4.084276407957077026e-02,-1.725375838577747345e-02,8.049454092979431152e-01,5.916900038719177246e-01,2.845879793167114258e-01,-1.173787415027618408e-01,1.378066837787628174e-01,2.403646111488342285e-01,-6.388921737670898438e-01,1.115244999527931213e-01,-5.157903432846069336e-01,-4.601936787366867065e-02,-4.385427534580230713e-01,4.349717497825622559e-01,-1.622714251279830933e-01,1.335587948560714722e-01,-2.443265914916992188e-01,-1.589052528142929077e-01,5.220190808176994324e-02,-1.198327898979187012e+00,1.218941688537597656e+00,-1.638285815715789795e-01,3.169234395027160645e-01,-2.569472789764404297e-01,-3.503144085407257080e-01,9.501152038574218750e-01,-7.034206986427307129e-01,-1.660420417785644531e+00,-3.075773417949676514e-01,1.715020537376403809e-01,6.021061539649963379e-02,-2.343924790620803833e-01,-1.022734045982360840e+00
-1.335688829421997070e-01,-4.680790752172470093e-02,7.233993411064147949e-01,4.536714404821395874e-02,-2.217462472617626190e-02,7.969869375228881836e-01,6.018820405006408691e-01,3.080753982067108154e-01,-1.180594190955162048e-01,1.560677736997604370e-01,2.669574618339538574e-01,-6.670922040939331055e-01,1.153857931494712830e-01,-4.852438569068908691e-01,-4.836747050285339355e-02,-4.830593168735504150e-01,3.739672899246215820e-01,-1.400843709707260132e-01,1.398739516735076904e-01,-2.211130857467651367e-01,-1.400465518236160278e-01,6.279944628477096558e-02,-1.012588977813720703e+00,1.133347392082214355e+00,-7.741980254650115967e-02,3.358053565025329590e-01,-3.193618357181549072e-01,-3.544730246067047119e-01,8.730515837669372559e-01,-7.217665910720825195e-01,-1.577979683876037598e+00,-2.638020217418670654e-01,1.354072242975234985e-01,8.077494800090789795e-02,-2.295456528663635254e-01,-9.986332654953002930e-01
-1.359600573778152466e-01,-3.188642859458923340e-02,7.209089994430541992e-01,4.679738730192184448e-02,-2.395625784993171692e-02,7.917252182960510254e-01,6.086109280586242676e-01,3.328557908535003662e-01,-1.130448803305625916e-01,1.708215028047561646e-01,2.806580662727355957e-01,-6.667281985282897949e-01,1.144665628671646118e-01,-4.657149016857147217e-01,-5.493778362870216370e-02,-5.261425971984863281e-01,3.548450767993927002e-01,-1.178044453263282776e-01,1.411599218845367432e-01,-2.155841737985610962e-01,-1.107026562094688416e-01,6.802957504987716675e-02,-8.217390775680541992e-01,1.033907294273376465e+00,-2.474903687834739685e-02,3.834097385406494141e-01,-3.755694627761840820e-01,-3.441436290740966797e-01,7.709916830062866211e-01,-7.270804643630981445e-01,-1.475309610366821289e+00,-2.161499708890914917e-01,1.159935817122459412e-01,1.005277037620544434e-01,-2.216711044311523438e-01,-9.683419466018676758e-01
-1.414556354284286499e-01,-8.867208845913410187e-03,7.208371758460998535e-01,4.050708189606666565e-02,-2.584136649966239929e-02,7.893505692481994629e-01,6.120597124099731445e-01,3.606747984886169434e-01,-9.780956059694290161e-02,1.764210164546966553e-01,2.827150225639343262e-01,-6.350206136703491211e-01,1.009359434247016907e-01,-4.419908821582794189e-01,-4.835543781518936157e-02,-5.467465519905090332e-01,3.383456170558929443e-01,-1.059341058135032654e-01,1.475066095590591431e-01,-2.309484183788299561e-01,-6.596598029136657715e-02,6.524764746427536011e-02,-6.423637866973876953e-01,9.324596524238586426e-01,-2.177573367953300476e-02,4.935820400714874268e-01,-4.304148256778717041e-01,-3.151107132434844971e-01,6.264432668685913086e-01,-7.143714427947998047e-01,-1.341966509819030762e+00,-1.755961924791336060e-01,1.216031536459922791e-01,1.694336533546447754e-01,-2.417096346616744995e-01,-9.223567247390747070e-01
-1.511659622192382812e-01,1.913214288651943207e-02,7.226145267486572266e-01,2.694436162710189819e-02,-2.980477362871170044e-02,7.886813282966613770e-01,6.134879589080810547e-01,3.787299692630767822e-01,-7.027097791433334351e-02,1.806221008300781250e-01,3.012803792953491211e-01,-5.838841795921325684e-01,7.973840832710266113e-02,-4.252978861331939697e-01,-3.062766045331954956e-02,-5.389618873596191406e-01,3.435419201850891113e-01,-1.023485288023948669e-01,1.532238572835922241e-01,-2.696570754051208496e-01,-1.436369586735963821e-02,5.539226159453392029e-02,-5.032849907875061035e-01,8.434548377990722656e-01,-4.741840064525604248e-02,6.616229414939880371e-01,-4.059110879898071289e-01,-2.570474743843078613e-01,4.818969368934631348e-01,-6.552683115005493164e-01,-1.197639822959899902e+00,-1.811803281307220459e-01,1.617074459791183472e-01,2.547073662281036377e-01,-2.667528390884399414e-01,-8.721178770065307617e-01
-1.538689732551574707e-01,4.190547019243240356e-02,7.261534929275512695e-01,1.103368867188692093e-02,-3.033778630197048187e-02,7.881932258605957031e-01,6.145805716514587402e-01,3.821976482868194580e-01,-4.300674051046371460e-02,1.727655231952667236e-01,3.259184062480926514e-01,-5.480751395225524902e-01,6.223982200026512146e-02,-4.109645485877990723e-01,-1.384205743670463562e-02,-5.354275107383728027e-01,3.581497371196746826e-01,-1.171341612935066223e-01,1.470822840929031372e-01,-3.100399971008300781e-01,3.667223080992698669e-02,4.336613044142723083e-02,-3.863847553730010986e-01,7.502635717391967773e-01,-9.229083359241485596e-02,8.446440100669860840e-01,-3.030345737934112549e-01,-1.912434697151184082e-01,3.426575660705566406e-01,-5.466735959053039551e-01,-1.057806730270385742e+00,-2.532071471214294434e-01,2.107162028551101685e-01,3.421202003955841064e-01,-2.905011773109436035e-01,-8.249691724777221680e-01
-1.562721878290176392e-01,6.514091789722442627e-02,7.301263213157653809e-01,-3.673955332487821579e-03,-2.922553010284900665e-02,7.872576713562011719e-01,6.159202456474304199e-01,3.672327101230621338e-01,-1.028775423765182495e-02,1.768522858619689941e-01,3.851154446601867676e-01,-5.036218762397766113e-01,4.127408564090728760e-02,-3.948205113410949707e-01,8.367873728275299072e-03,-5.273704528808593750e-01,3.856073319911956787e-01,-1.342192590236663818e-01,1.384232342243194580e-01,-3.494035303592681885e-01,8.426266908645629883e-02,3.462085127830505371e-02,-2.695055305957794189e-01,6.409726738929748535e-01,-1.560783386230468750e-01,1.016388654708862305e+00,-1.700808554887771606e-01,-1.381544619798660278e-01,2.492630481719970703e-01,-4.101240038871765137e-01,-9.030309915542602539e-01,-3.344911336898803711e-01,2.644875943660736084e-01,4.359531998634338379e-01,-3.068927228450775146e-01,-7.997484803199768066e-01
-1.582904607057571411e-01,8.881133794784545898e-02,7.340521812438964844e-01,-1.732663251459598541e-02,-2.797002159059047699e-02,7.866549491882324219e-01,6.165155768394470215e-01,3.448554277420043945e-01,2.571422979235649109e-02,1.869465261697769165e-01,4.741177558898925781e-01,-4.521893858909606934e-01,1.367350760847330093e-02,-3.763265907764434814e-01,3.406991064548492432e-02,-5.151079297065734863e-01,4.089912176132202148e-01,-1.633361876010894775e-01,1.209225952625274658e-01,-3.891811370849609375e-01,1.238532140851020813e-01,3.804431855678558350e-02,-1.618162989616394043e-01,5.231177210807800293e-01,-2.149896323680877686e-01,1.119365572929382324e+00,-6.432273983955383301e-02,-1.065651848912239075e-01,2.005108296871185303e-01,-2.633735835552215576e-01,-7.378696799278259277e-01,-4.109336435794830322e-01,3.298824429512023926e-01,5.461806058883666992e-01,-3.460417091846466064e-01,-7.946582436561584473e-01
-1.601848751306533813e-01,1.124567613005638123e-01,7.369421124458312988e-01,-2.813511155545711517e-02,-2.803444676101207733e-02,7.819269299507141113e-01,6.221034526824951172e-01,3.188332021236419678e-01,5.578427389264106750e-02,1.824666112661361694e-01,5.730761885643005371e-01,-3.801435232162475586e-01,-2.646668814122676849e-02,-3.509939908981323242e-01,6.683650612831115723e-02,-4.946702420711517334e-01,4.238221645355224609e-01,-2.049667537212371826e-01,9.825947880744934082e-02,-4.107554852962493896e-01,1.506586968898773193e-01,3.940083459019660950e-02,-7.711947709321975708e-02,4.247650802135467529e-01,-2.622401416301727295e-01,1.171096920967102051e+00,-5.232469644397497177e-03,-9.392061084508895874e-02,1.725530326366424561e-01,-1.314098834991455078e-01,-5.686166882514953613e-01,-4.419248402118682861e-01,4.300635755062103271e-01,6.538417935371398926e-01,-3.741474747657775879e-01,-7.798051834106445312e-01
-1.616750955581665039e-01,1.354230344295501709e-01,7.394636273384094238e-01,-3.458262607455253601e-02,-2.998948097229003906e-02,7.738494277000427246e-01,6.317133307456970215e-01,2.850230038166046143e-01,8.443918824195861816e-02,1.747519373893737793e-01,6.754710674285888672e-01,-2.890539467334747314e-01,-6.414657086133956909e-02,-3.163694143295288086e-01,1.017408445477485657e-01,-4.693762063980102539e-01,4.327049553394317627e-01,-2.451417595148086548e-01,6.300293654203414917e-02,-4.124432504177093506e-01,1.682029217481613159e-01,3.976491093635559082e-02,-2.436359412968158722e-02,3.594752550125122070e-01,-2.983750998973846436e-01,1.180861115455627441e+00,9.420353919267654419e-03,-9.333850443363189697e-02,1.506040245294570923e-01,-2.941042371094226837e-02,-4.321697652339935303e-01,-4.300646483898162842e-01,5.670929551124572754e-01,7.430032491683959961e-01,-3.738751113414764404e-01,-7.345353960990905762e-01
-1.622530966997146606e-01,1.567573845386505127e-01,7.423433065414428711e-01,-3.561215847730636597e-02,-3.492421656847000122e-02,7.652162909507751465e-01,6.418380737304687500e-01,2.400621622800827026e-01,1.180187463760375977e-01,1.700727045536041260e-01,7.924526929855346680e-01,-2.019649893045425415e-01,-9.579229354858398438e-02,-2.701559066772460938e-01,1.381159871816635132e-01,-4.448608160018920898e-01,4.168321192264556885e-01,-2.657935619354248047e-01,3.000303916633129120e-02,-4.052737951278686523e-01,1.780296117067337036e-01,4.035346955060958862e-02,1.850320585072040558e-02,3.267490863800048828e-01,-3.685595989227294922e-01,1.154451847076416016e+00,8.075565099716186523e-03,-9.311755001544952393e-02,1.008622646331787109e-01,3.387973457574844360e-02,-3.413435220718383789e-01,-3.380374908447265625e-01,7.493500113487243652e-01,8.228256106376647949e-01,-3.118206262588500977e-01,-5.958902835845947266e-01
-1.584000438451766968e-01,1.752908378839492798e-01,7.452284693717956543e-01,-3.179332986474037170e-02,-3.981712460517883301e-02,7.541521787643432617e-01,6.547200083732604980e-01,1.837053298950195312e-01,1.638059765100479126e-01,1.787132173776626587e-01,9.354908466339111328e-01,-1.400128304958343506e-01,-1.121494397521018982e-01,-2.169652879238128662e-01,1.774639785289764404e-01,-4.040004312992095947e-01,3.849099576473236084e-01,-2.776635289192199707e-01,-1.361141330562531948e-03,-3.822522461414337158e-01,1.698806285858154297e-01,4.504714161157608032e-02,4.775873571634292603e-02,3.223834037780761719e-01,-4.413404762744903564e-01,1.088227629661560059e+00,-1.287859212607145309e-02,-9.636732190847396851e-02,3.856569901108741760e-02,5.724299326539039612e-02,-2.868337035179138184e-01,-1.770456731319427490e-01,9.202093482017517090e-01,8.117703199386596680e-01,-2.079541236162185669e-01,-4.269345104694366455e-01
-1.508926898241043091e-01,1.937634646892547607e-01,7.477069497108459473e-01,-2.399618737399578094e-02,-4.390966147184371948e-02,7.399073839187622070e-01,6.708451509475708008e-01,8.969418704509735107e-02,2.107631415128707886e-01,1.727077215909957886e-01,1.134159684181213379e+00,-1.469458490610122681e-01,-9.308632463216781616e-02,-1.608531326055526733e-01,2.158704549074172974e-01,-3.467751145362854004e-01,3.573824465274810791e-01,-2.890765070915222168e-01,-3.139717876911163330e-02,-3.462802469730377197e-01,1.493756324052810669e-01,5.961187928915023804e-02,7.454392313957214355e-02,3.460526466369628906e-01,-5.331809520721435547e-01,9.895346760749816895e-01,-3.202516585588455200e-02,-1.072686612606048584e-01,-6.416881829500198364e-02,7.185731828212738037e-02,-2.887318432331085205e-01,9.563566744327545166e-02,9.625253677368164062e-01,6.331314444541931152e-01,-8.718571811914443970e-02,-2.054503262042999268e-01
-1.552578210830688477e-01,2.107860147953033447e-01,7.500737309455871582e-01,-1.635386422276496887e-02,-4.369181767106056213e-02,7.247210741043090820e-01,6.874612569808959961e-01,-8.499535731971263885e-03,2.599174678325653076e-01,1.832326650619506836e-01,1.324336051940917969e+00,-2.150314301252365112e-01,-3.827851638197898865e-02,-1.240840256214141846e-01,2.184280604124069214e-01,-2.888929545879364014e-01,3.649564683437347412e-01,-3.202489018440246582e-01,-4.958434775471687317e-02,-3.089981973171234131e-01,1.057208254933357239e-01,6.324214488267898560e-02,1.111186742782592773e-01,3.938371539115905762e-01,-6.093863844871520996e-01,9.015961885452270508e-01,-3.532304195687174797e-03,-1.298652142286300659e-01,-1.726052165031433105e-01,7.593939453363418579e-02,-3.967692553997039795e-01,3.870742619037628174e-01,7.555466294288635254e-01,4.290364086627960205e-01,-2.159036509692668915e-02,8.504413068294525146e-02
-1.543079316616058350e-01,2.131027579307556152e-01,7.534064054489135742e-01,-1.335388747975230217e-03,-3.955300152301788330e-02,7.068302631378173828e-01,7.062752842903137207e-01,-1.219719722867012024e-01,2.661150693893432617e-01,1.592075526714324951e-01,1.550565838813781738e+00,-2.454802989959716797e-01,-1.329633500427007675e-02,-1.016930118203163147e-01,2.037141770124435425e-01,-2.432070970535278320e-01,3.699781000614166260e-01,-3.287661671638488770e-01,-5.227765068411827087e-02,-2.467854619026184082e-01,6.157343462109565735e-02,5.523699894547462463e-02,1.336377263069152832e-01,4.362697601318359375e-01,-6.715656518936157227e-01,8.488007783889770508e-01,5.093744769692420959e-02,-1.657634228467941284e-01,-2.576347589492797852e-01,-1.945896190591156483e-03,-5.751513838768005371e-01,6.212394833564758301e-01,5.466662049293518066e-01,3.460744321346282959e-01,6.567541509866714478e-03,3.171158730983734131e-01
-1.534309834241867065e-01,2.129652649164199829e-01,7.566222548484802246e-01,1.859694346785545349e-02,-3.431534767150878906e-02,6.814725995063781738e-01,7.308021187782287598e-01,-2.518450617790222168e-01,2.396014034748077393e-01,1.381781250238418579e-01,1.746649265289306641e+00,-2.529470324516296387e-01,3.152065677568316460e-03,-7.742507755756378174e-02,1.759196668863296509e-01,-1.989899873733520508e-01,3.802599906921386719e-01,-3.401406407356262207e-01,-6.276290118694305420e-02,-1.667989641427993774e-01,3.486981149762868881e-03,3.423381596803665161e-02,1.605582386255264282e-01,4.825297892093658447e-01,-6.812151670455932617e-01,8.181413412094116211e-01,7.029382884502410889e-02,-2.015472054481506348e-01,-3.097025156021118164e-01,-1.737195253372192383e-01,-8.026884198188781738e-01,7.758843898773193359e-01,2.844861149787902832e-01,3.768488466739654541e-01,-7.068505045026540756e-03,4.729000031948089600e-01
-1.500132381916046143e-01,2.252434194087982178e-01,7.587744593620300293e-01,3.472770377993583679e-02,-2.394953556358814240e-02,6.617165803909301758e-01,7.485663294792175293e-01,-4.088420867919921875e-01,2.115889340639114380e-01,1.279203444719314575e-01,1.901660561561584473e+00,-2.550489306449890137e-01,1.560509786941111088e-03,-5.759922415018081665e-02,1.379299312829971313e-01,-1.765519827604293823e-01,3.998809158802032471e-01,-3.549021780490875244e-01,-7.366024702787399292e-02,-9.605610370635986328e-02,-4.636939987540245056e-02,1.446282770484685898e-02,1.841643005609512329e-01,5.337327718734741211e-01,-6.855769157409667969e-01,8.014005422592163086e-01,9.361812472343444824e-02,-2.336270958185195923e-01,-3.454014956951141357e-01,-4.278253018856048584e-01,-1.044189453125000000e+00,8.871106505393981934e-01,5.422217026352882385e-02,4.132579267024993896e-01,-4.672703146934509277e-02,5.486614108085632324e-01
-1.474529355764389038e-01,2.361668944358825684e-01,7.594860196113586426e-01,4.696632921695709229e-02,-1.101250853389501572e-02,6.455039381980895996e-01,7.622319459915161133e-01,-5.524128675460815430e-01,1.694288402795791626e-01,1.183215528726577759e-01,2.032021045684814453e+00,-2.644914984703063965e-01,-3.110811347141861916e-03,-5.319437757134437561e-02,9.685272723436355591e-02,-1.592699885368347168e-01,4.204095900058746338e-01,-3.644517362117767334e-01,-7.410153001546859741e-02,-3.935647755861282349e-02,-9.682698547840118408e-02,9.767098352313041687e-03,2.165816128253936768e-01,5.749507546424865723e-01,-6.635509729385375977e-01,7.850477099418640137e-01,1.059453859925270081e-01,-2.447271049022674561e-01,-3.586365580558776855e-01,-7.335149049758911133e-01,-1.236606240272521973e+00,9.714761972427368164e-01,-9.251758456230163574e-02,3.838431239128112793e-01,-9.413747489452362061e-02,5.316220521926879883e-01
-1.454682350158691406e-01,2.456325143575668335e-01,7.583785653114318848e-01,5.817824974656105042e-02,2.802335657179355621e-03,6.325712203979492188e-01,7.723088860511779785e-01,-6.819741129875183105e-01,1.270917654037475586e-01,1.122124344110488892e-01,2.115762948989868164e+00,-2.798224687576293945e-01,6.204277276992797852e-03,-6.036794930696487427e-02,5.411780253052711487e-02,-1.513546109199523926e-01,4.549183845520019531e-01,-3.896236121654510498e-01,-6.969824433326721191e-02,-9.174036793410778046e-03,-1.328584551811218262e-01,1.748497039079666138e-02,2.619229555130004883e-01,5.834009647369384766e-01,-5.882038474082946777e-01,7.879699468612670898e-01,1.273162066936492920e-01,-2.317056804895401001e-01,-3.311124444007873535e-01,-1.125114083290100098e+00,-1.339325070381164551e+00,1.070870161056518555e+00,-7.281050831079483032e-02,2.923180758953094482e-01,-1.351478993892669678e-01,4.166638553142547607e-01
-1.473666131496429443e-01,2.501843869686126709e-01,7.565316557884216309e-01,6.619007140398025513e-02,8.632791228592395782e-03,6.238839030265808105e-01,7.786611914634704590e-01,-7.749715447425842285e-01,1.038971617817878723e-01,1.188597753643989563e-01,2.129422903060913086e+00,-3.144704997539520264e-01,2.730062976479530334e-02,-5.433241277933120728e-02,2.484398894011974335e-02,-1.539990752935409546e-01,4.626654386520385742e-01,-4.259960651397705078e-01,-5.751726403832435608e-02,1.814182661473751068e-02,-1.422604173421859741e-01,2.098540030419826508e-02,2.960785329341888428e-01,5.562748908996582031e-01,-5.113788843154907227e-01,8.356436491012573242e-01,1.652008146047592163e-01,-2.148678153753280640e-01,-2.923842668533325195e-01,-1.506630301475524902e+00,-1.332969665527343750e+00,1.206420660018920898e+00,8.046644181013107300e-02,1.952707916498184204e-01,-1.483016610145568848e-01,2.830035090446472168e-01
-1.512199491262435913e-01,2.569570541381835938e-01,7.556885480880737305e-01,6.791535019874572754e-02,6.878642365336418152e-03,6.153807640075683594e-01,7.852685451507568359e-01,-8.298738002777099609e-01,1.071599945425987244e-01,1.321821659803390503e-01,2.092023134231567383e+00,-3.557015061378479004e-01,6.432896852493286133e-02,-3.992290422320365906e-02,1.895389705896377563e-02,-1.439564079046249390e-01,4.630711078643798828e-01,-4.475353062152862549e-01,-4.210190102458000183e-02,5.364480987191200256e-02,-1.366737484931945801e-01,2.651487104594707489e-02,3.181042671203613281e-01,5.102526545524597168e-01,-4.439330697059631348e-01,9.025769829750061035e-01,1.482095867395401001e-01,-1.865636110305786133e-01,-2.542421519756317139e-01,-1.734601497650146484e+00,-1.285629153251647949e+00,1.211591958999633789e+00,2.064100801944732666e-01,1.769921630620956421e-01,-1.375620067119598389e-01,1.346861124038696289e-01
-1.553404480218887329e-01,2.657369971275329590e-01,7.564354538917541504e-01,6.674213707447052002e-02,-2.177195623517036438e-03,6.070412993431091309e-01,7.918595671653747559e-01,-8.425605893135070801e-01,1.315825581550598145e-01,1.577121764421463013e-01,1.976458907127380371e+00,-4.099318087100982666e-01,9.955221414566040039e-02,-6.796253845095634460e-03,2.764092572033405304e-02,-1.354767978191375732e-01,4.468147456645965576e-01,-4.457176029682159424e-01,-1.893271133303642273e-02,7.764807343482971191e-02,-1.194610074162483215e-01,3.238445147871971130e-02,3.339180350303649902e-01,4.637676179409027100e-01,-3.890989422798156738e-01,9.695542454719543457e-01,1.167980730533599854e-01,-1.621575057506561279e-01,-2.480775266885757446e-01,-1.863175868988037109e+00,-1.242272377014160156e+00,1.215755581855773926e+00,2.788989841938018799e-01,2.024107426404953003e-01,-1.314605027437210083e-01,5.815415084362030029e-02
-1.575299054384231567e-01,2.733660340309143066e-01,7.584120035171508789e-01,6.954556703567504883e-02,-1.365371141582727432e-02,5.992330908775329590e-01,7.974312901496887207e-01,-8.121706843376159668e-01,1.410981565713882446e-01,1.865705400705337524e-01,1.813286542892456055e+00,-4.462119638919830322e-01,1.147804930806159973e-01,4.923725128173828125e-02,3.572891652584075928e-02,-1.283908039331436157e-01,4.007995128631591797e-01,-4.293007552623748779e-01,1.150015275925397873e-02,9.743769466876983643e-02,-1.006969213485717773e-01,4.442777484655380249e-02,3.347267806529998779e-01,4.316429793834686279e-01,-3.444207310676574707e-01,1.025591969490051270e+00,1.003989353775978088e-01,-1.565132141113281250e-01,-2.485954016447067261e-01,-1.975872755050659180e+00,-1.203875660896301270e+00,1.298416733741760254e+00,3.397268354892730713e-01,1.809989660978317261e-01,-1.243131905794143677e-01,6.695453077554702759e-02
-1.610050946474075317e-01,2.821955382823944092e-01,7.597286105155944824e-01,6.840299069881439209e-02,-2.668462321162223816e-02,5.920725464820861816e-01,8.025329113006591797e-01,-7.475883960723876953e-01,1.460425108671188354e-01,2.146142274141311646e-01,1.587719917297363281e+00,-4.437133073806762695e-01,1.045513376593589783e-01,1.031203642487525940e-01,4.920718818902969360e-02,-1.251165121793746948e-01,3.561858236789703369e-01,-4.113052487373352051e-01,3.636007755994796753e-02,1.192054748535156250e-01,-7.478334009647369385e-02,5.508289858698844910e-02,3.247315883636474609e-01,4.195649325847625732e-01,-3.097143769264221191e-01,1.043807744979858398e+00,8.441515266895294189e-02,-1.580283343791961670e-01,-2.306843400001525879e-01,-2.030923843383789062e+00,-1.199301719665527344e+00,1.376389741897583008e+00,3.740348219871520996e-01,1.451024860143661499e-01,-1.190108582377433777e-01,7.974784076213836670e-02
-1.656908690929412842e-01,3.002765178680419922e-01,7.600560784339904785e-01,6.052971258759498596e-02,-3.815799579024314880e-02,5.871794223785400391e-01,8.062880635261535645e-01,-6.718488931655883789e-01,1.361684054136276245e-01,2.496395111083984375e-01,1.317183136940002441e+00,-4.326513111591339111e-01,7.893157750368118286e-02,1.576391607522964478e-01,6.747364252805709839e-02,-1.188891381025314331e-01,3.127110898494720459e-01,-3.977714478969573975e-01,5.405886098742485046e-02,1.289322376251220703e-01,-5.476528778672218323e-02,6.985720247030258179e-02,3.131891489028930664e-01,4.187097251415252686e-01,-2.733140587806701660e-01,1.067364335060119629e+00,5.292579159140586853e-02,-1.536050736904144287e-01,-2.295230180025100708e-01,-2.113049268722534180e+00,-1.208239674568176270e+00,1.399998545646667480e+00,4.049453735351562500e-01,1.274046450853347778e-01,-1.188063248991966248e-01,4.667796567082405090e-02
-1.699596643447875977e-01,3.246802389621734619e-01,7.585700750350952148e-01,4.913473501801490784e-02,-4.337957128882408142e-02,5.875660181045532227e-01,8.065173029899597168e-01,-5.916385054588317871e-01,1.211781278252601624e-01,2.851167917251586914e-01,1.066846966743469238e+00,-4.269585907459259033e-01,4.654015973210334778e-02,2.082141041755676270e-01,7.961313426494598389e-02,-1.239630058407783508e-01,2.665037214756011963e-01,-3.984032273292541504e-01,7.597328722476959229e-02,1.251632422208786011e-01,-5.090675875544548035e-02,7.163324207067489624e-02,3.025722205638885498e-01,4.352641105651855469e-01,-2.384125590324401855e-01,1.075588226318359375e+00,2.154328860342502594e-02,-1.507028490304946899e-01,-2.236581742763519287e-01,-2.178318262100219727e+00,-1.213098526000976562e+00,1.399999976158142090e+00,4.403216540813446045e-01,9.083719551563262939e-02,-1.211391836404800415e-01,1.305666402913630009e-03
-1.691553592681884766e-01,3.474463820457458496e-01,7.557427287101745605e-01,4.219930991530418396e-02,-4.210827127099037170e-02,6.001341938972473145e-01,7.976747751235961914e-01,-5.071412324905395508e-01,7.553924620151519775e-02,3.235182464122772217e-01,7.823191285133361816e-01,-3.978191912174224854e-01,7.436674088239669800e-03,2.570418119430541992e-01,8.452321588993072510e-02,-1.496207863092422485e-01,2.168426811695098877e-01,-4.096898734569549561e-01,8.866144716739654541e-02,9.631948918104171753e-02,-7.571604102849960327e-02,5.452604591846466064e-02,3.174571990966796875e-01,4.959685206413269043e-01,-2.067425549030303955e-01,1.030559659004211426e+00,2.506365440785884857e-02,-1.686970293521881104e-01,-2.471617311239242554e-01,-2.189927577972412109e+00,-1.227816104888916016e+00,1.399999976158142090e+00,4.830094873905181885e-01,-8.792291395366191864e-03,-1.258614063262939453e-01,6.361167877912521362e-02
-1.635142266750335693e-01,3.699004054069519043e-01,7.512980103492736816e-01,3.906998410820960999e-02,-3.513668850064277649e-02,6.108416914939880371e-01,7.900072336196899414e-01,-4.223318994045257568e-01,2.904223464429378510e-02,3.756917417049407959e-01,5.382560491561889648e-01,-3.429413735866546631e-01,-2.855478785932064056e-02,2.846007943153381348e-01,7.885891944169998169e-02,-1.919688582420349121e-01,2.082498222589492798e-01,-4.458332359790802002e-01,8.992835134267807007e-02,7.603032141923904419e-02,-1.083713471889495850e-01,3.426454588770866394e-02,3.361326754093170166e-01,5.707063078880310059e-01,-1.726717203855514526e-01,9.533973336219787598e-01,1.424535922706127167e-02,-1.923404037952423096e-01,-2.754596173763275146e-01,-2.162606954574584961e+00,-1.242422223091125488e+00,1.399999976158142090e+00,5.039721131324768066e-01,-1.255993992090225220e-01,-1.303009092807769775e-01,1.362090259790420532e-01
-1.650570333003997803e-01,3.941408991813659668e-01,7.447645068168640137e-01,2.976600266993045807e-02,-3.224099799990653992e-02,6.151018738746643066e-01,7.872256040573120117e-01,-3.750458061695098877e-01,2.113341121003031731e-03,4.012164175510406494e-01,4.444469511508941650e-01,-3.413395583629608154e-01,-3.376312553882598877e-02,3.048342466354370117e-01,7.931993901729583740e-02,-2.154478877782821655e-01,2.100548595190048218e-01,-4.839737415313720703e-01,8.912117779254913330e-02,8.046980947256088257e-02,-9.203067421913146973e-02,6.482272874563932419e-03,3.237226605415344238e-01,5.874170660972595215e-01,-1.577620357275009155e-01,9.049603939056396484e-01,-2.579200081527233124e-04,-2.052813768386840820e-01,-2.688387036323547363e-01,-2.191658020019531250e+00,-1.235504150390625000e+00,1.399999976158142090e+00,5.124316811561584473e-01,-1.503886133432388306e-01,-1.292538046836853027e-01,9.520358592271804810e-02
-1.723662763833999634e-01,4.193877875804901123e-01,7.392655014991760254e-01,2.351486496627330780e-02,-3.057893179357051849e-02,6.254105567932128906e-01,7.793418169021606445e-01,-3.217645883560180664e-01,-3.050860948860645294e-02,4.125514030456542969e-01,3.974476456642150879e-01,-3.464104831218719482e-01,-1.266095880419015884e-02,3.139515221118927002e-01,6.532270461320877075e-02,-2.393485009670257568e-01,2.491425275802612305e-01,-5.130125284194946289e-01,8.493272215127944946e-02,9.484074264764785767e-02,-6.817077845335006714e-02,-1.621301472187042236e-02,2.859023809432983398e-01,5.898870825767517090e-01,-1.547394245862960815e-01,8.527552485466003418e-01,-1.532232854515314102e-02,-2.105907499790191650e-01,-2.385535538196563721e-01,-2.243482589721679688e+00,-1.225358128547668457e+00,1.399999976158142090e+00,5.265175700187683105e-01,-1.632936447858810425e-01,-1.256533712148666382e-01,-2.173127606511116028e-02
-1.692666262388229370e-01,4.422461390495300293e-01,7.357529401779174805e-01,2.613836713135242462e-02,-2.524513006210327148e-02,6.352153420448303223e-01,7.714797258377075195e-01,-2.813124358654022217e-01,-6.866440922021865845e-02,4.014684259891510010e-01,3.811451196670532227e-01,-3.405843973159790039e-01,9.638261049985885620e-03,3.123345375061035156e-01,4.327128827571868896e-02,-2.378986328840255737e-01,3.190597295761108398e-01,-5.089157223701477051e-01,9.699919819831848145e-02,1.190614625811576843e-01,-6.788896024227142334e-02,-2.564315684139728546e-02,2.337460517883300781e-01,5.946470499038696289e-01,-1.353824287652969360e-01,8.027634024620056152e-01,-4.051160812377929688e-02,-2.244952619075775146e-01,-1.779429614543914795e-01,-2.240609645843505859e+00,-1.212259054183959961e+00,1.399999976158142090e+00,5.429341197013854980e-01,-1.796535104513168335e-01,-1.294696331024169922e-01,-9.454257786273956299e-02
-1.677589565515518188e-01,4.644906818866729736e-01,7.344793081283569336e-01,3.466870635747909546e-02,-1.933257840573787689e-02,6.436667442321777344e-01,7.642757296562194824e-01,-2.349291294813156128e-01,-1.117051690816879272e-01,3.647681176662445068e-01,3.690133392810821533e-01,-3.512801826000213623e-01,3.961321711540222168e-02,2.821665704250335693e-01,-4.873025231063365936e-03,-2.439977675676345825e-01,4.693993031978607178e-01,-4.432215690612792969e-01,1.196744590997695923e-01,1.692442595958709717e-01,-6.017006561160087585e-02,-2.341239526867866516e-02,1.202867552638053894e-01,5.761090517044067383e-01,-1.410423666238784790e-01,7.394019961357116699e-01,-7.346830517053604126e-02,-2.323139756917953491e-01,-5.444161221385002136e-02,-2.221205472946166992e+00,-1.190696358680725098e+00,1.399999976158142090e+00,5.792078375816345215e-01,-1.396589428186416626e-01,-1.306376606225967407e-01,-1.904385983943939209e-01
-1.667842566967010498e-01,4.853949844837188721e-01,7.341313362121582031e-01,5.170808732509613037e-02,-1.417645905166864395e-02,6.513212323188781738e-01,7.569055557250976562e-01,-1.809860914945602417e-01,-1.614475846290588379e-01,3.354537189006805420e-01,3.608353435993194580e-01,-3.522763550281524658e-01,8.213751018047332764e-02,2.104889750480651855e-01,-6.929063051939010620e-02,-2.288866043090820312e-01,7.290986776351928711e-01,-3.245068490505218506e-01,1.504375338554382324e-01,2.255363166332244873e-01,-6.738703697919845581e-02,-1.230436284095048904e-02,-1.777284219861030579e-02,5.233594775199890137e-01,-1.388740241527557373e-01,6.348240971565246582e-01,-1.401540040969848633e-01,-2.486431747674942017e-01,1.077991127967834473e-01,-2.075486898422241211e+00,-1.148628354072570801e+00,1.192056179046630859e+00,6.257823109626770020e-01,2.992677316069602966e-02,-1.441291570663452148e-01,-3.576505780220031738e-01
-1.652306318283081055e-01,5.053016543388366699e-01,7.339975237846374512e-01,6.528365612030029297e-02,-4.381625913083553314e-03,6.631716489791870117e-01,7.456018924713134766e-01,-1.328216344118118286e-01,-2.111052721738815308e-01,2.998579442501068115e-01,3.468731641769409180e-01,-3.552053570747375488e-01,1.237447559833526611e-01,1.223051548004150391e-01,-1.271904259920120239e-01,-2.193171828985214233e-01,1.013443350791931152e+00,-2.189908772706985474e-01,1.726149618625640869e-01,2.413567006587982178e-01,-9.102525562047958374e-02,-1.940690726041793823e-02,-1.514993607997894287e-01,4.622496664524078369e-01,-1.252271384000778198e-01,4.497324228286743164e-01,-2.088131606578826904e-01,-2.741543650627136230e-01,2.344558238983154297e-01,-1.798070430755615234e+00,-1.054178118705749512e+00,7.806537151336669922e-01,5.983729958534240723e-01,1.937315315008163452e-01,-1.777849942445755005e-01,-5.493348240852355957e-01
-1.626188904047012329e-01,5.242500305175781250e-01,7.338551282882690430e-01,7.066491246223449707e-02,-4.885551985353231430e-03,6.836279630661010742e-01,7.263851165771484375e-01,-8.045661449432373047e-02,-2.343840748071670532e-01,2.607178986072540283e-01,3.275095522403717041e-01,-3.705701231956481934e-01,1.547360122203826904e-01,2.688609994947910309e-02,-1.653640717267990112e-01,-2.176735699176788330e-01,1.286875009536743164e+00,-1.729768067598342896e-01,1.707696765661239624e-01,2.235062271356582642e-01,-9.328019618988037109e-02,-3.011527098715305328e-02,-3.413441479206085205e-01,3.927167654037475586e-01,-1.755829900503158569e-01,2.373099178075790405e-01,-2.325987070798873901e-01,-2.965387701988220215e-01,3.263097405433654785e-01,-1.567740082740783691e+00,-8.910613059997558594e-01,5.179947614669799805e-01,5.021527409553527832e-01,2.632550895214080811e-01,-2.061112821102142334e-01,-6.384529471397399902e-01
-1.595209389925003052e-01,5.414778590202331543e-01,7.337970733642578125e-01,7.199312001466751099e-02,-9.754110127687454224e-03,7.055985927581787109e-01,7.048776149749755859e-01,-3.956189379096031189e-02,-2.423524707555770874e-01,2.094182968139648438e-01,3.309592008590698242e-01,-3.976764082908630371e-01,1.659028232097625732e-01,-1.075827702879905701e-01,-2.244159430265426636e-01,-2.372950613498687744e-01,1.566363215446472168e+00,-2.040434777736663818e-01,1.421971619129180908e-01,1.938153356313705444e-01,-9.097587317228317261e-02,-3.276154771447181702e-02,-5.861715674400329590e-01,3.234033286571502686e-01,-3.173350989818572998e-01,2.782855369150638580e-02,-1.971397250890731812e-01,-2.972463369369506836e-01,3.337295353412628174e-01,-1.414578080177307129e+00,-6.952471733093261719e-01,4.347077310085296631e-01,4.178264141082763672e-01,1.856169700622558594e-01,-1.856593787670135498e-01,-5.954841375350952148e-01
-1.468771100044250488e-01,5.618944764137268066e-01,7.339404225349426270e-01,7.184024900197982788e-02,-1.495120674371719360e-02,7.246986627578735352e-01,6.851476430892944336e-01,-1.568286865949630737e-02,-2.285112589597702026e-01,1.485571712255477905e-01,3.734531700611114502e-01,-4.538266658782958984e-01,2.119724601507186890e-01,-2.717675566673278809e-01,-2.919192314147949219e-01,-1.892440915107727051e-01,1.809091687202453613e+00,-2.531644701957702637e-01,7.567953318357467651e-02,1.454212367534637451e-01,-6.997577100992202759e-02,-3.819355741143226624e-02,-8.831793665885925293e-01,2.569871842861175537e-01,-5.175644159317016602e-01,-8.932063728570938110e-02,-9.334207326173782349e-02,-3.013274967670440674e-01,2.563229501247406006e-01,-1.355334758758544922e+00,-5.346942543983459473e-01,5.713563561439514160e-01,3.559433817863464355e-01,5.780889838933944702e-02,-1.413324624300003052e-01,-3.198134005069732666e-01
-1.361440718173980713e-01,5.869604945182800293e-01,7.342998385429382324e-01,6.761500239372253418e-02,-2.724630758166313171e-02,7.440550327301025391e-01,6.641294360160827637e-01,1.318889297544956207e-02,-1.993419528007507324e-01,7.601094990968704224e-02,4.281011521816253662e-01,-5.229448080062866211e-01,2.592478394508361816e-01,-4.699217975139617920e-01,-2.982054352760314941e-01,-1.341766566038131714e-01,1.921178698539733887e+00,-2.736742198467254639e-01,5.834974721074104309e-02,7.731889188289642334e-02,-2.792910300195217133e-02,-2.544197812676429749e-02,-1.121273279190063477e+00,1.680949777364730835e-01,-6.903947591781616211e-01,-8.315023779869079590e-02,3.490007482469081879e-03,-3.025757968425750732e-01,1.833890080451965332e-01,-1.331230282783508301e+00,-3.876460194587707520e-01,6.987491250038146973e-01,3.739351332187652588e-01,8.699462562799453735e-02,-1.310416907072067261e-01,-6.828217953443527222e-02
-1.303012967109680176e-01,6.061438918113708496e-01,7.357667684555053711e-01,6.508170068264007568e-02,-5.277023836970329285e-02,7.602692842483520508e-01,6.441819071769714355e-01,6.571485847234725952e-02,-1.459529548883438110e-01,2.842554450035095215e-02,4.605097472667694092e-01,-5.761260390281677246e-01,2.559611201286315918e-01,-6.634270548820495605e-01,-2.787519097328186035e-01,-1.130323857069015503e-01,1.884657263755798340e+00,-2.372688949108123779e-01,7.748847454786300659e-02,2.615339122712612152e-03,1.330436393618583679e-02,-1.226499397307634354e-02,-1.279831171035766602e+00,1.231656223535537720e-01,-7.943203449249267578e-01,-3.003945946693420410e-02,1.078027337789535522e-01,-3.169099688529968262e-01,1.029344722628593445e-01,-1.273284792900085449e+00,-3.397880196571350098e-01,7.872956395149230957e-01,3.855812251567840576e-01,1.152145639061927795e-01,-1.366187334060668945e-01,1.135215908288955688e-01
-1.221766993403434753e-01,6.183089017868041992e-01,7.408066987991333008e-01,7.527507841587066650e-02,-7.034895569086074829e-02,7.729509472846984863e-01,6.260443329811096191e-01,1.308968812227249146e-01,-1.124556437134742737e-01,4.348188638687133789e-03,4.506534337997436523e-01,-5.551118254661560059e-01,2.097098976373672485e-01,-7.154892683029174805e-01,-2.723752558231353760e-01,-1.211447268724441528e-01,1.685485363006591797e+00,-1.704943180084228516e-01,1.064065247774124146e-01,-3.746737167239189148e-02,3.691571578383445740e-02,7.959860377013683319e-03,-1.312336444854736328e+00,1.518957167863845825e-01,-8.181325793266296387e-01,-1.446905196644365788e-03,1.363710761070251465e-01,-3.171675801277160645e-01,6.363585591316223145e-02,-1.179764151573181152e+00,-3.969518840312957764e-01,7.934111356735229492e-01,3.801439106464385986e-01,1.328334957361221313e-01,-1.240913495421409607e-01,1.582414358854293823e-01
-1.079098880290985107e-01,6.260545849800109863e-01,7.473170161247253418e-01,8.868411928415298462e-02,-7.862459868192672729e-02,7.887873053550720215e-01,6.031317114830017090e-01,1.800717115402221680e-01,-8.771121501922607422e-02,-1.822299510240554810e-02,4.283734560012817383e-01,-4.994642734527587891e-01,1.542789041996002197e-01,-6.694167852401733398e-01,-2.404787391424179077e-01,-1.181461215019226074e-01,1.418184995651245117e+00,-1.036565378308296204e-01,1.618093699216842651e-01,-6.924825161695480347e-02,5.143810063600540161e-02,2.059210278093814850e-02,-1.229624032974243164e+00,2.706487774848937988e-01,-7.848238945007324219e-01,-1.767992042005062103e-02,8.174043893814086914e-02,-2.979269921779632568e-01,7.550715655088424683e-02,-1.039297461509704590e+00,-5.330531597137451172e-01,6.975236535072326660e-01,2.810117006301879883e-01,2.073724567890167236e-01,-1.181663796305656433e-01,1.024797260761260986e-01
-1.062102168798446655e-01,6.271644234657287598e-01,7.532366514205932617e-01,1.059771925210952759e-01,-9.050425887107849121e-02,8.040849566459655762e-01,5.779491066932678223e-01,2.586171329021453857e-01,-7.716178148984909058e-02,-2.837582491338253021e-02,3.557363450527191162e-01,-4.416122436523437500e-01,9.646339714527130127e-02,-5.526172518730163574e-01,-2.077705711126327515e-01,-1.027318313717842102e-01,1.106672167778015137e+00,-2.836716547608375549e-02,2.135357111692428589e-01,-1.191518306732177734e-01,4.207775369286537170e-02,5.777905136346817017e-02,-1.077163577079772949e+00,4.873561859130859375e-01,-6.328725814819335938e-01,-4.050881043076515198e-02,-6.031204760074615479e-02,-2.899583876132965088e-01,1.908741146326065063e-01,-8.842816352844238281e-01,-7.047648429870605469e-01,4.453819990158081055e-01,1.360707730054855347e-01,3.211623728275299072e-01,-1.818602085113525391e-01,-1.622870713472366333e-01
-1.104775592684745789e-01,6.495643258094787598e-01,7.593448162078857422e-01,1.023532971739768982e-01,-9.290964156389236450e-02,8.125968575477600098e-01,5.661960244178771973e-01,3.139172494411468506e-01,-5.637128278613090515e-02,-4.189880192279815674e-02,3.003599047660827637e-01,-3.985823988914489746e-01,4.907801002264022827e-02,-4.172664582729339600e-01,-1.257801204919815063e-01,-7.499165087938308716e-02,7.767126560211181641e-01,3.499858453869819641e-02,2.522928714752197266e-01,-1.591230630874633789e-01,2.943655289709568024e-02,7.585744559764862061e-02,-8.962836265563964844e-01,6.705317497253417969e-01,-3.149187862873077393e-01,-4.930701851844787598e-02,6.658099591732025146e-02,-2.827194929122924805e-01,5.200197100639343262e-01,-6.725321412086486816e-01,-8.472949862480163574e-01,6.251452118158340454e-02,-6.171518564224243164e-02,2.324512004852294922e-01,-2.660951912403106689e-01,-5.801841616630554199e-01
-1.126653105020523071e-01,6.618397235870361328e-01,7.628164291381835938e-01,9.181158244609832764e-02,-1.023092046380043030e-01,8.174669146537780762e-01,5.593311190605163574e-01,3.182412981986999512e-01,-1.094810105860233307e-02,-2.556682191789150238e-02,3.143328726291656494e-01,-3.978607654571533203e-01,1.007260195910930634e-02,-3.225901722908020020e-01,-5.192494019865989685e-02,-4.969010502099990845e-02,5.096101760864257812e-01,1.092077419161796570e-01,2.617999911308288574e-01,-1.650958359241485596e-01,4.069795086979866028e-02,5.912084504961967468e-02,-7.407599687576293945e-01,6.977474093437194824e-01,-4.967003688216209412e-02,-1.838380657136440277e-02,5.491178855299949646e-02,-2.692013382911682129e-01,7.359870076179504395e-01,-5.446818470954895020e-01,-8.840153217315673828e-01,-1.675074398517608643e-01,-1.120551005005836487e-01,7.436967641115188599e-02,-2.368878871202468872e-01,-8.409083485603332520e-01
-1.159160286188125610e-01,6.765279173851013184e-01,7.631294131278991699e-01,8.419658988714218140e-02,-1.079601496458053589e-01,8.227344751358032227e-01,5.516915321350097656e-01,3.196337819099426270e-01,3.013309463858604431e-02,1.340443361550569534e-02,3.454975187778472900e-01,-4.205682575702667236e-01,-1.404824759811162949e-02,-2.371816039085388184e-01,-1.486364845186471939e-02,-5.507395416498184204e-02,3.436942994594573975e-01,1.877961307764053345e-01,2.617999911308288574e-01,-1.531942486763000488e-01,5.521706119179725647e-02,4.446232318878173828e-02,-7.097378373146057129e-01,6.396171450614929199e-01,-3.470158949494361877e-02,-8.138352632522583008e-02,8.307084441184997559e-02,-2.646026909351348877e-01,7.618659138679504395e-01,-5.184933543205261230e-01,-8.158135414123535156e-01,-1.947907209396362305e-01,-1.777616441249847412e-01,2.664588205516338348e-02,-2.199228405952453613e-01,-9.041481018066406250e-01
-1.156945079565048218e-01,6.914917230606079102e-01,7.612596750259399414e-01,8.211746811866760254e-02,-1.070052385330200195e-01,8.288988471031188965e-01,5.428934097290039062e-01,3.286428451538085938e-01,6.243756040930747986e-02,6.673536449670791626e-02,3.628686070442199707e-01,-4.489045441150665283e-01,-3.522154316306114197e-02,-1.751580834388732910e-01,-9.617726318538188934e-03,-8.016915619373321533e-02,2.656693458557128906e-01,1.917732506990432739e-01,2.617999911308288574e-01,-1.278060376644134521e-01,6.683724373579025269e-02,4.239137843251228333e-02,-7.738186717033386230e-01,5.136180520057678223e-01,-2.111201137304306030e-01,-1.719823628664016724e-01,1.447017937898635864e-01,-2.765874564647674561e-01,6.614450812339782715e-01,-5.828243494033813477e-01,-7.057139277458190918e-01,-3.404822573065757751e-02,-1.991566866636276245e-01,2.025220170617103577e-02,-2.082876712083816528e-01,-8.148772120475769043e-01
-1.143401041626930237e-01,6.982375979423522949e-01,7.598623633384704590e-01,7.845685631036758423e-02,-1.123412549495697021e-01,8.325228095054626465e-01,5.367771983146667480e-01,3.281536400318145752e-01,9.974688291549682617e-02,1.030442565679550171e-01,3.858716189861297607e-01,-4.781282246112823486e-01,-2.679027803242206573e-02,-1.306580603122711182e-01,1.242088247090578079e-02,-8.134402334690093994e-02,2.208361327648162842e-01,1.613681316375732422e-01,2.617999911308288574e-01,-1.036645397543907166e-01,7.970280200242996216e-02,4.082320258021354675e-02,-8.846678733825683594e-01,3.083326518535614014e-01,-5.054678916931152344e-01,-1.608752608299255371e-01,2.730760350823402405e-02,-3.163918256759643555e-01,3.903963863849639893e-01,-6.775553226470947266e-01,-5.744330286979675293e-01,2.329065501689910889e-01,-7.587476819753646851e-02,1.491417884826660156e-01,-1.978764384984970093e-01,-5.189918875694274902e-01
-1.289625167846679688e-01,7.052813172340393066e-01,7.585207223892211914e-01,6.616861373186111450e-02,-1.122330576181411743e-01,8.358352184295654297e-01,5.332962870597839355e-01,3.184500634670257568e-01,1.116272211074829102e-01,1.372829675674438477e-01,4.015596508979797363e-01,-4.958425164222717285e-01,-1.659556664526462555e-02,-1.193275228142738342e-01,4.997485782951116562e-03,-1.061271354556083679e-01,2.080122977495193481e-01,1.340375393629074097e-01,2.617999911308288574e-01,-9.614074975252151489e-02,7.985496520996093750e-02,2.592065185308456421e-02,-9.754363298416137695e-01,1.211315914988517761e-01,-6.871482729911804199e-01,-1.228131800889968872e-01,9.850205853581428528e-03,-3.444251716136932373e-01,1.507642120122909546e-01,-7.675154805183410645e-01,-4.348588287830352783e-01,3.999994695186614990e-01,3.712494671344757080e-02,1.761707365512847900e-01,-1.792180985212326050e-01,-2.822020053863525391e-01
-1.400664299726486206e-01,7.121445536613464355e-01,7.572225928306579590e-01,5.452073737978935242e-02,-1.153229847550392151e-01,8.416920900344848633e-01,5.246737599372863770e-01,3.039329648017883301e-01,1.301559209823608398e-01,1.407699435949325562e-01,4.276772141456604004e-01,-5.233995318412780762e-01,-5.024622194468975067e-03,-1.161553487181663513e-01,9.559229947626590729e-03,-8.487913757562637329e-02,2.112455517053604126e-01,1.006537228822708130e-01,2.617999911308288574e-01,-8.699122816324234009e-02,9.050065279006958008e-02,1.312577817589044571e-02,-1.027036070823669434e+00,-2.325087971985340118e-02,-7.882264256477355957e-01,-1.051415428519248962e-01,-4.343987442553043365e-03,-3.682760894298553467e-01,2.888920344412326813e-02,-8.386636376380920410e-01,-3.315739035606384277e-01,5.197188854217529297e-01,7.631293684244155884e-02,1.272129565477371216e-01,-1.644316613674163818e-01,-1.297403275966644287e-01
-1.431880593299865723e-01,7.180858254432678223e-01,7.557227015495300293e-01,5.076941847801208496e-02,-1.156994774937629700e-01,8.489097356796264648e-01,5.132137537002563477e-01,2.925222516059875488e-01,1.450988054275512695e-01,1.394927203655242920e-01,4.533453881740570068e-01,-5.441603064537048340e-01,6.405825726687908173e-03,-1.126784086227416992e-01,3.859656397253274918e-03,-6.428930908441543579e-02,2.267875522375106812e-01,5.872401222586631775e-02,2.617999911308288574e-01,-8.960645645856857300e-02,9.677013754844665527e-02,3.651058534160256386e-03,-1.039752721786499023e+00,-6.585609167814254761e-02,-8.067203164100646973e-01,-1.139295771718025208e-01,-2.158140763640403748e-02,-3.697483241558074951e-01,-1.345824915915727615e-02,-8.478935956954956055e-01,-2.888226807117462158e-01,5.421880483627319336e-01,5.759629607200622559e-02,1.224511191248893738e-01,-1.665520966053009033e-01,-9.556253254413604736e-02
-1.447792947292327881e-01,7.223694920539855957e-01,7.548512220382690430e-01,4.973988980054855347e-02,-1.108392253518104553e-01,8.585429191589355469e-01,4.981411695480346680e-01,2.791750431060791016e-01,1.449798941612243652e-01,1.294129192829132080e-01,4.660417735576629639e-01,-5.529086589813232422e-01,1.956935413181781769e-02,-1.143095418810844421e-01,-1.809757947921752930e-02,-5.783330649137496948e-02,2.495850026607513428e-01,1.838208548724651337e-02,2.617999911308288574e-01,-8.985231816768646240e-02,9.214249253273010254e-02,-2.706649946048855782e-03,-1.016128659248352051e+00,-2.813429385423660278e-02,-7.679964303970336914e-01,-1.445985585451126099e-01,-2.643099054694175720e-02,-3.740026950836181641e-01,-2.204273361712694168e-03,-8.262386322021484375e-01,-2.976023852825164795e-01,4.863950610160827637e-01,-5.538480821996927261e-03,1.224293634295463562e-01,-1.843228042125701904e-01,-1.355479359626770020e-01
-1.373231410980224609e-01,7.274067997932434082e-01,7.544676065444946289e-01,5.365669727325439453e-02,-9.525291621685028076e-02,8.690757751464843750e-01,4.824470579624176025e-01,2.666462063789367676e-01,1.245905160903930664e-01,1.068150028586387634e-01,4.526601731777191162e-01,-5.453243255615234375e-01,2.660073153674602509e-02,-1.272227317094802856e-01,-5.747533589601516724e-02,-6.159719079732894897e-02,2.817550301551818848e-01,-3.305766358971595764e-02,2.564965784549713135e-01,-1.002071127295494080e-01,7.411596924066543579e-02,-8.256899192929267883e-03,-9.584481120109558105e-01,9.198495000600814819e-02,-6.571747064590454102e-01,-1.923695653676986694e-01,-1.839385554194450378e-02,-3.776677250862121582e-01,9.947119653224945068e-02,-7.830743789672851562e-01,-3.616611361503601074e-01,3.906594216823577881e-01,-1.214945763349533081e-01,1.499483734369277954e-01,-2.144965827465057373e-01,-2.442447841167449951e-01
-1.297664344310760498e-01,7.339313030242919922e-01,7.537696361541748047e-01,5.219850316643714905e-02,-8.885453641414642334e-02,8.764938712120056152e-01,4.702537953853607178e-01,2.535792887210845947e-01,1.307078152894973755e-01,8.795413374900817871e-02,4.495013654232025146e-01,-5.517621040344238281e-01,2.729990333318710327e-02,-1.467927098274230957e-01,-5.784961581230163574e-02,-5.673933401703834534e-02,3.243753015995025635e-01,-7.741744816303253174e-02,2.149295955896377563e-01,-1.208937242627143860e-01,6.790393590927124023e-02,-1.297682151198387146e-02,-8.442531824111938477e-01,2.696776688098907471e-01,-4.695275723934173584e-01,-2.633535265922546387e-01,9.938480332493782043e-03,-3.813482522964477539e-01,2.913261055946350098e-01,-7.291049957275390625e-01,-4.649450480937957764e-01,2.235638201236724854e-01,-2.590641975402832031e-01,1.199820488691329956e-01,-2.467244714498519897e-01,-4.175503253936767578e-01
-1.369307041168212891e-01,7.398155927658081055e-01,7.529593706130981445e-01,3.965976461768150330e-02,-9.033781290054321289e-02,8.857793211936950684e-01,4.534988403320312500e-01,2.288932651281356812e-01,1.499842256307601929e-01,7.524077594280242920e-02,4.651414752006530762e-01,-5.707803964614868164e-01,3.328574448823928833e-02,-1.672039031982421875e-01,-3.951316699385643005e-02,-2.566338703036308289e-02,3.661459386348724365e-01,-8.334872871637344360e-02,1.807512044906616211e-01,-1.569264084100723267e-01,6.616067886352539062e-02,-1.558831706643104553e-02,-6.742424964904785156e-01,5.017377734184265137e-01,-1.703413873910903931e-01,-3.143140673637390137e-01,1.042979434132575989e-01,-3.564389348030090332e-01,5.276597142219543457e-01,-6.535599827766418457e-01,-6.088923811912536621e-01,-2.620347030460834503e-02,-3.839097917079925537e-01,4.258237779140472412e-02,-2.799648046493530273e-01,-6.334562897682189941e-01
-1.321124285459518433e-01,7.356939911842346191e-01,7.514914870262145996e-01,3.791113942861557007e-02,-9.280063211917877197e-02,8.919399976730346680e-01,4.409011602401733398e-01,1.911530643701553345e-01,1.662144958972930908e-01,6.610109657049179077e-02,5.111156105995178223e-01,-5.929816961288452148e-01,2.935893461108207703e-02,-1.896576285362243652e-01,-5.576389376074075699e-03,3.064447827637195587e-02,4.131809473037719727e-01,-7.905495911836624146e-02,1.547007858753204346e-01,-1.975582987070083618e-01,4.583999887108802795e-02,-1.271264255046844482e-02,-4.745780825614929199e-01,6.988051533699035645e-01,1.099681705236434937e-01,-2.524174749851226807e-01,1.453962028026580811e-01,-3.054354190826416016e-01,6.770226359367370605e-01,-5.339090824127197266e-01,-8.123143911361694336e-01,-2.144637554883956909e-01,-4.168625771999359131e-01,-9.712815284729003906e-02,-2.375585436820983887e-01,-7.445213794708251953e-01
-1.233803778886795044e-01,7.342265248298645020e-01,7.481181025505065918e-01,4.042743146419525146e-02,-8.657383173704147339e-02,8.962846994400024414e-01,4.330638647079467773e-01,1.540671885013580322e-01,1.676774471998214722e-01,7.115479558706283569e-02,5.592890381813049316e-01,-6.135801672935485840e-01,3.339549154043197632e-02,-2.278049141168594360e-01,2.721959911286830902e-02,1.028983741998672485e-01,4.969451129436492920e-01,-1.146450862288475037e-01,1.370601505041122437e-01,-2.253555059432983398e-01,7.304454222321510315e-03,1.755935256369411945e-03,-3.006689846515655518e-01,8.251566290855407715e-01,3.405764102935791016e-01,-1.735965460538864136e-01,4.396137595176696777e-02,-2.922858595848083496e-01,7.321125864982604980e-01,-3.931913971900939941e-01,-1.030933856964111328e+00,-3.233602941036224365e-01,-4.237348735332489014e-01,-1.679796576499938965e-01,-1.962425112724304199e-01,-7.307947278022766113e-01
-1.162613332271575928e-01,7.396758794784545898e-01,7.422223091125488281e-01,3.698456659913063049e-02,-6.581610441207885742e-02,9.031585454940795898e-01,4.226168692111968994e-01,9.610346704721450806e-02,1.483333110809326172e-01,7.441551983356475830e-02,6.118214726448059082e-01,-6.332061886787414551e-01,3.486244007945060730e-02,-2.939629554748535156e-01,3.600502014160156250e-02,1.673586666584014893e-01,6.114886403083801270e-01,-1.986497491598129272e-01,1.049416586756706238e-01,-2.428103685379028320e-01,-4.310922697186470032e-02,-1.785406144335865974e-03,-9.797720611095428467e-02,9.630030989646911621e-01,5.276625156402587891e-01,-1.345709562301635742e-01,-9.244140237569808960e-02,-3.146711885929107666e-01,6.029208302497863770e-01,-2.064393758773803711e-01,-1.259772181510925293e+00,-4.005169868469238281e-01,-4.561760723590850830e-01,-1.759473830461502075e-01,-1.912618726491928101e-01,-5.467876791954040527e-01
-1.079572439193725586e-01,7.478632330894470215e-01,7.341460585594177246e-01,2.447350136935710907e-02,-3.828722983598709106e-02,9.120076298713684082e-01,4.076484143733978271e-01,-1.785385771654546261e-03,1.326223313808441162e-01,8.365260809659957886e-02,6.960482597351074219e-01,-6.491733789443969727e-01,3.488908708095550537e-02,-3.783842325210571289e-01,4.640880599617958069e-02,2.330776602029800415e-01,7.202002406120300293e-01,-2.756873667240142822e-01,5.978221446275711060e-02,-2.556956112384796143e-01,-1.100248247385025024e-01,-2.407260797917842865e-02,2.565596699714660645e-01,1.105272889137268066e+00,7.795894742012023926e-01,-1.161342263221740723e-01,-1.679240018129348755e-01,-3.171571195125579834e-01,3.762681484222412109e-01,1.018433496356010437e-01,-1.431821465492248535e+00,-5.150761604309082031e-01,-5.175552964210510254e-01,-5.840473249554634094e-02,-2.560377120971679688e-01,-2.140623033046722412e-01
-8.990250527858734131e-02,7.621055245399475098e-01,7.241896986961364746e-01,2.052241377532482147e-02,-1.349915564060211182e-02,9.218326807022094727e-01,3.868088722229003906e-01,-9.883052855730056763e-02,1.313825398683547974e-01,7.699349522590637207e-02,8.029620647430419922e-01,-6.460384130477905273e-01,1.984691992402076721e-02,-4.454123675823211670e-01,5.020660534501075745e-02,2.582651376724243164e-01,8.275572061538696289e-01,-3.587794601917266846e-01,3.385401144623756409e-02,-2.576891481876373291e-01,-1.994687914848327637e-01,-3.184487298130989075e-02,6.368757486343383789e-01,1.200419187545776367e+00,1.014174342155456543e+00,-1.030642166733741760e-01,-1.662532091140747070e-01,-2.825902998447418213e-01,1.760568916797637939e-01,4.786335229873657227e-01,-1.536055684089660645e+00,-6.462487578392028809e-01,-5.668213963508605957e-01,6.699858605861663818e-02,-2.756911218166351318e-01,1.337567269802093506e-01
-7.962005585432052612e-02,7.632861733436584473e-01,7.132911086082458496e-01,1.947246678173542023e-02,-9.471781551837921143e-03,9.312376379966735840e-01,3.637686073780059814e-01,-1.822268962860107422e-01,1.443062722682952881e-01,5.844074860215187073e-02,9.169784784317016602e-01,-6.699281930923461914e-01,1.869653351604938507e-02,-4.875383377075195312e-01,6.039340421557426453e-02,2.626788020133972168e-01,9.174308180809020996e-01,-3.962000608444213867e-01,3.671416267752647400e-02,-2.320868968963623047e-01,-2.609723508358001709e-01,-7.200925610959529877e-03,8.735579848289489746e-01,1.266187667846679688e+00,1.104268312454223633e+00,-1.333876252174377441e-01,-1.365254968404769897e-01,-2.638878822326660156e-01,-1.850508339703083038e-02,7.621979117393493652e-01,-1.591129779815673828e+00,-6.998775005340576172e-01,-5.958963632583618164e-01,1.599560230970382690e-01,-2.477522194385528564e-01,4.103477895259857178e-01
-7.315961271524429321e-02,7.728991508483886719e-01,7.022312283515930176e-01,3.235382959246635437e-03,5.553280061576515436e-06,9.387828111648559570e-01,3.444943130016326904e-01,-2.921611368656158447e-01,1.545184552669525146e-01,2.425278536975383759e-02,1.032462716102600098e+00,-6.743838787078857422e-01,1.210667565464973450e-02,-5.627588033676147461e-01,6.290993839502334595e-02,2.374768257141113281e-01,1.019851207733154297e+00,-4.476262331008911133e-01,2.974819205701351166e-02,-1.858495175838470459e-01,-3.033109605312347412e-01,2.523811720311641693e-02,1.068779230117797852e+00,1.268493175506591797e+00,1.106086015701293945e+00,-1.823300421237945557e-01,-1.422034054994583130e-01,-2.354940623044967651e-01,-2.233930379152297974e-01,1.041255116462707520e+00,-1.592335104942321777e+00,-7.638061046600341797e-01,-6.201754808425903320e-01,2.875052690505981445e-01,-1.921474486589431763e-01,6.236459016799926758e-01
-6.971594691276550293e-02,7.710533738136291504e-01,6.914711594581604004e-01,-1.194029487669467926e-02,-3.424402675591409206e-04,9.421159625053405762e-01,3.350743651390075684e-01,-3.875189125537872314e-01,1.644456833600997925e-01,-7.611750625073909760e-03,1.131656169891357422e+00,-6.948670148849487305e-01,1.574482023715972900e-02,-6.390808820724487305e-01,5.760744959115982056e-02,1.980021148920059204e-01,1.106226682662963867e+00,-4.623468816280364990e-01,4.286888241767883301e-02,-1.400738358497619629e-01,-3.103227913379669189e-01,6.273688375949859619e-02,1.148666143417358398e+00,1.274654984474182129e+00,1.008115172386169434e+00,-2.565934062004089355e-01,-1.007340326905250549e-01,-2.243299633264541626e-01,-3.486861288547515869e-01,1.148965239524841309e+00,-1.605792045593261719e+00,-7.117501497268676758e-01,-6.313713192939758301e-01,3.424633145332336426e-01,-1.513306498527526855e-01,7.410963773727416992e-01
-6.994435191154479980e-02,7.748133540153503418e-01,6.811603903770446777e-01,-3.295018896460533142e-02,-4.958067089319229126e-03,9.469443559646606445e-01,3.196656405925750732e-01,-4.763536751270294189e-01,1.926158368587493896e-01,-3.844673931598663330e-02,1.212469935417175293e+00,-7.358011007308959961e-01,2.473254874348640442e-02,-7.098740935325622559e-01,5.105281993746757507e-02,1.417430490255355835e-01,1.182196855545043945e+00,-4.743272066116333008e-01,5.007011815905570984e-02,-9.821815788745880127e-02,-2.989383041858673096e-01,8.688752353191375732e-02,1.091445446014404297e+00,1.232324600219726562e+00,8.630415797233581543e-01,-2.666860520839691162e-01,-9.255466610193252563e-02,-2.163869291543960571e-01,-3.830142021179199219e-01,1.149000048637390137e+00,-1.594679117202758789e+00,-5.882207751274108887e-01,-6.190052032470703125e-01,3.879548907279968262e-01,-1.219794377684593201e-01,7.867937088012695312e-01
-7.326937466859817505e-02,7.722299695014953613e-01,6.718394160270690918e-01,-6.292442232370376587e-02,-7.514306344091892242e-03,9.513086080551147461e-01,3.016553223133087158e-01,-5.840185880661010742e-01,1.961392313241958618e-01,-7.486305385828018188e-02,1.284204363822937012e+00,-7.716600894927978516e-01,3.423588350415229797e-02,-7.955725193023681641e-01,1.900418102741241455e-02,8.170921355485916138e-02,1.239994406700134277e+00,-4.749698340892791748e-01,5.430170521140098572e-02,-6.756708770990371704e-02,-2.653672397136688232e-01,9.375996887683868408e-02,1.072569847106933594e+00,1.239027857780456543e+00,6.280730962753295898e-01,-2.542389631271362305e-01,-8.707027882337570190e-02,-2.248189598321914673e-01,-4.347680509090423584e-01,1.140022158622741699e+00,-1.583252429962158203e+00,-4.380797445774078369e-01,-5.777210593223571777e-01,4.356388747692108154e-01,-1.007332652807235718e-01,7.867782711982727051e-01
-7.318775355815887451e-02,7.754508852958679199e-01,6.637691259384155273e-01,-8.734408766031265259e-02,-8.332815021276473999e-03,9.545786976814270020e-01,2.847473323345184326e-01,-6.700711846351623535e-01,2.029144316911697388e-01,-1.082871407270431519e-01,1.332581639289855957e+00,-7.986173033714294434e-01,3.749784454703330994e-02,-8.541417717933654785e-01,-1.358519494533538818e-02,2.342948503792285919e-02,1.272738099098205566e+00,-5.001687407493591309e-01,4.971371963620185852e-02,-3.347096219658851624e-02,-2.410436570644378662e-01,9.170696884393692017e-02,9.697017073631286621e-01,1.198531389236450195e+00,3.780501186847686768e-01,-1.527335941791534424e-01,-8.126786351203918457e-02,-2.410347759723663330e-01,-4.133773148059844971e-01,1.004103064537048340e+00,-1.509451270103454590e+00,-2.061207741498947144e-01,-4.969644844532012939e-01,4.617123901844024658e-01,-8.621007204055786133e-02,7.306993603706359863e-01
-7.526769489049911499e-02,7.769566774368286133e-01,6.568551659584045410e-01,-1.072491556406021118e-01,-6.104751024395227432e-03,9.576769471168518066e-01,2.670490145683288574e-01,-7.425189018249511719e-01,1.929044425487518311e-01,-1.330200880765914917e-01,1.372476458549499512e+00,-8.129808306694030762e-01,3.518769890069961548e-02,-8.978747129440307617e-01,-4.932942986488342285e-02,-1.068027969449758530e-02,1.299791812896728516e+00,-5.352693200111389160e-01,4.335458576679229736e-02,-1.973312161862850189e-02,-2.276028394699096680e-01,9.070554375648498535e-02,8.894881606101989746e-01,1.153742909431457520e+00,1.777520328760147095e-01,-4.125335067510604858e-02,-5.815101787447929382e-02,-2.757629156112670898e-01,-3.652506470680236816e-01,7.907049059867858887e-01,-1.398839235305786133e+00,7.208893448114395142e-02,-3.748236000537872314e-01,4.491803944110870361e-01,-7.632747292518615723e-02,6.533331274986267090e-01
-7.438550889492034912e-02,7.776691317558288574e-01,6.517338752746582031e-01,-1.216360926628112793e-01,-5.840384401381015778e-03,9.609940052032470703e-01,2.483163923025131226e-01,-7.999191880226135254e-01,1.819923967123031616e-01,-1.578430980443954468e-01,1.395591020584106445e+00,-8.264625668525695801e-01,3.409227356314659119e-02,-9.290506243705749512e-01,-8.616935461759567261e-02,-4.671229794621467590e-02,1.320447683334350586e+00,-5.573193430900573730e-01,4.225740209221839905e-02,-2.682568505406379700e-02,-2.154004722833633423e-01,8.709085732698440552e-02,8.295135498046875000e-01,1.088464260101318359e+00,1.618084125220775604e-02,7.649441063404083252e-02,-5.521523579955101013e-02,-3.122060596942901611e-01,-3.053731620311737061e-01,6.236285567283630371e-01,-1.279833197593688965e+00,2.779265344142913818e-01,-2.245283126831054688e-01,4.171036183834075928e-01,-8.397405594587326050e-02,5.471255183219909668e-01
-7.760550826787948608e-02,7.772876620292663574e-01,6.481075882911682129e-01,-1.352752745151519775e-01,-7.015491370111703873e-03,9.640011191368103027e-01,2.288082689046859741e-01,-8.400081396102905273e-01,1.678369343280792236e-01,-1.789874732494354248e-01,1.399740695953369141e+00,-8.516755700111389160e-01,3.877589479088783264e-02,-9.450423121452331543e-01,-1.214990988373756409e-01,-7.586287707090377808e-02,1.329391241073608398e+00,-5.818744897842407227e-01,3.467154875397682190e-02,-4.332220554351806641e-02,-2.105263471603393555e-01,7.710513472557067871e-02,7.679186463356018066e-01,1.023303389549255371e+00,-1.232858896255493164e-01,2.031138688325881958e-01,-2.250343933701515198e-02,-3.416383266448974609e-01,-2.437511533498764038e-01,5.071221590042114258e-01,-1.153840661048889160e+00,4.116194844245910645e-01,-4.799346253275871277e-02,3.596997261047363281e-01,-9.945934265851974487e-02,4.365061819553375244e-01
-8.014889806509017944e-02,7.753077745437622070e-01,6.458092927932739258e-01,-1.459258645772933960e-01,-7.282390259206295013e-03,9.662786126136779785e-01,2.120334953069686890e-01,-8.707019686698913574e-01,1.475638002157211304e-01,-1.982583403587341309e-01,1.398110747337341309e+00,-8.671936988830566406e-01,4.381699860095977783e-02,-9.543337225914001465e-01,-1.563247740268707275e-01,-9.931255877017974854e-02,1.329897761344909668e+00,-6.017087101936340332e-01,2.674612961709499359e-02,-5.735068023204803467e-02,-1.944674700498580933e-01,6.780467927455902100e-02,6.777970790863037109e-01,9.459016919136047363e-01,-2.527985572814941406e-01,3.502517640590667725e-01,5.031767114996910095e-02,-3.547947704792022705e-01,-1.898040771484375000e-01,4.246751368045806885e-01,-1.036349296569824219e+00,5.071702599525451660e-01,1.189211606979370117e-01,2.794364094734191895e-01,-1.121869385242462158e-01,3.602706789970397949e-01
-8.581356704235076904e-02,7.755237817764282227e-01,6.456471085548400879e-01,-1.606303453445434570e-01,-6.851351354271173477e-03,9.680063724517822266e-01,1.926513910293579102e-01,-8.981727957725524902e-01,1.238405853509902954e-01,-2.222841978073120117e-01,1.380591392517089844e+00,-8.726699948310852051e-01,5.158313736319541931e-02,-9.645355939865112305e-01,-1.833942532539367676e-01,-1.139016002416610718e-01,1.327957987785339355e+00,-6.133875846862792969e-01,1.781522110104560852e-02,-7.625225931406021118e-02,-1.618957966566085815e-01,5.858240649104118347e-02,5.869653224945068359e-01,8.510141372680664062e-01,-3.700218796730041504e-01,5.099925398826599121e-01,1.404146105051040649e-01,-3.630925118923187256e-01,-1.589299738407135010e-01,3.603082299232482910e-01,-9.269898533821105957e-01,5.626248717308044434e-01,2.884117960929870605e-01,1.957341581583023071e-01,-1.241492107510566711e-01,2.846006751060485840e-01
-9.329642355442047119e-02,7.754058837890625000e-01,6.471531987190246582e-01,-1.740563958883285522e-01,-6.599223241209983826e-03,9.688245058059692383e-01,1.761814355850219727e-01,-9.153429269790649414e-01,1.067400649189949036e-01,-2.388783991336822510e-01,1.357649683952331543e+00,-8.726699948310852051e-01,5.634149909019470215e-02,-9.659641981124877930e-01,-2.114381194114685059e-01,-1.317875683307647705e-01,1.318011164665222168e+00,-6.189214587211608887e-01,1.460267696529626846e-02,-8.786614239215850830e-02,-1.282868385314941406e-01,4.431284591555595398e-02,5.119874477386474609e-01,7.393237352371215820e-01,-4.448905587196350098e-01,6.655191779136657715e-01,2.017748355865478516e-01,-3.421528935432434082e-01,-1.421809196472167969e-01,3.290458917617797852e-01,-8.108142614364624023e-01,5.655479431152343750e-01,4.523679912090301514e-01,1.413476765155792236e-01,-1.277103275060653687e-01,2.065602391958236694e-01
-9.797780215740203857e-02,7.691386938095092773e-01,6.504670381546020508e-01,-1.781918555498123169e-01,-1.295990403741598129e-02,9.708365201950073242e-01,1.598630100488662720e-01,-9.180523753166198730e-01,9.402450174093246460e-02,-2.553617060184478760e-01,1.340027213096618652e+00,-8.726699948310852051e-01,5.911992862820625305e-02,-9.535239338874816895e-01,-2.306196093559265137e-01,-1.433811783790588379e-01,1.307446241378784180e+00,-5.904850363731384277e-01,2.436502836644649506e-02,-8.660606294870376587e-02,-9.132520854473114014e-02,4.133312776684761047e-02,4.136222600936889648e-01,5.902148485183715820e-01,-5.019243955612182617e-01,8.830365538597106934e-01,2.308828532695770264e-01,-2.978782355785369873e-01,-1.272965520620346069e-01,2.870896756649017334e-01,-6.459205746650695801e-01,5.380414724349975586e-01,6.819095015525817871e-01,1.261231452226638794e-01,-1.128328219056129456e-01,1.141101568937301636e-01
-1.015795841813087463e-01,7.625107765197753906e-01,6.553561687469482422e-01,-1.727780997753143311e-01,-2.007360756397247314e-02,9.743455052375793457e-01,1.428131908178329468e-01,-9.007906317710876465e-01,9.414617717266082764e-02,-2.549415528774261475e-01,1.320633172988891602e+00,-8.665376305580139160e-01,5.220242217183113098e-02,-9.150102734565734863e-01,-2.481154352426528931e-01,-1.545212566852569580e-01,1.288095712661743164e+00,-5.700691938400268555e-01,3.049204684793949127e-02,-8.138450235128402710e-02,-5.581943690776824951e-02,4.348877072334289551e-02,3.145169019699096680e-01,4.143643677234649658e-01,-4.933526813983917236e-01,1.115495324134826660e+00,2.021894156932830811e-01,-2.268820405006408691e-01,-9.116195887327194214e-02,2.099091261625289917e-01,-4.503774642944335938e-01,4.579909145832061768e-01,9.727725982666015625e-01,1.763511598110198975e-01,-7.874140143394470215e-02,9.168062359094619751e-03
-1.008517220616340637e-01,7.585558891296386719e-01,6.628374457359313965e-01,-1.529421359300613403e-01,-2.311287075281143188e-02,9.799405336380004883e-01,1.256622970104217529e-01,-8.486114144325256348e-01,9.507480263710021973e-02,-2.466876655817031860e-01,1.286833405494689941e+00,-8.442435264587402344e-01,3.330223262310028076e-02,-8.427300453186035156e-01,-2.700828611850738525e-01,-1.679334938526153564e-01,1.255076646804809570e+00,-5.668493509292602539e-01,3.229745849967002869e-02,-6.581685692071914673e-02,-3.272372111678123474e-02,5.056278407573699951e-02,2.291384190320968628e-01,3.187836408615112305e-01,-4.647365212440490723e-01,1.248412489891052246e+00,1.723195910453796387e-01,-1.728641241788864136e-01,-5.485949665307998657e-02,1.309159696102142334e-01,-3.360273838043212891e-01,3.726713657379150391e-01,1.182500839233398438e+00,2.499324083328247070e-01,-6.204088404774665833e-02,-6.890714913606643677e-02
-9.334233403205871582e-02,7.495366334915161133e-01,6.729795932769775391e-01,-1.256820559501647949e-01,-2.232900448143482208e-02,9.857671260833740234e-01,1.094009131193161011e-01,-7.917627692222595215e-01,1.023963168263435364e-01,-2.136319726705551147e-01,1.258215546607971191e+00,-7.949036955833435059e-01,5.580083001405000687e-03,-7.636310458183288574e-01,-2.909958362579345703e-01,-1.611561030149459839e-01,1.201822757720947266e+00,-5.536423325538635254e-01,4.923228546977043152e-02,-4.609329998493194580e-02,-6.354810204356908798e-03,6.145085394382476807e-02,1.558297127485275269e-01,2.954929769039154053e-01,-4.240721464157104492e-01,1.311256647109985352e+00,1.530815213918685913e-01,-1.280507445335388184e-01,-2.747284248471260071e-02,6.820507347583770752e-02,-3.126198947429656982e-01,3.202654421329498291e-01,1.274361133575439453e+00,2.846786081790924072e-01,-4.366941377520561218e-02,-7.814223319292068481e-02
-8.563826233148574829e-02,7.402030825614929199e-01,6.882158517837524414e-01,-9.496780484914779663e-02,-2.342531643807888031e-02,9.902381300926208496e-01,9.930167347192764282e-02,-7.170398831367492676e-01,1.253319829702377319e-01,-1.856138408184051514e-01,1.238221764564514160e+00,-7.349309921264648438e-01,3.476800164207816124e-03,-6.733099818229675293e-01,-2.998364269733428955e-01,-1.540118753910064697e-01,1.129137873649597168e+00,-4.988016784191131592e-01,8.612728863954544067e-02,-4.141187667846679688e-02,1.420251652598381042e-02,6.813336163759231567e-02,1.019090786576271057e-01,3.738505840301513672e-01,-4.209693074226379395e-01,1.313659548759460449e+00,1.555311679840087891e-01,-1.086290851235389709e-01,-5.088816583156585693e-02,1.684199646115303040e-02,-3.799800872802734375e-01,3.540920615196228027e-01,1.247033715248107910e+00,2.690741419792175293e-01,-2.464250102639198303e-02,-1.156880054622888565e-03
-7.975729554891586304e-02,7.327921986579895020e-01,7.086065411567687988e-01,-6.494267284870147705e-02,-2.395909838378429413e-02,9.932663440704345703e-01,9.289991110563278198e-02,-6.203417778015136719e-01,1.617299318313598633e-01,-1.434695720672607422e-01,1.194949984550476074e+00,-6.633763313293457031e-01,-3.869191044941544533e-03,-5.594089031219482422e-01,-2.974014580249786377e-01,-1.510668098926544189e-01,1.005436182022094727e+00,-4.274115562438964844e-01,1.179116964340209961e-01,-4.023735970258712769e-02,3.203775361180305481e-02,7.227644324302673340e-02,1.176333352923393250e-01,5.655092597007751465e-01,-3.724145293235778809e-01,1.225636839866638184e+00,1.720858365297317505e-01,-1.072657406330108643e-01,-1.783459782600402832e-01,-9.308435022830963135e-03,-5.993301272392272949e-01,4.626446962356567383e-01,1.036986470222473145e+00,1.396650671958923340e-01,-3.040300216525793076e-03,2.391845583915710449e-01
-8.563058823347091675e-02,7.259854674339294434e-01,7.303592562675476074e-01,-3.842389583587646484e-02,-2.856242842972278595e-02,9.947879910469055176e-01,9.002596884965896606e-02,-5.168606638908386230e-01,2.043270766735076904e-01,-8.658357709646224976e-02,1.135217666625976562e+00,-5.920264720916748047e-01,-2.146857604384422302e-02,-4.570897221565246582e-01,-2.685568332672119141e-01,-1.053657084703445435e-01,8.995932936668395996e-01,-3.181995153427124023e-01,1.648270338773727417e-01,-4.339961707592010498e-02,4.057639092206954956e-02,6.841842085123062134e-02,1.779390424489974976e-01,7.862308025360107422e-01,-2.439803481101989746e-01,1.107774376869201660e+00,1.209891960024833679e-01,-1.121341809630393982e-01,-3.389604687690734863e-01,-4.564594104886054993e-02,-8.825840353965759277e-01,5.436270833015441895e-01,7.476325035095214844e-01,4.238741099834442139e-02,-1.883771456778049469e-02,5.012363791465759277e-01
-9.253372997045516968e-02,7.180978059768676758e-01,7.513160109519958496e-01,-2.696698717772960663e-02,-3.298161923885345459e-02,9.943577051162719727e-01,9.714814275503158569e-02,-4.220274090766906738e-01,2.232209295034408569e-01,-3.792882338166236877e-02,1.046879172325134277e+00,-5.542082786560058594e-01,-4.662867635488510132e-02,-3.892347812652587891e-01,-2.434922754764556885e-01,-5.716653913259506226e-02,7.965568900108337402e-01,-2.290029972791671753e-01,2.255188077688217163e-01,-4.775369912385940552e-02,4.834409430623054504e-02,4.502691328525543213e-02,2.717643976211547852e-01,9.722678065299987793e-01,-4.844158887863159180e-02,1.039064884185791016e+00,2.583475410938262939e-02,-1.022739931941032410e-01,-4.329304397106170654e-01,-8.133220672607421875e-02,-1.157268643379211426e+00,5.229948759078979492e-01,4.788362383842468262e-01,1.293135732412338257e-01,-2.956838347017765045e-02,6.399737596511840820e-01
-9.959471970796585083e-02,7.118019461631774902e-01,7.708075642585754395e-01,-2.158504165709018707e-02,-4.289465397596359253e-02,9.920675754547119141e-01,1.161725744605064392e-01,-3.315076529979705811e-01,2.530105710029602051e-01,-8.111082948744297028e-03,9.536708593368530273e-01,-5.175935626029968262e-01,-7.892223447561264038e-02,-3.341490030288696289e-01,-2.054888755083084106e-01,-2.781999669969081879e-02,6.921639442443847656e-01,-1.341533660888671875e-01,2.617999911308288574e-01,-4.561622813344001770e-02,6.336660683155059814e-02,1.780705899000167847e-02,3.641474843025207520e-01,1.141493916511535645e+00,1.487496942281723022e-01,1.041328191757202148e+00,3.173672035336494446e-02,-9.979843348264694214e-02,-4.475629031658172607e-01,-1.694574654102325439e-01,-1.403292536735534668e+00,4.831179678440093994e-01,3.276855945587158203e-01,1.680013835430145264e-01,-5.672111734747886658e-02,6.644486188888549805e-01
-1.061362102627754211e-01,7.074041366577148438e-01,7.875244021415710449e-01,-1.834914460778236389e-02,-5.516214296221733093e-02,9.890703558921813965e-01,1.355000883340835571e-01,-2.504595220088958740e-01,2.885473370552062988e-01,3.503662720322608948e-02,8.498404026031494141e-01,-4.636566340923309326e-01,-1.079513356089591980e-01,-2.999536693096160889e-01,-1.645956933498382568e-01,-9.024513885378837585e-03,6.286133527755737305e-01,-5.469835549592971802e-02,2.617999911308288574e-01,-4.233165457844734192e-02,7.746943086385726929e-02,-1.839067041873931885e-02,4.282109439373016357e-01,1.366165399551391602e+00,3.772090375423431396e-01,1.090218186378479004e+00,5.509360134601593018e-02,-9.283382445573806763e-02,-4.451643526554107666e-01,-3.482108414173126221e-01,-1.623266935348510742e+00,4.498938620090484619e-01,2.550640106201171875e-01,1.199039742350578308e-01,-8.398276567459106445e-02,6.548178791999816895e-01
-1.108206659555435181e-01,7.021910548210144043e-01,7.999734282493591309e-01,-2.842032164335250854e-02,-5.610000342130661011e-02,9.869261384010314941e-01,1.483978331089019775e-01,-1.900162249803543091e-01,2.925171554088592529e-01,9.217011183500289917e-02,7.366562485694885254e-01,-4.039658308029174805e-01,-1.319870799779891968e-01,-3.136037290096282959e-01,-1.891341656446456909e-01,-5.360568314790725708e-02,6.220955848693847656e-01,4.440549015998840332e-02,2.617999911308288574e-01,-3.251942247152328491e-02,5.007074400782585144e-02,-7.435804605484008789e-02,4.672357738018035889e-01,1.528024196624755859e+00,5.174613595008850098e-01,1.121267199516296387e+00,5.638835579156875610e-02,-1.143674775958061218e-01,-3.724261522293090820e-01,-5.138255357742309570e-01,-1.779428482055664062e+00,3.592530488967895508e-01,3.182125687599182129e-01,1.368602272123098373e-02,-1.233102083206176758e-01,4.675104320049285889e-01
-1.152078732848167419e-01,6.947354078292846680e-01,8.067452907562255859e-01,-2.767326869070529938e-02,-4.014774784445762634e-02,9.864897727966308594e-01,1.563979387283325195e-01,-1.377530246973037720e-01,2.534669339656829834e-01,1.705866158008575439e-01,6.309994459152221680e-01,-3.752409517765045166e-01,-9.487404674291610718e-02,-3.228908777236938477e-01,-2.667308151721954346e-01,-7.385330647230148315e-02,6.336413025856018066e-01,-6.452461704611778259e-03,2.617999911308288574e-01,-1.403801795095205307e-02,1.363108027726411819e-02,-8.935262262821197510e-02,4.226436913013458252e-01,1.758985519409179688e+00,6.264115571975708008e-01,1.069383621215820312e+00,8.098872750997543335e-02,-1.512078642845153809e-01,-1.940963566303253174e-01,-5.674735307693481445e-01,-1.935090780258178711e+00,2.092549651861190796e-01,3.644028902053833008e-01,-1.577651351690292358e-01,-1.406849771738052368e-01,1.779439002275466919e-01
-1.201224625110626221e-01,6.948552131652832031e-01,8.112637996673583984e-01,-1.224114652723073959e-02,-4.522577673196792603e-02,9.839207530021667480e-01,1.723506897687911987e-01,-4.846142232418060303e-02,1.982437968254089355e-01,3.776063397526741028e-02,5.523584485054016113e-01,-4.217886328697204590e-01,-2.895617671310901642e-02,-2.731294631958007812e-01,-2.053607702255249023e-01,1.512259803712368011e-02,5.649117827415466309e-01,1.891324482858181000e-02,2.617999911308288574e-01,-1.047514975070953369e-01,-2.939575351774692535e-02,-3.332723677158355713e-02,2.310097962617874146e-01,7.077463269233703613e-01,7.960774935781955719e-03,1.011049866676330566e+00,-7.294139266014099121e-02,-1.212371662259101868e-01,6.578208878636360168e-03,-1.207939863204956055e+00,-1.449238181114196777e+00,3.465050458908081055e-02,1.367280632257461548e-01,3.380874097347259521e-01,-3.003753423690795898e-01,-6.123121380805969238e-01
-1.224981918931007385e-01,6.954169869422912598e-01,8.161745667457580566e-01,-7.855266332626342773e-03,-3.971251472830772400e-02,9.827848672866821289e-01,1.802638769149780273e-01,-1.062922412529587746e-03,1.770905256271362305e-01,4.267401248216629028e-02,4.819781780242919922e-01,-3.837227821350097656e-01,-2.146997302770614624e-02,-2.583698332309722900e-01,-2.211645245552062988e-01,-1.413574721664190292e-02,5.460559129714965820e-01,3.935040161013603210e-02,2.617999911308288574e-01,-9.835462272167205811e-02,-1.479320973157882690e-02,-5.123155564069747925e-02,2.013936787843704224e-01,5.739443302154541016e-01,-5.498507618904113770e-02,9.390130043029785156e-01,-1.001985371112823486e-01,-1.608377695083618164e-01,7.734913378953933716e-02,-1.476349830627441406e+00,-1.359171390533447266e+00,1.122317463159561157e-01,-2.720063365995883942e-02,2.815444469451904297e-01,-3.490778207778930664e-01,-8.823144435882568359e-01
-1.239422485232353210e-01,6.977665424346923828e-01,8.176015019416809082e-01,-4.872354678809642792e-03,-3.718925267457962036e-02,9.825508594512939453e-01,1.821730434894561768e-01,2.597782388329505920e-02,1.782890260219573975e-01,7.246553897857666016e-02,4.473582208156585693e-01,-3.663717508316040039e-01,-2.441472932696342468e-02,-2.353578954935073853e-01,-2.300235182046890259e-01,-4.590931907296180725e-02,5.211008787155151367e-01,3.518272191286087036e-02,2.617999911308288574e-01,-1.041606664657592773e-01,4.419599194079637527e-03,-6.094157695770263672e-02,2.127375602722167969e-01,4.695934951305389404e-01,-8.763168007135391235e-02,8.435599207878112793e-01,-1.130771115422248840e-01,-1.907273679971694946e-01,1.277695745229721069e-01,-1.483872890472412109e+00,-1.282101988792419434e+00,1.048813685774803162e-01,-1.044773459434509277e-01,2.474205940961837769e-01,-3.801395595073699951e-01,-1.014598488807678223e+00
-1.260723024606704712e-01,6.988008022308349609e-01,8.184722661972045898e-01,2.504757838323712349e-03,-3.974725306034088135e-02,9.827510118484497070e-01,1.805945187807083130e-01,6.713123619556427002e-02,1.853547394275665283e-01,9.623812139034271240e-02,4.076681435108184814e-01,-3.633588254451751709e-01,-2.004573680460453033e-02,-1.789311319589614868e-01,-2.129840254783630371e-01,-5.792593955993652344e-02,4.538450837135314941e-01,4.424299672245979309e-02,2.617999911308288574e-01,-1.243823692202568054e-01,2.937427163124084473e-02,-4.892483353614807129e-02,2.507386505603790283e-01,4.409154951572418213e-01,-8.032280951738357544e-02,6.881007552146911621e-01,-1.197486296296119690e-01,-1.977813541889190674e-01,1.768164485692977905e-01,-1.211058735847473145e+00,-1.241539359092712402e+00,2.838585898280143738e-02,-1.080195456743240356e-01,2.587988972663879395e-01,-3.845276832580566406e-01,-9.847533106803894043e-01
-1.396588236093521118e-01,6.982328295707702637e-01,8.190721273422241211e-01,5.224475171416997910e-03,-4.332410544157028198e-02,9.821683764457702637e-01,1.828688234090805054e-01,1.131224334239959717e-01,1.899761557579040527e-01,1.351252496242523193e-01,3.761995136737823486e-01,-3.603417277336120605e-01,-1.844969391822814941e-02,-1.186996251344680786e-01,-2.061010003089904785e-01,-8.003075420856475830e-02,3.865258693695068359e-01,5.839488655328750610e-02,2.617999911308288574e-01,-1.430042088031768799e-01,6.252247840166091919e-03,-3.735581040382385254e-02,3.202348649501800537e-01,5.327641367912292480e-01,-4.830426722764968872e-02,4.812099039554595947e-01,-1.704918146133422852e-01,-2.315761893987655640e-01,1.484184116125106812e-01,-6.650829911231994629e-01,-1.182447671890258789e+00,-5.330467596650123596e-02,-4.036881774663925171e-02,2.310526818037033081e-01,-2.930074632167816162e-01,-6.473176479339599609e-01
-1.411186307668685913e-01,6.941019892692565918e-01,8.194199204444885254e-01,2.937020035460591316e-03,-4.567032307386398315e-02,9.826620817184448242e-01,1.796685159206390381e-01,1.231748089194297791e-01,1.964717656373977661e-01,1.695011705160140991e-01,3.480368256568908691e-01,-3.631764352321624756e-01,-3.373777493834495544e-02,-1.054451540112495422e-01,-2.060768753290176392e-01,-9.211288392543792725e-02,3.527076244354248047e-01,6.659712642431259155e-02,2.617999911308288574e-01,-1.461117267608642578e-01,-1.531652174890041351e-02,-3.164997696876525879e-02,3.946354091167449951e-01,6.733153462409973145e-01,-8.875584602355957031e-02,3.359396457672119141e-01,-1.386502981185913086e-01,-2.242039442062377930e-01,-1.152521930634975433e-02,-3.991601467132568359e-01,-1.174480557441711426e+00,1.957723349332809448e-01,5.146774277091026306e-02,7.559484988451004028e-02,-1.368687450885772705e-01,-1.389326900243759155e-01
-1.289702802896499634e-01,6.880235075950622559e-01,8.192927241325378418e-01,7.284434512257575989e-03,-4.139308631420135498e-02,9.839013814926147461e-01,1.736998856067657471e-01,1.084602177143096924e-01,1.852662712335586548e-01,1.779886633157730103e-01,3.465180993080139160e-01,-3.634101450443267822e-01,-2.987868711352348328e-02,-1.122316792607307434e-01,-2.300482839345932007e-01,-1.162733957171440125e-01,3.480057418346405029e-01,8.078608661890029907e-02,2.609848380088806152e-01,-1.222753301262855530e-01,-2.614340558648109436e-02,-3.459029644727706909e-02,4.479536116123199463e-01,8.680551648139953613e-01,-2.654383182525634766e-01,2.730615735054016113e-01,2.239209786057472229e-02,-2.592170834541320801e-01,-1.754479110240936279e-01,-2.856568396091461182e-01,-1.115188837051391602e+00,5.258805155754089355e-01,1.488401144742965698e-01,-8.227670937776565552e-02,-8.718792349100112915e-02,2.504614591598510742e-01
-1.193334534764289856e-01,6.916990280151367188e-01,8.183727264404296875e-01,1.152028050273656845e-02,-3.682967275381088257e-02,9.859501719474792480e-01,1.625209748744964600e-01,9.020631760358810425e-02,1.795973479747772217e-01,1.452861279249191284e-01,3.597073256969451904e-01,-3.682151734828948975e-01,-2.695795893669128418e-02,-1.139702871441841125e-01,-2.415598630905151367e-01,-1.369581818580627441e-01,3.604543805122375488e-01,6.182707473635673523e-02,2.338137030601501465e-01,-1.175324544310569763e-01,-2.609444968402385712e-02,-1.954809762537479401e-02,4.661774635314941406e-01,9.515346884727478027e-01,-4.169093370437622070e-01,1.976908743381500244e-01,1.069254502654075623e-01,-3.291103839874267578e-01,-2.957426607608795166e-01,-1.789386570453643799e-01,-9.777335524559020996e-01,6.627089977264404297e-01,2.914097607135772705e-01,-7.242199778556823730e-02,-6.514753401279449463e-02,3.770462572574615479e-01
-1.183818355202674866e-01,6.891787648200988770e-01,8.177861571311950684e-01,1.104957051575183868e-02,-3.786385059356689453e-02,9.867517352104187012e-01,1.573696285486221313e-01,7.911903411149978638e-02,1.777862459421157837e-01,1.331595331430435181e-01,3.700708150863647461e-01,-3.799184262752532959e-01,-2.228567562997341156e-02,-1.175959408283233643e-01,-2.404372692108154297e-01,-1.261751055717468262e-01,3.667088150978088379e-01,6.084100902080535889e-02,2.277993857860565186e-01,-1.230265498161315918e-01,-1.864504441618919373e-02,-7.570539135485887527e-03,4.896207153797149658e-01,9.634570479393005371e-01,-4.547018110752105713e-01,1.772498637437820435e-01,1.139646768569946289e-01,-3.485887050628662109e-01,-3.516862094402313232e-01,-1.000573262572288513e-01,-8.910771608352661133e-01,6.866480708122253418e-01,3.499054610729217529e-01,-9.090380370616912842e-02,-6.261180341243743896e-02,4.088933467864990234e-01
-1.187787950038909912e-01,6.878514885902404785e-01,8.175660967826843262e-01,1.071750279515981674e-02,-3.898273035883903503e-02,9.872885346412658691e-01,1.537104099988937378e-01,7.278310507535934448e-02,1.789631396532058716e-01,1.286686509847640991e-01,3.790951371192932129e-01,-3.877342641353607178e-01,-2.625012211501598358e-02,-1.211301013827323914e-01,-2.384345680475234985e-01,-1.167563945055007935e-01,3.761085867881774902e-01,6.290312111377716064e-02,2.273975908756256104e-01,-1.231865063309669495e-01,-1.668376661837100983e-02,-2.468154532834887505e-03,5.079917311668395996e-01,9.887928962707519531e-01,-4.922351837158203125e-01,1.412651538848876953e-01,1.103260964155197144e-01,-3.638659119606018066e-01,-4.008646309375762939e-01,-6.800688803195953369e-02,-8.613161444664001465e-01,7.232018113136291504e-01,3.508203625679016113e-01,-1.114094704389572144e-01,-6.778693944215774536e-02,4.488386213779449463e-01
-1.178692430257797241e-01,6.870130300521850586e-01,8.170753717422485352e-01,1.003951672464609146e-02,-3.774482011795043945e-02,9.870299100875854492e-01,1.557128876447677612e-01,6.656946986913681030e-02,1.770838946104049683e-01,1.343015879392623901e-01,3.871461749076843262e-01,-3.904912173748016357e-01,-2.071452699601650238e-02,-1.317002028226852417e-01,-2.460785955190658569e-01,-1.284590661525726318e-01,3.874887228012084961e-01,6.169858202338218689e-02,2.320234328508377075e-01,-1.248679608106613159e-01,-1.833763904869556427e-02,-1.079185982234776020e-03,5.030378699302673340e-01,1.031196355819702148e+00,-5.343937277793884277e-01,9.356804192066192627e-02,1.306089013814926147e-01,-3.780960738658905029e-01,-4.211624562740325928e-01,-6.498661637306213379e-02,-8.627837300300598145e-01,7.523241043090820312e-01,3.416169285774230957e-01,-1.374849528074264526e-01,-7.119658589363098145e-02,4.644360840320587158e-01
