1.327506545931100845e-02,-2.205305173993110657e-02,7.198109626770019531e-01,-2.472996525466442108e-02,6.045795977115631104e-02,9.715368747711181641e-01,2.277044355869293213e-01,-6.954441070556640625e-01,-3.011851608753204346e-01,1.095734909176826477e-01,1.922569721937179565e-01,-7.534541189670562744e-02,2.936779335141181946e-02,-3.879852592945098877e-01,-2.229969203472137451e-01,-2.668692469596862793e-01,9.974172711372375488e-01,-6.361887454986572266e-01,6.420692056417465210e-02,-1.481773406267166138e-01,-4.292381927371025085e-02,9.368134289979934692e-02,-2.833873927593231201e-01,5.000889301300048828e-01,-5.345186591148376465e-01,8.010884523391723633e-01,3.707159459590911865e-01,-7.006616145372390747e-02,1.757366210222244263e-01,1.794997602701187134e-02,-9.602398276329040527e-01,-2.796897888183593750e-01,1.162851095199584961e+00,3.318848311901092529e-01,-4.162651672959327698e-02,-5.989603400230407715e-01
1.417181733995676041e-02,-3.298019990324974060e-02,7.190760970115661621e-01,-7.246666401624679565e-02,4.438753798604011536e-02,9.633681774139404297e-01,2.543621063232421875e-01,-9.330126643180847168e-01,-1.417112499475479126e-01,1.616837382316589355e-01,1.970774829387664795e-01,-1.134750619530677795e-01,-7.889283820986747742e-03,-4.804648458957672119e-01,-1.470336467027664185e-01,-2.662746012210845947e-01,9.428324699401855469e-01,-6.184343695640563965e-01,4.023000225424766541e-02,-4.723362997174263000e-02,5.657655000686645508e-02,5.867287516593933105e-02,-5.140658617019653320e-01,4.047952592372894287e-01,-6.528037786483764648e-01,1.177321195602416992e+00,3.095020353794097900e-01,-2.130832970142364502e-01,2.236470282077789307e-01,-1.277216672897338867e-01,-1.175835609436035156e+00,-1.884695142507553101e-01,1.472525835037231445e+00,3.724937438964843750e-01,-2.001410275697708130e-01,-4.228532016277313232e-01
1.099957339465618134e-02,-3.969341516494750977e-02,7.155251502990722656e-01,-7.761626690626144409e-02,4.682077094912528992e-02,9.650580883026123047e-01,2.458586394786834717e-01,-1.059812903404235840e+00,-9.756364673376083374e-02,1.945773065090179443e-01,1.486109048128128052e-01,-1.035474985837936401e-01,-2.176467142999172211e-02,-4.901252090930938721e-01,-1.793831586837768555e-01,-2.859688103199005127e-01,9.447913169860839844e-01,-6.396258473396301270e-01,4.463829845190048218e-02,-5.818305164575576782e-02,6.882773339748382568e-02,7.198881357908248901e-02,-5.175641775131225586e-01,4.159741103649139404e-01,-6.623002290725708008e-01,1.189457416534423828e+00,3.057709336280822754e-01,-2.144541293382644653e-01,2.484698742628097534e-01,-1.438706517219543457e-01,-1.211019873619079590e+00,-1.767017692327499390e-01,1.465495586395263672e+00,3.377371132373809814e-01,-2.075863331556320190e-01,-4.249052107334136963e-01
1.331558916717767715e-02,-3.981802612543106079e-02,7.153041958808898926e-01,-8.596003800630569458e-02,3.962650895118713379e-02,9.623087644577026367e-01,2.549558579921722412e-01,-1.135724306106567383e+00,-2.743315696716308594e-02,2.036458551883697510e-01,8.857729285955429077e-02,-8.296445757150650024e-02,-3.786147758364677429e-02,-4.873183071613311768e-01,-1.474194824695587158e-01,-2.947268187999725342e-01,9.017198085784912109e-01,-6.237794160842895508e-01,5.083680525422096252e-02,-4.185901954770088196e-02,1.027000918984413147e-01,9.494460374116897583e-02,-5.412219762802124023e-01,4.313798546791076660e-01,-6.512498259544372559e-01,1.194940805435180664e+00,2.997789978981018066e-01,-2.170860469341278076e-01,2.709243893623352051e-01,-1.995203346014022827e-01,-1.249515056610107422e+00,-1.469276696443557739e-01,1.455646038055419922e+00,3.181116282939910889e-01,-2.079116702079772949e-01,-4.235945641994476318e-01
1.333041395992040634e-02,-3.983721882104873657e-02,7.125253081321716309e-01,-8.925033360719680786e-02,4.165045917034149170e-02,9.636451005935668945e-01,2.483702600002288818e-01,-1.199635148048400879e+00,-1.645717956125736237e-02,2.223630398511886597e-01,9.078836441040039062e-02,-5.854245275259017944e-02,-3.344248980283737183e-02,-5.030183196067810059e-01,-1.683225631713867188e-01,-3.120346367359161377e-01,9.288789033889770508e-01,-6.203292608261108398e-01,5.301435664296150208e-02,-5.822979658842086792e-02,1.066859662532806396e-01,9.786606580018997192e-02,-5.469758510589599609e-01,4.452851116657257080e-01,-6.508125066757202148e-01,1.193560123443603516e+00,3.012571632862091064e-01,-2.139272689819335938e-01,2.824376821517944336e-01,-1.998476684093475342e-01,-1.254171848297119141e+00,-1.334708184003829956e-01,1.433724999427795410e+00,3.200421929359436035e-01,-2.116894572973251343e-01,-4.317920804023742676e-01
1.341834571212530136e-02,-3.749828785657882690e-02,7.104935050010681152e-01,-9.341455996036529541e-02,4.298080131411552429e-02,9.640862345695495605e-01,2.448756545782089233e-01,-1.232633829116821289e+00,-1.973089762032032013e-02,2.338724434375762939e-01,1.137449964880943298e-01,-5.710319057106971741e-02,-2.735434845089912415e-02,-5.200758576393127441e-01,-1.741829067468643188e-01,-3.178128004074096680e-01,9.541909694671630859e-01,-6.181545853614807129e-01,5.079134553670883179e-02,-7.876745611429214478e-02,1.143603697419166565e-01,9.790866076946258545e-02,-5.524979829788208008e-01,4.464877247810363770e-01,-6.384786963462829590e-01,1.198080897331237793e+00,2.990670204162597656e-01,-2.062320709228515625e-01,2.807415723800659180e-01,-1.983994692564010620e-01,-1.242847204208374023e+00,-1.346484422683715820e-01,1.416319727897644043e+00,3.303841948509216309e-01,-2.104327082633972168e-01,-4.402239024639129639e-01
1.527361385524272919e-02,-3.685318678617477417e-02,7.088770270347595215e-01,-9.633294492959976196e-02,4.510131105780601501e-02,9.632664918899536133e-01,2.465836256742477417e-01,-1.239893198013305664e+00,-3.608611598610877991e-02,2.455528378486633301e-01,1.647455990314483643e-01,-6.411185860633850098e-02,-1.870505884289741516e-02,-5.441048145294189453e-01,-1.760593801736831665e-01,-3.108007907867431641e-01,9.817886352539062500e-01,-6.149273514747619629e-01,4.549379274249076843e-02,-9.769301861524581909e-02,1.180909126996994019e-01,9.121307730674743652e-02,-5.586649179458618164e-01,4.414118230342864990e-01,-6.260102391242980957e-01,1.194924712181091309e+00,2.936910390853881836e-01,-1.990115642547607422e-01,2.799635529518127441e-01,-1.865129321813583374e-01,-1.209906697273254395e+00,-1.308984160423278809e-01,1.398970723152160645e+00,3.345644474029541016e-01,-2.060544192790985107e-01,-4.510864019393920898e-01
1.557014510035514832e-02,-3.152450546622276306e-02,7.071605324745178223e-01,-1.020760834217071533e-01,4.952373728156089783e-02,9.620119929313659668e-01,2.483160346746444702e-01,-1.216659188270568848e+00,-6.949926167726516724e-02,2.613359689712524414e-01,2.218555212020874023e-01,-9.183847159147262573e-02,-8.408634923398494720e-03,-5.737974047660827637e-01,-1.650443375110626221e-01,-2.856222689151763916e-01,1.011108636856079102e+00,-6.210675835609436035e-01,3.662429749965667725e-02,-1.219059005379676819e-01,1.259688735008239746e-01,7.297185063362121582e-02,-5.511311292648315430e-01,4.187682569026947021e-01,-6.055392622947692871e-01,1.193439960479736328e+00,2.789216935634613037e-01,-1.950128376483917236e-01,2.843743860721588135e-01,-1.650291532278060913e-01,-1.160393238067626953e+00,-1.299000829458236694e-01,1.390971422195434570e+00,3.306458890438079834e-01,-2.008302956819534302e-01,-4.620155394077301025e-01
1.256504468619823456e-02,-3.053168766200542450e-02,7.067134976387023926e-01,-1.037279814481735229e-01,5.055687576532363892e-02,9.582930207252502441e-01,2.614555060863494873e-01,-1.150930285453796387e+00,-9.815790504217147827e-02,2.546009719371795654e-01,3.140587806701660156e-01,-1.205739453434944153e-01,7.871781475841999054e-03,-5.973157882690429688e-01,-1.351950466632843018e-01,-2.356166690587997437e-01,1.044261813163757324e+00,-6.301339864730834961e-01,1.768249273300170898e-02,-1.421807408332824707e-01,1.274308711290359497e-01,5.810728296637535095e-02,-5.328302383422851562e-01,3.896331489086151123e-01,-5.949708223342895508e-01,1.200302243232727051e+00,2.546644210815429688e-01,-1.967713236808776855e-01,2.716675400733947754e-01,-1.336071342229843140e-01,-1.095848321914672852e+00,-1.172849312424659729e-01,1.378111958503723145e+00,3.276510238647460938e-01,-1.941940784454345703e-01,-4.699747860431671143e-01
7.909093052148818970e-03,-2.493324875831604004e-02,7.049771547317504883e-01,-1.032301485538482666e-01,5.467453971505165100e-02,9.522027969360351562e-01,2.822482585906982422e-01,-1.084174275398254395e+00,-1.220278665423393250e-01,2.463029175996780396e-01,4.445917904376983643e-01,-1.354365497827529907e-01,2.292115986347198486e-02,-6.150099039077758789e-01,-1.149701103568077087e-01,-1.997178494930267334e-01,1.083484530448913574e+00,-6.433318853378295898e-01,1.975032733753323555e-03,-1.535746306180953979e-01,1.231006830930709839e-01,3.521182760596275330e-02,-5.028174519538879395e-01,3.612810373306274414e-01,-5.974555611610412598e-01,1.188020348548889160e+00,2.407584637403488159e-01,-1.992453485727310181e-01,2.529841661453247070e-01,-9.290724247694015503e-02,-1.012633085250854492e+00,-7.059282064437866211e-02,1.352753758430480957e+00,3.154354393482208252e-01,-1.831967234611511230e-01,-4.294037818908691406e-01
1.511796028353273869e-03,-2.080770581960678101e-02,7.019060850143432617e-01,-9.163299202919006348e-02,5.581461638212203979e-02,9.404760599136352539e-01,3.224792778491973877e-01,-1.008436083793640137e+00,-1.212851628661155701e-01,2.179816365242004395e-01,6.469873785972595215e-01,-2.034194916486740112e-01,4.621590301394462585e-02,-6.072753667831420898e-01,-7.745361328125000000e-02,-1.393048316240310669e-01,1.109066843986511230e+00,-6.612801551818847656e-01,-7.792970631271600723e-03,-1.600983142852783203e-01,1.058587655425071716e-01,1.573142409324645996e-02,-4.395273923873901367e-01,3.460249304771423340e-01,-6.011614203453063965e-01,1.163466930389404297e+00,2.056555747985839844e-01,-2.046048641204833984e-01,2.309460937976837158e-01,-5.192790925502777100e-02,-9.108989238739013672e-01,4.158501327037811279e-02,1.297507882118225098e+00,2.751731574535369873e-01,-1.786366850137710571e-01,-3.750042021274566650e-01
-2.843838883563876152e-03,-2.303858660161495209e-02,6.987764835357666016e-01,-7.618474960327148438e-02,5.260237678885459900e-02,9.197121262550354004e-01,3.815213441848754883e-01,-9.362167716026306152e-01,-9.525800496339797974e-02,1.809478551149368286e-01,8.453869223594665527e-01,-3.098204433917999268e-01,8.314000815153121948e-02,-6.018167734146118164e-01,-2.191107720136642456e-02,-5.853508412837982178e-02,1.130040764808654785e+00,-6.679472327232360840e-01,-3.313273191452026367e-03,-1.761178374290466309e-01,7.667835056781768799e-02,4.268769640475511551e-03,-3.660646378993988037e-01,3.504466712474822998e-01,-6.278973817825317383e-01,1.099446058273315430e+00,1.745354086160659790e-01,-2.096782326698303223e-01,1.872470378875732422e-01,-2.603308111429214478e-02,-8.039999008178710938e-01,2.343119978904724121e-01,1.163617372512817383e+00,1.808238476514816284e-01,-1.689320057630538940e-01,-2.611855268478393555e-01
-9.021953679621219635e-03,-2.341470308601856232e-02,6.987931132316589355e-01,-6.320637464523315430e-02,4.624613001942634583e-02,8.889538645744323730e-01,4.512507617473602295e-01,-8.465684652328491211e-01,-4.379824176430702209e-02,1.477569341659545898e-01,1.029473423957824707e+00,-4.156413376331329346e-01,9.753578901290893555e-02,-5.771970152854919434e-01,4.909139126539230347e-02,2.592519856989383698e-02,1.111957192420959473e+00,-6.702181696891784668e-01,4.029998963233083487e-04,-2.032555788755416870e-01,4.249055683612823486e-02,-7.567689754068851471e-03,-2.564486265182495117e-01,4.214825630187988281e-01,-6.723504662513732910e-01,9.613380432128906250e-01,1.395180374383926392e-01,-2.409467697143554688e-01,9.191202372312545776e-02,-2.000025473535060883e-03,-7.724776864051818848e-01,4.897478520870208740e-01,8.770201802253723145e-01,8.005298674106597900e-02,-1.766508072614669800e-01,-7.998315244913101196e-02
-1.334746461361646652e-02,-2.824606746435165405e-02,7.032175064086914062e-01,-6.447125971317291260e-02,4.894455894827842712e-02,8.508582711219787598e-01,5.191224217414855957e-01,-7.580481767654418945e-01,1.723922789096832275e-02,1.275955587625503540e-01,1.228614568710327148e+00,-4.714006185531616211e-01,9.594377130270004272e-02,-5.863602161407470703e-01,1.001476794481277466e-01,9.357496351003646851e-02,1.066041350364685059e+00,-6.411328315734863281e-01,-9.524472989141941071e-03,-2.243487536907196045e-01,1.879054494202136993e-02,-4.165115579962730408e-02,-1.316021978855133057e-01,5.470256209373474121e-01,-7.205488085746765137e-01,7.363688349723815918e-01,8.079414814710617065e-02,-2.834917306900024414e-01,-8.513937145471572876e-02,-9.153286926448345184e-03,-8.556596636772155762e-01,6.802026033401489258e-01,4.703918993473052979e-01,9.069567918777465820e-02,-1.965589076280593872e-01,1.635962575674057007e-01
-1.508173160254955292e-02,-2.654156461358070374e-02,7.112757563591003418e-01,-6.633723527193069458e-02,5.706555396318435669e-02,8.048143386840820312e-01,5.870406627655029297e-01,-6.801407933235168457e-01,6.345028430223464966e-02,9.458328783512115479e-02,1.471177339553833008e+00,-4.354694783687591553e-01,7.385301589965820312e-02,-5.990689396858215332e-01,1.195850297808647156e-01,1.007990166544914246e-01,1.017497897148132324e+00,-5.737045407295227051e-01,-1.638427190482616425e-02,-2.039924860000610352e-01,1.255679316818714142e-02,-8.116027712821960449e-02,-3.284191712737083435e-03,6.517315506935119629e-01,-7.144135236740112305e-01,5.245310664176940918e-01,-3.760583698749542236e-02,-3.099782168865203857e-01,-2.034310251474380493e-01,-8.585388772189617157e-03,-9.295494556427001953e-01,7.701321840286254883e-01,1.879663914442062378e-01,2.311766445636749268e-01,-1.709659695625305176e-01,3.439786732196807861e-01
-1.557577773928642273e-02,-2.450828067958354950e-02,7.217193841934204102e-01,-7.729037106037139893e-02,6.463333219289779663e-02,7.533217072486877441e-01,6.498885750770568848e-01,-6.280539035797119141e-01,6.822706758975982666e-02,5.572352930903434753e-02,1.722108602523803711e+00,-3.286509513854980469e-01,2.428067661821842194e-02,-6.139693260192871094e-01,1.420894861221313477e-01,1.020664051175117493e-01,9.411278367042541504e-01,-4.872558414936065674e-01,8.616651408374309540e-03,-1.647188365459442139e-01,2.396595291793346405e-02,-1.300060003995895386e-01,1.532918363809585571e-01,7.467622160911560059e-01,-6.676223874092102051e-01,2.991715669631958008e-01,-1.817757487297058105e-01,-3.393429517745971680e-01,-2.350246310234069824e-01,-1.888495497405529022e-02,-1.014252424240112305e+00,8.318625688552856445e-01,-6.032123789191246033e-02,3.243110179901123047e-01,-1.584359258413314819e-01,4.230600595474243164e-01
-1.437353622168302536e-02,-2.331847883760929108e-02,7.323820590972900391e-01,-8.373004943132400513e-02,7.443545758724212646e-02,7.054558396339416504e-01,6.998433470726013184e-01,-5.747638344764709473e-01,4.339629411697387695e-02,4.979687556624412537e-02,1.896396398544311523e+00,-2.410075515508651733e-01,-3.438175097107887268e-02,-6.185588240623474121e-01,1.355648785829544067e-01,9.220351278781890869e-02,8.483417630195617676e-01,-4.121954143047332764e-01,2.244953252375125885e-02,-1.207098141312599182e-01,1.597862690687179565e-02,-1.823387593030929565e-01,3.057988286018371582e-01,8.367112874984741211e-01,-6.102774739265441895e-01,8.748716861009597778e-02,-2.795712649822235107e-01,-3.784686625003814697e-01,-2.368926256895065308e-01,-4.351268708705902100e-02,-1.081493020057678223e+00,8.581754565238952637e-01,-2.497571110725402832e-01,3.607846498489379883e-01,-1.753526628017425537e-01,4.354938566684722900e-01
-1.245149318128824234e-02,-2.381577342748641968e-02,7.411651015281677246e-01,-8.528546988964080811e-02,8.796516805887222290e-02,6.703929901123046875e-01,7.318208813667297363e-01,-5.079990625381469727e-01,1.664033159613609314e-02,5.543772503733634949e-02,2.080800533294677734e+00,-2.071449309587478638e-01,-7.659189403057098389e-02,-6.172453761100769043e-01,1.153701767325401306e-01,8.993226289749145508e-02,7.805924415588378906e-01,-3.651662468910217285e-01,2.103262022137641907e-02,-9.441450983285903931e-02,1.571425702422857285e-03,-2.292392700910568237e-01,4.562770426273345947e-01,8.931933045387268066e-01,-5.235595107078552246e-01,-1.034837588667869568e-01,-3.601138293743133545e-01,-4.172359704971313477e-01,-2.270365357398986816e-01,-3.676885738968849182e-02,-1.120923399925231934e+00,8.421056866645812988e-01,-3.835721015930175781e-01,3.996362984180450439e-01,-2.006170898675918579e-01,4.000021219253540039e-01
-8.833479136228561401e-03,-2.368452958762645721e-02,7.468846440315246582e-01,-7.881305366754531860e-02,9.988041967153549194e-02,6.413782835006713867e-01,7.566018104553222656e-01,-4.322826564311981201e-01,-1.209751330316066742e-02,5.574652180075645447e-02,2.248448371887207031e+00,-1.491637974977493286e-01,-1.050208732485771179e-01,-6.034156084060668945e-01,9.438515454530715942e-02,8.697541803121566772e-02,7.237754464149475098e-01,-3.311212956905364990e-01,2.224547322839498520e-03,-7.473941892385482788e-02,-2.201316878199577332e-02,-2.718598842620849609e-01,6.119829416275024414e-01,9.461126327514648438e-01,-4.479338228702545166e-01,-2.735874354839324951e-01,-4.610652029514312744e-01,-4.404721558094024658e-01,-2.447025030851364136e-01,-2.621583640575408936e-02,-1.137561917304992676e+00,8.380091190338134766e-01,-4.651852548122406006e-01,4.688079059123992920e-01,-2.027548849582672119e-01,3.772125542163848877e-01
-3.457402111962437630e-03,-2.161969430744647980e-02,7.463429570198059082e-01,-6.739372014999389648e-02,1.066897436976432800e-01,6.137253642082214355e-01,7.793692946434020996e-01,-4.028302133083343506e-01,-3.456157073378562927e-02,5.549174174666404724e-02,2.359283685684204102e+00,-7.389829307794570923e-02,-1.272336542606353760e-01,-5.922622084617614746e-01,8.356068283319473267e-02,7.666545361280441284e-02,7.253921031951904297e-01,-3.511061668395996094e-01,-2.818082273006439209e-02,-5.215256288647651672e-02,-4.748103395104408264e-02,-2.857782840728759766e-01,7.022714018821716309e-01,9.697921276092529297e-01,-3.821877837181091309e-01,-3.987142443656921387e-01,-5.222309827804565430e-01,-4.627168178558349609e-01,-2.346517443656921387e-01,-3.304930403828620911e-02,-1.138713598251342773e+00,8.420743346214294434e-01,-5.219620466232299805e-01,5.045598745346069336e-01,-2.084947526454925537e-01,3.488183617591857910e-01
7.570958696305751801e-04,-1.863904669880867004e-02,7.415877580642700195e-01,-5.919267237186431885e-02,1.072466820478439331e-01,5.946557521820068359e-01,7.945935726165771484e-01,-4.131052196025848389e-01,-4.992718994617462158e-02,4.897839576005935669e-02,2.416298151016235352e+00,-2.954896353185176849e-02,-1.295291334390640259e-01,-5.918225646018981934e-01,8.018133789300918579e-02,6.000722944736480713e-02,7.613198161125183105e-01,-3.972616791725158691e-01,-6.275167316198348999e-02,-3.322639688849449158e-02,-5.809609964489936829e-02,-2.801447808742523193e-01,7.344155311584472656e-01,9.860088825225830078e-01,-3.417755365371704102e-01,-4.790710806846618652e-01,-5.397195816040039062e-01,-4.857128560543060303e-01,-1.959418058395385742e-01,-5.876667425036430359e-02,-1.140330672264099121e+00,8.597384691238403320e-01,-5.585519075393676758e-01,4.988679885864257812e-01,-2.253483533859252930e-01,3.115350604057312012e-01
3.653929801657795906e-03,-1.707546040415763855e-02,7.357293367385864258e-01,-4.644044861197471619e-02,1.051617786288261414e-01,5.823872685432434082e-01,8.047417998313903809e-01,-4.675221443176269531e-01,-5.889858677983283997e-02,4.020078480243682861e-02,2.409868240356445312e+00,-1.925147138535976410e-02,-1.039168760180473328e-01,-5.891476273536682129e-01,7.188456505537033081e-02,5.198631435632705688e-02,8.165428638458251953e-01,-4.531407058238983154e-01,-8.355072885751724243e-02,-1.697956584393978119e-02,-6.248339265584945679e-02,-2.561618387699127197e-01,7.183594703674316406e-01,1.014709949493408203e+00,-3.194244205951690674e-01,-5.416395664215087891e-01,-5.198854804039001465e-01,-5.053108334541320801e-01,-1.269477456808090210e-01,-1.252390593290328979e-01,-1.134766459465026855e+00,9.028486609458923340e-01,-5.817987918853759766e-01,4.533050358295440674e-01,-2.491725087165832520e-01,2.670796513557434082e-01
9.855935350060462952e-03,-1.055237092077732086e-02,7.302264571189880371e-01,-4.133990779519081116e-02,1.007496789097785950e-01,5.797337889671325684e-01,8.074956536293029785e-01,-5.451046228408813477e-01,-4.143996164202690125e-02,3.516928851604461670e-02,2.314019441604614258e+00,-7.217958569526672363e-02,-6.962642818689346313e-02,-5.841219425201416016e-01,7.174482941627502441e-02,3.435051813721656799e-02,8.690522909164428711e-01,-4.836838245391845703e-01,-8.681048452854156494e-02,-5.244466476142406464e-03,-5.099091306328773499e-02,-2.251362651586532593e-01,6.703514456748962402e-01,1.017678618431091309e+00,-3.046569824218750000e-01,-5.579073429107666016e-01,-4.320186674594879150e-01,-5.265921354293823242e-01,-4.907612130045890808e-02,-2.013643234968185425e-01,-1.122215151786804199e+00,9.486044645309448242e-01,-5.735288262367248535e-01,3.873902559280395508e-01,-2.879003286361694336e-01,2.135964483022689819e-01
1.289831101894378662e-02,-4.103308077901601791e-03,7.246053814888000488e-01,-3.875425457954406738e-02,8.962658047676086426e-02,5.865394473075866699e-01,8.040128350257873535e-01,-6.113868951797485352e-01,-1.584917493164539337e-02,5.277564376592636108e-02,2.153211593627929688e+00,-1.873255968093872070e-01,-3.031258704140782356e-03,-5.666540265083312988e-01,7.332209497690200806e-02,1.500219013541936874e-02,9.132895469665527344e-01,-5.082638859748840332e-01,-5.074338614940643311e-02,3.512077732011675835e-03,-2.173712477087974548e-02,-1.847871840000152588e-01,5.820408463478088379e-01,1.017321825027465820e+00,-3.352520465850830078e-01,-5.534148216247558594e-01,-3.490758836269378662e-01,-5.350324511528015137e-01,3.399224579334259033e-02,-2.827283143997192383e-01,-1.107815504074096680e+00,1.004656910896301270e+00,-5.544309616088867188e-01,2.480697333812713623e-01,-3.322964310646057129e-01,1.321534812450408936e-01
8.499881252646446228e-03,2.000365173444151878e-03,7.213493585586547852e-01,-3.806262090802192688e-02,8.158844709396362305e-02,5.927419662475585938e-01,8.003446459770202637e-01,-6.568943858146667480e-01,1.737228478305041790e-03,7.631359994411468506e-02,1.916923761367797852e+00,-3.488112688064575195e-01,6.433067470788955688e-02,-5.595798492431640625e-01,6.877626478672027588e-02,1.092220842838287354e-02,9.521167278289794922e-01,-5.216163396835327148e-01,-8.237547241151332855e-03,2.640531212091445923e-02,3.779395949095487595e-03,-1.561595648527145386e-01,4.852511882781982422e-01,1.017681837081909180e+00,-3.827505707740783691e-01,-5.522868633270263672e-01,-2.864525020122528076e-01,-5.513907670974731445e-01,8.530590683221817017e-02,-3.481172323226928711e-01,-1.079460740089416504e+00,1.047479867935180664e+00,-5.334963798522949219e-01,1.902396529912948608e-01,-3.616999387741088867e-01,6.482341885566711426e-02
2.644793828949332237e-03,5.819466430693864822e-03,7.229595184326171875e-01,-3.484695777297019958e-02,7.205703854560852051e-02,6.033639311790466309e-01,7.934389710426330566e-01,-6.863633394241333008e-01,-6.794554181396961212e-03,8.547460287809371948e-02,1.607030630111694336e+00,-4.726620912551879883e-01,9.287589043378829956e-02,-5.322557091712951660e-01,5.358869954943656921e-02,1.961472444236278534e-03,9.572180509567260742e-01,-5.202217698097229004e-01,3.736217692494392395e-02,6.471306085586547852e-02,3.309014812111854553e-02,-1.188097447156906128e-01,3.782395422458648682e-01,1.003827095031738281e+00,-4.655490815639495850e-01,-5.286793112754821777e-01,-2.252414226531982422e-01,-5.617481470108032227e-01,1.477453857660293579e-01,-4.221090674400329590e-01,-1.048429369926452637e+00,1.097465872764587402e+00,-4.992790520191192627e-01,1.248711869120597839e-01,-3.904435634613037109e-01,-3.146005421876907349e-02
3.074591048061847687e-03,1.176930405199527740e-02,7.288985252380371094e-01,-2.592489309608936310e-02,6.709809601306915283e-02,6.181043982505798340e-01,7.827979922294616699e-01,-7.105075120925903320e-01,-2.663164772093296051e-02,1.044288054108619690e-01,1.254711270332336426e+00,-5.544362664222717285e-01,9.083908796310424805e-02,-4.790990650653839111e-01,1.914617046713829041e-02,-2.355090528726577759e-02,9.267958998680114746e-01,-5.172344446182250977e-01,7.729440182447433472e-02,1.041110977530479431e-01,5.257786810398101807e-02,-6.954500824213027954e-02,2.795821726322174072e-01,9.825335741043090820e-01,-5.492510199546813965e-01,-4.967978894710540771e-01,-1.782469600439071655e-01,-5.611342787742614746e-01,1.900554299354553223e-01,-4.966635704040527344e-01,-1.026731491088867188e+00,1.128246545791625977e+00,-4.717120528221130371e-01,9.670613706111907959e-02,-4.108568727970123291e-01,-1.101059392094612122e-01
1.195308752357959747e-03,2.196673862636089325e-02,7.371631264686584473e-01,-2.742611244320869446e-02,7.379031181335449219e-02,6.518850922584533691e-01,7.542205452919006348e-01,-7.636598348617553711e-01,-6.329744309186935425e-02,1.533938199281692505e-01,8.623954653739929199e-01,-5.140044093132019043e-01,4.819000884890556335e-02,-4.388202130794525146e-01,-4.252449423074722290e-02,-8.997965604066848755e-02,8.791005015373229980e-01,-5.082386732101440430e-01,1.039550974965095520e-01,1.169761791825294495e-01,7.454925030469894409e-02,-2.697959728538990021e-02,2.170004248619079590e-01,9.487858414649963379e-01,-6.134361624717712402e-01,-4.502747952938079834e-01,-1.994009017944335938e-01,-5.534753799438476562e-01,1.660563051700592041e-01,-5.543228983879089355e-01,-1.027312517166137695e+00,1.147529959678649902e+00,-4.459087848663330078e-01,1.413830369710922241e-01,-4.296027719974517822e-01,-1.564131975173950195e-01
-3.704551840201020241e-03,2.322778664529323578e-02,7.418076395988464355e-01,-4.127955809235572815e-02,8.750729262828826904e-02,6.873137354850769043e-01,7.198876738548278809e-01,-8.344382047653198242e-01,-8.585635572671890259e-02,2.246239334344863892e-01,5.406552553176879883e-01,-3.867706060409545898e-01,1.355560775846242905e-02,-4.319548606872558594e-01,-8.455195277929306030e-02,-1.497369557619094849e-01,8.121497631072998047e-01,-5.117027759552001953e-01,1.121084913611412048e-01,1.326197385787963867e-01,9.956273436546325684e-02,-4.130341578274965286e-03,1.758873760700225830e-01,9.254483580589294434e-01,-6.645640134811401367e-01,-4.144636690616607666e-01,-2.739885747432708740e-01,-5.174477100372314453e-01,9.153317660093307495e-02,-6.042100787162780762e-01,-1.063160777091979980e+00,1.161902427673339844e+00,-4.498080611228942871e-01,2.060272246599197388e-01,-4.261909425258636475e-01,-1.737320870161056519e-01
-4.762861877679824829e-03,1.976102031767368317e-02,7.391569614410400391e-01,-3.767053037881851196e-02,8.971112966537475586e-02,7.127356529235839844e-01,6.946515440940856934e-01,-9.314380884170532227e-01,-1.004544645547866821e-01,2.530010342597961426e-01,3.656039834022521973e-01,-2.933270633220672607e-01,-1.096682529896497726e-02,-4.098157882690429688e-01,-1.116304844617843628e-01,-1.833262890577316284e-01,7.815518379211425781e-01,-5.522254705429077148e-01,9.602107852697372437e-02,1.594351381063461304e-01,1.204071417450904846e-01,3.467766195535659790e-02,1.545840650796890259e-01,9.260770082473754883e-01,-6.932128071784973145e-01,-3.992080092430114746e-01,-3.179308772087097168e-01,-5.012304186820983887e-01,3.761275485157966614e-02,-6.399955749511718750e-01,-1.092553377151489258e+00,1.161482810974121094e+00,-4.514597654342651367e-01,2.157155722379684448e-01,-4.210791587829589844e-01,-1.725956648588180542e-01
-4.605838563293218613e-03,1.696486957371234894e-02,7.325699925422668457e-01,-2.180751413106918335e-02,8.781156688928604126e-02,7.304998040199279785e-01,6.768925786018371582e-01,-1.052280664443969727e+00,-1.031155139207839966e-01,2.257793694734573364e-01,3.077679872512817383e-01,-2.607525289058685303e-01,-1.121053192764520645e-02,-3.946713805198669434e-01,-1.392470151185989380e-01,-1.843615621328353882e-01,7.997411489486694336e-01,-5.893197655677795410e-01,8.455335348844528198e-02,1.993864029645919800e-01,1.191909760236740112e-01,6.793983280658721924e-02,1.683838218450546265e-01,9.451154470443725586e-01,-7.108545303344726562e-01,-4.102646708488464355e-01,-3.358102142810821533e-01,-5.029675960540771484e-01,2.731399051845073700e-02,-6.630988121032714844e-01,-1.107949614524841309e+00,1.163876891136169434e+00,-4.409187436103820801e-01,2.071527838706970215e-01,-4.014470577239990234e-01,-1.433303058147430420e-01
-3.363125957548618317e-03,1.514169666916131973e-02,7.270916104316711426e-01,-4.672848619520664215e-03,8.357390761375427246e-02,7.484222054481506348e-01,6.579192280769348145e-01,-1.141757726669311523e+00,-9.076794981956481934e-02,1.985759437084197998e-01,2.693958282470703125e-01,-2.468965500593185425e-01,-1.087004784494638443e-02,-3.723893165588378906e-01,-1.643110811710357666e-01,-1.905128508806228638e-01,8.124039769172668457e-01,-5.995478630065917969e-01,8.398091793060302734e-02,2.212858200073242188e-01,1.086113378405570984e-01,9.276583790779113770e-02,1.669163852930068970e-01,9.584446549415588379e-01,-7.208407521247863770e-01,-4.364027976989746094e-01,-3.560322523117065430e-01,-5.065215229988098145e-01,1.942925713956356049e-02,-6.698256731033325195e-01,-1.114659667015075684e+00,1.160704135894775391e+00,-4.439949989318847656e-01,2.116108238697052002e-01,-3.832977414131164551e-01,-8.923057466745376587e-02
-1.918480033054947853e-03,1.408056914806365967e-02,7.231235504150390625e-01,7.516441866755485535e-03,7.497163116931915283e-02,7.653101682662963867e-01,6.392363309860229492e-01,-1.207293748855590820e+00,-6.568951904773712158e-02,1.868271827697753906e-01,2.832467257976531982e-01,-2.291079908609390259e-01,-2.612283080816268921e-02,-3.425811529159545898e-01,-1.793020069599151611e-01,-1.996707469224929810e-01,8.174819350242614746e-01,-5.942059755325317383e-01,1.020987704396247864e-01,2.254719436168670654e-01,9.171038120985031128e-02,1.116603836417198181e-01,1.705849617719650269e-01,9.690014123916625977e-01,-7.160359025001525879e-01,-4.581636488437652588e-01,-3.840772509574890137e-01,-5.018845200538635254e-01,4.766569472849369049e-03,-6.607626676559448242e-01,-1.115064978599548340e+00,1.146382331848144531e+00,-4.441953599452972412e-01,2.355726957321166992e-01,-3.579115867614746094e-01,-3.005096502602100372e-02
-1.867763785412535071e-04,1.391288172453641891e-02,7.206740975379943848e-01,1.751980930566787720e-02,7.237165421247482300e-02,7.797274589538574219e-01,6.216755509376525879e-01,-1.249010920524597168e+00,-3.414408117532730103e-02,1.732153743505477905e-01,3.009416162967681885e-01,-2.160210758447647095e-01,-4.248801991343498230e-02,-3.248042166233062744e-01,-2.027641534805297852e-01,-2.116135507822036743e-01,8.275518417358398438e-01,-5.852299332618713379e-01,1.112108975648880005e-01,2.177474349737167358e-01,7.547318190336227417e-02,1.244748458266258240e-01,1.772879809141159058e-01,9.808957576751708984e-01,-7.112128734588623047e-01,-4.802718460559844971e-01,-4.206767380237579346e-01,-4.978444576263427734e-01,-2.870665676891803741e-02,-6.340468525886535645e-01,-1.110273003578186035e+00,1.129070043563842773e+00,-4.531332254409790039e-01,3.054275214672088623e-01,-3.283131122589111328e-01,3.863365575671195984e-02
1.603477867320179939e-03,1.438250672072172165e-02,7.183036804199218750e-01,1.841535046696662903e-02,7.452499121427536011e-02,7.953379750251770020e-01,6.012856364250183105e-01,-1.266143679618835449e+00,-2.611662959679961205e-03,1.572180539369583130e-01,3.052062094211578369e-01,-2.198177874088287354e-01,-4.857451468706130981e-02,-3.328724801540374756e-01,-2.305107265710830688e-01,-2.396154850721359253e-01,8.531587719917297363e-01,-5.806044936180114746e-01,1.135080307722091675e-01,1.905830800533294678e-01,5.758249014616012573e-02,1.175626739859580994e-01,1.712913811206817627e-01,9.817638993263244629e-01,-7.164702415466308594e-01,-4.851796627044677734e-01,-4.362310171127319336e-01,-4.888511896133422852e-01,-5.581279471516609192e-02,-6.090288162231445312e-01,-1.095939397811889648e+00,1.116321444511413574e+00,-4.603734910488128662e-01,3.561416268348693848e-01,-3.145173192024230957e-01,7.279807329177856445e-02
7.757565937936306000e-03,1.419804431498050690e-02,7.213478684425354004e-01,2.016471512615680695e-02,7.610420137643814087e-02,8.010967373847961426e-01,5.933342576026916504e-01,-1.189347028732299805e+00,5.634431913495063782e-02,1.366317272186279297e-01,2.319518327713012695e-01,-1.930793523788452148e-01,-6.104541569948196411e-02,-3.145291209220886230e-01,-2.297075390815734863e-01,-2.569026947021484375e-01,8.203683495521545410e-01,-5.684970021247863770e-01,1.101675331592559814e-01,1.841910183429718018e-01,2.976832166314125061e-02,1.169023960828781128e-01,1.774082481861114502e-01,9.966332912445068359e-01,-7.128601074218750000e-01,-4.859971702098846436e-01,-4.790517091751098633e-01,-4.714899361133575439e-01,-1.142839714884757996e-01,-5.620681047439575195e-01,-1.084566593170166016e+00,1.065771818161010742e+00,-4.906385540962219238e-01,4.473587274551391602e-01,-2.896923720836639404e-01,1.529886275529861450e-01
8.226639591157436371e-03,1.556184701621532440e-02,7.197529673576354980e-01,1.170777902007102966e-02,8.597731590270996094e-02,8.125514984130859375e-01,5.763947367668151855e-01,-1.175279855728149414e+00,9.056280553340911865e-02,1.189555078744888306e-01,2.440647929906845093e-01,-1.977663487195968628e-01,-6.125411391258239746e-02,-3.458360433578491211e-01,-2.600976228713989258e-01,-2.874754965305328369e-01,8.447030186653137207e-01,-5.777156949043273926e-01,1.170143261551856995e-01,1.330928653478622437e-01,-9.156504529528319836e-05,8.094362914562225342e-02,1.674695163965225220e-01,9.946706891059875488e-01,-7.339701652526855469e-01,-4.796339869499206543e-01,-4.920167028903961182e-01,-4.565398395061492920e-01,-1.464351117610931396e-01,-5.333628058433532715e-01,-1.076311945915222168e+00,1.065937876701354980e+00,-4.998437464237213135e-01,5.143537521362304688e-01,-2.813659012317657471e-01,1.720987707376480103e-01
4.165039397776126862e-03,2.114822156727313995e-02,7.197723984718322754e-01,2.923742285929620266e-04,9.648516774177551270e-02,8.192136883735656738e-01,5.653135776519775391e-01,-1.135362505912780762e+00,1.373007148504257202e-01,1.046999096870422363e-01,2.827876806259155273e-01,-1.964232623577117920e-01,-5.770448595285415649e-02,-3.676397502422332764e-01,-2.857447862625122070e-01,-3.123423159122467041e-01,8.526834249496459961e-01,-5.879994630813598633e-01,1.205966770648956299e-01,8.095110207796096802e-02,-3.200905025005340576e-02,2.740610763430595398e-02,1.485013216733932495e-01,9.931154847145080566e-01,-7.521287798881530762e-01,-4.688470661640167236e-01,-4.891446828842163086e-01,-4.412037730216979980e-01,-1.944809108972549438e-01,-4.944745004177093506e-01,-1.059715867042541504e+00,1.059845685958862305e+00,-5.179585814476013184e-01,6.058975458145141602e-01,-2.734090089797973633e-01,1.896128803491592407e-01
3.111131256446242332e-03,3.167008608579635620e-02,7.249069213867187500e-01,3.310817992314696312e-03,8.513426780700683594e-02,8.103262782096862793e-01,5.797520875930786133e-01,-1.001079797744750977e+00,2.362134158611297607e-01,7.903078198432922363e-02,3.165893852710723877e-01,-1.938299387693405151e-01,-7.590617239475250244e-02,-3.098102807998657227e-01,-2.476300895214080811e-01,-3.154733180999755859e-01,8.019926548004150391e-01,-5.747689008712768555e-01,1.072500944137573242e-01,8.305255323648452759e-02,-4.292792081832885742e-02,4.108584020286798477e-03,1.096045747399330139e-01,1.009913325309753418e+00,-7.853718996047973633e-01,-4.269852340221405029e-01,-5.311089158058166504e-01,-4.071644842624664307e-01,-2.847301363945007324e-01,-4.261827766895294189e-01,-1.068881154060363770e+00,1.023226737976074219e+00,-5.449739694595336914e-01,7.633683085441589355e-01,-2.347943931818008423e-01,2.500501275062561035e-01
-2.276029903441667557e-03,4.116109013557434082e-02,7.234373688697814941e-01,-4.016573075205087662e-03,9.547540545463562012e-02,8.137000203132629395e-01,5.733764767646789551e-01,-9.514954686164855957e-01,2.631813585758209229e-01,4.991419985890388489e-02,4.115581512451171875e-01,-1.811048090457916260e-01,-7.224572449922561646e-02,-3.331324160099029541e-01,-2.798543274402618408e-01,-3.340079486370086670e-01,8.349288702011108398e-01,-5.832433700561523438e-01,1.031703576445579529e-01,2.716662362217903137e-02,-5.167986825108528137e-02,-5.016303807497024536e-02,6.422188133001327515e-02,1.014457225799560547e+00,-7.933121323585510254e-01,-4.079876840114593506e-01,-5.308681726455688477e-01,-3.831584751605987549e-01,-3.075373172760009766e-01,-3.982108235359191895e-01,-1.063110351562500000e+00,1.028933644294738770e+00,-5.399067401885986328e-01,8.198993206024169922e-01,-2.215813398361206055e-01,2.476393580436706543e-01
-1.177192199975252151e-02,5.402644723653793335e-02,7.221695780754089355e-01,-8.265088312327861786e-03,1.004706397652626038e-01,8.118058443069458008e-01,5.751596689224243164e-01,-8.832811117172241211e-01,2.853763103485107422e-01,2.382623217999935150e-02,5.285806655883789062e-01,-1.866499632596969604e-01,-8.128232508897781372e-02,-3.397349119186401367e-01,-3.023923635482788086e-01,-3.390441536903381348e-01,8.704019188880920410e-01,-5.929408669471740723e-01,1.034626290202140808e-01,-9.405051358044147491e-03,-5.203896760940551758e-02,-1.032669767737388611e-01,1.217845547944307327e-02,1.026947736740112305e+00,-7.989225387573242188e-01,-3.753390014171600342e-01,-5.353096723556518555e-01,-3.564415574073791504e-01,-3.152981400489807129e-01,-3.755863904953002930e-01,-1.067671060562133789e+00,1.035676240921020508e+00,-5.262660384178161621e-01,8.687646985054016113e-01,-2.090798467397689819e-01,2.463008165359497070e-01
-2.087610587477684021e-02,6.237201765179634094e-02,7.206755876541137695e-01,-6.182088516652584076e-03,9.488501399755477905e-02,8.105676770210266113e-01,5.778742432594299316e-01,-8.068468570709228516e-01,2.948294281959533691e-01,6.205012090504169464e-03,6.357299685478210449e-01,-2.237288802862167358e-01,-8.708448708057403564e-02,-3.308652937412261963e-01,-3.130193054676055908e-01,-3.378252983093261719e-01,9.140309691429138184e-01,-5.921751260757446289e-01,1.066834479570388794e-01,-3.010361641645431519e-02,-3.813528269529342651e-02,-1.384409368038177490e-01,-5.616870895028114319e-02,1.042715430259704590e+00,-7.970328330993652344e-01,-3.420953154563903809e-01,-5.455458164215087891e-01,-3.377757966518402100e-01,-3.111576139926910400e-01,-3.422501683235168457e-01,-1.078247427940368652e+00,1.038101077079772949e+00,-4.966463744640350342e-01,9.070317149162292480e-01,-2.035727053880691528e-01,2.262623012065887451e-01
-3.118542209267616272e-02,6.652124226093292236e-02,7.240488529205322266e-01,2.580574527382850647e-02,4.339485615491867065e-02,8.045901656150817871e-01,5.916802883148193359e-01,-5.886157751083374023e-01,3.418907821178436279e-01,1.917994115501642227e-03,6.841157674789428711e-01,-2.711139917373657227e-01,-1.264402568340301514e-01,-1.791832894086837769e-01,-2.536341249942779541e-01,-3.261964321136474609e-01,8.809730410575866699e-01,-5.739471912384033203e-01,9.752406924962997437e-02,1.415990293025970459e-02,1.808779872953891754e-02,-5.694463849067687988e-02,-2.296841442584991455e-01,1.043494462966918945e+00,-8.407095670700073242e-01,-3.057260215282440186e-01,-5.654985308647155762e-01,-3.204613029956817627e-01,-2.839018106460571289e-01,-2.478717863559722900e-01,-1.116014003753662109e+00,9.791912436485290527e-01,-4.134077727794647217e-01,9.009898304939270020e-01,-1.930969655513763428e-01,2.165173590183258057e-01
-4.410498961806297302e-02,6.523537635803222656e-02,7.234659194946289062e-01,2.786304615437984467e-02,3.245002403855323792e-02,8.117240667343139648e-01,5.824729204177856445e-01,-5.401544570922851562e-01,3.132681548595428467e-01,-3.627549624070525169e-03,7.301982641220092773e-01,-3.370898962020874023e-01,-1.265685856342315674e-01,-1.646970361471176147e-01,-2.676723301410675049e-01,-3.359826505184173584e-01,9.134973883628845215e-01,-5.606139898300170898e-01,1.035464331507682800e-01,4.410498659126460552e-04,4.445723071694374084e-02,-7.226278632879257202e-02,-3.356825113296508789e-01,1.040474891662597656e+00,-7.968971729278564453e-01,-3.315822780132293701e-01,-5.422502756118774414e-01,-3.464995026588439941e-01,-2.432398647069931030e-01,-1.634662598371505737e-01,-1.123006343841552734e+00,9.569983482360839844e-01,-2.996686398983001709e-01,8.198845386505126953e-01,-1.713549941778182983e-01,2.088889479637145996e-01
-5.759621784090995789e-02,5.880678817629814148e-02,7.272779345512390137e-01,4.392407462000846863e-02,2.081397362053394318e-02,8.222293853759765625e-01,5.670769810676574707e-01,-4.293590784072875977e-01,2.560986876487731934e-01,-1.551621942780911922e-03,6.701822280883789062e-01,-3.996253311634063721e-01,-1.255174130201339722e-01,-1.162273138761520386e-01,-2.914426922798156738e-01,-3.320088088512420654e-01,9.163556098937988281e-01,-5.499641895294189453e-01,1.012659370899200439e-01,2.689277008175849915e-02,5.270139500498771667e-02,-4.575651511549949646e-02,-5.494700670242309570e-01,9.715192317962646484e-01,-7.958489656448364258e-01,-3.613534867763519287e-01,-4.802562594413757324e-01,-3.610851764678955078e-01,-1.286319792270660400e-01,4.396601289045065641e-04,-1.043255090713500977e+00,8.216122984886169434e-01,-1.953377574682235718e-02,6.257988214492797852e-01,-1.523746550083160400e-01,2.546648681163787842e-01
-6.357332319021224976e-02,4.255445301532745361e-02,7.283203601837158203e-01,5.373058095574378967e-02,2.075251564383506775e-02,8.260616660118103027e-01,5.606285929679870605e-01,-3.991732597351074219e-01,2.022782564163208008e-01,-9.957987815141677856e-03,6.622380614280700684e-01,-4.341732859611511230e-01,-9.589805454015731812e-02,-1.227405443787574768e-01,-3.250742554664611816e-01,-3.221969604492187500e-01,9.259019494056701660e-01,-5.599793791770935059e-01,1.010321080684661865e-01,6.418143212795257568e-02,4.524759203195571899e-02,-4.180679842829704285e-02,-7.588867545127868652e-01,8.290315270423889160e-01,-7.682300209999084473e-01,-3.599778711795806885e-01,-4.009122550487518311e-01,-3.717328906059265137e-01,1.437476556748151779e-02,3.376228362321853638e-02,-9.152556061744689941e-01,7.798069715499877930e-01,4.156624674797058105e-01,3.846827447414398193e-01,-1.110966056585311890e-01,3.074423968791961670e-01
-7.106714695692062378e-02,4.273323714733123779e-02,7.275060415267944336e-01,5.878220498561859131e-02,2.832166850566864014e-02,8.216848969459533691e-01,5.661947131156921387e-01,-3.925796747207641602e-01,1.649103015661239624e-01,-1.597436890006065369e-02,7.008710503578186035e-01,-4.656976163387298584e-01,-5.558603256940841675e-02,-1.493539214134216309e-01,-3.784506916999816895e-01,-3.309403359889984131e-01,9.674866199493408203e-01,-5.595101118087768555e-01,9.589598327875137329e-02,1.161042228341102600e-01,5.104775354266166687e-02,-3.047924116253852844e-02,-8.723541498184204102e-01,6.163524985313415527e-01,-6.596251726150512695e-01,-3.626208007335662842e-01,-3.391833007335662842e-01,-3.675602972507476807e-01,1.851205676794052124e-01,-1.914633437991142273e-02,-7.745879888534545898e-01,7.164938449859619141e-01,8.891637921333312988e-01,1.438467800617218018e-01,-7.149304449558258057e-02,2.400929927825927734e-01
-7.730390876531600952e-02,4.272934421896934509e-02,7.268623709678649902e-01,6.342352181673049927e-02,3.863218054175376892e-02,8.112803101539611816e-01,5.799217820167541504e-01,-3.859109282493591309e-01,1.279162913560867310e-01,-1.377240009605884552e-02,7.351818680763244629e-01,-4.648767411708831787e-01,-2.983480133116245270e-02,-1.861350238323211670e-01,-4.195949137210845947e-01,-3.086040019989013672e-01,9.895883798599243164e-01,-5.578365921974182129e-01,1.108005419373512268e-01,1.290119290351867676e-01,5.697351694107055664e-02,-1.860522292554378510e-02,-9.085056185722351074e-01,4.593493640422821045e-01,-6.027490496635437012e-01,-3.608328402042388916e-01,-3.093843162059783936e-01,-3.588925302028656006e-01,2.570026814937591553e-01,-1.429236382246017456e-01,-6.921472549438476562e-01,6.740069389343261719e-01,1.094820499420166016e+00,7.280215620994567871e-02,-5.013967677950859070e-02,1.581728309392929077e-01
-8.273641765117645264e-02,4.246624559164047241e-02,7.281526923179626465e-01,6.585679203271865845e-02,5.329107865691184998e-02,7.961120009422302246e-01,5.991899371147155762e-01,-3.659966289997100830e-01,8.961964398622512817e-02,-2.062906743958592415e-03,7.216308712959289551e-01,-4.391118288040161133e-01,-2.225079014897346497e-02,-2.270246595144271851e-01,-4.473488330841064453e-01,-2.660923600196838379e-01,9.766963124275207520e-01,-5.604659318923950195e-01,1.316743493080139160e-01,1.225365549325942993e-01,6.033755838871002197e-02,-1.289494056254625320e-02,-9.047693014144897461e-01,4.119879007339477539e-01,-6.284859776496887207e-01,-3.108001351356506348e-01,-2.669170200824737549e-01,-3.466578722000122070e-01,2.433614134788513184e-01,-2.966448664665222168e-01,-6.288615465164184570e-01,6.858058571815490723e-01,1.114273667335510254e+00,9.173587709665298462e-02,-5.698737129569053650e-02,9.343183785676956177e-02
-8.848790824413299561e-02,4.098972678184509277e-02,7.290989756584167480e-01,6.854483485221862793e-02,5.510794743895530701e-02,7.836409211158752441e-01,6.149566173553466797e-01,-3.503922522068023682e-01,8.063068985939025879e-02,1.092963665723800659e-02,7.334406971931457520e-01,-4.234827458858489990e-01,-3.902785107493400574e-02,-2.610182166099548340e-01,-4.632315337657928467e-01,-2.259728908538818359e-01,9.883531332015991211e-01,-5.280579924583435059e-01,1.667002141475677490e-01,8.371246606111526489e-02,6.782468408346176147e-02,-1.166307553648948669e-02,-8.705336451530456543e-01,4.596666693687438965e-01,-7.730212807655334473e-01,-1.925264596939086914e-01,-1.959379017353057861e-01,-3.340391218662261963e-01,1.836614459753036499e-01,-4.689023792743682861e-01,-5.913495421409606934e-01,7.682745456695556641e-01,9.285232424736022949e-01,1.814256161451339722e-01,-1.051208600401878357e-01,3.212990239262580872e-02
-9.526165574789047241e-02,3.931802138686180115e-02,7.325364947319030762e-01,5.728922784328460693e-02,4.668606072664260864e-02,7.685912251472473145e-01,6.354572176933288574e-01,-3.461555540561676025e-01,1.034909933805465698e-01,1.738948933780193329e-02,7.440425753593444824e-01,-4.036712944507598877e-01,-5.976513773202896118e-02,-2.799104750156402588e-01,-4.495037198066711426e-01,-1.849925667047500610e-01,9.482911229133605957e-01,-4.525396227836608887e-01,2.396271824836730957e-01,5.977788474410772324e-03,8.368569612503051758e-02,-2.256933972239494324e-02,-8.223336338996887207e-01,5.750688910484313965e-01,-9.445503950119018555e-01,-1.854572072625160217e-02,-1.013018935918807983e-01,-3.346367478370666504e-01,1.958573982119560242e-02,-6.533309221267700195e-01,-6.314116120338439941e-01,9.083278775215148926e-01,4.575341343879699707e-01,3.108342289924621582e-01,-1.543546915054321289e-01,4.678851366043090820e-02
-9.990876913070678711e-02,3.633701056241989136e-02,7.356033325195312500e-01,4.748380184173583984e-02,3.114270791411399841e-02,7.483552694320678711e-01,6.608629226684570312e-01,-3.534106612205505371e-01,1.249034702777862549e-01,-9.175522252917289734e-03,7.758364677429199219e-01,-3.911173939704895020e-01,-5.693412572145462036e-02,-3.089292943477630615e-01,-4.125924110412597656e-01,-1.534715890884399414e-01,9.235743880271911621e-01,-3.522376716136932373e-01,2.617999911308288574e-01,-3.059842064976692200e-02,1.209555268287658691e-01,-1.061127055436372757e-02,-8.078024387359619141e-01,6.623092889785766602e-01,-1.072825431823730469e+00,1.179992035031318665e-01,-7.366897165775299072e-02,-2.937848269939422607e-01,-1.600558459758758545e-01,-8.210940361022949219e-01,-6.701808571815490723e-01,9.234320521354675293e-01,1.348958932794630527e-03,4.027395546436309814e-01,-1.643728762865066528e-01,3.570809215307235718e-02
-1.040854156017303467e-01,3.317125141620635986e-02,7.372177243232727051e-01,2.457576803863048553e-02,2.250270918011665344e-02,7.133413553237915039e-01,7.000241279602050781e-01,-3.766012191772460938e-01,1.564373373985290527e-01,-3.638729825615882874e-02,7.993841171264648438e-01,-4.004662334918975830e-01,-4.142189770936965942e-02,-3.927064836025238037e-01,-3.821198642253875732e-01,-1.473976522684097290e-01,9.095748662948608398e-01,-2.508203983306884766e-01,2.617999911308288574e-01,-6.584485527127981186e-03,1.525387465953826904e-01,4.602957982569932938e-03,-8.098098039627075195e-01,7.655364274978637695e-01,-1.134754061698913574e+00,1.620573103427886963e-01,-6.239393725991249084e-02,-2.975343167781829834e-01,-2.634823322296142578e-01,-9.154802560806274414e-01,-5.577005743980407715e-01,7.685127854347229004e-01,-3.021963834762573242e-01,4.540811479091644287e-01,-2.251668125391006470e-01,-1.123622804880142212e-01
-1.112129315733909607e-01,3.111692331731319427e-02,7.339601516723632812e-01,8.663950487971305847e-03,2.305257320404052734e-02,6.745473742485046387e-01,7.378206849098205566e-01,-3.820827901363372803e-01,1.676865965127944946e-01,-6.528638303279876709e-02,8.332512378692626953e-01,-4.291642904281616211e-01,-4.669028148055076599e-02,-4.729556143283843994e-01,-3.988443911075592041e-01,-1.644156128168106079e-01,9.414955377578735352e-01,-2.057264447212219238e-01,2.617999911308288574e-01,6.587600708007812500e-02,1.512374877929687500e-01,4.957902245223522186e-03,-8.802438378334045410e-01,8.285841345787048340e-01,-1.114664673805236816e+00,6.749187409877777100e-02,-7.390671223402023315e-02,-3.320934772491455078e-01,-2.142659425735473633e-01,-9.136205911636352539e-01,-4.205902814865112305e-01,6.745547056198120117e-01,-3.760147392749786377e-01,4.318696856498718262e-01,-2.674839496612548828e-01,-2.838463187217712402e-01
-1.220500767230987549e-01,2.990940771996974945e-02,7.217817902565002441e-01,3.522119252011179924e-03,2.816196531057357788e-02,6.387161016464233398e-01,7.689188718795776367e-01,-3.810715079307556152e-01,1.752296090126037598e-01,-5.112064257264137268e-02,9.101019501686096191e-01,-5.073879957199096680e-01,-4.106850549578666687e-02,-5.536508560180664062e-01,-4.532299041748046875e-01,-1.781566441059112549e-01,1.032655000686645508e+00,-2.153232693672180176e-01,2.617999911308288574e-01,1.464988738298416138e-01,1.296302378177642822e-01,1.500359177589416504e-02,-9.118015766143798828e-01,8.367909193038940430e-01,-9.747712016105651855e-01,-3.501931577920913696e-02,-1.222661361098289490e-01,-3.779180943965911865e-01,-4.475269839167594910e-02,-8.804295659065246582e-01,-3.305097520351409912e-01,6.435261964797973633e-01,-3.344261050224304199e-01,3.818895518779754639e-01,-2.670645713806152344e-01,-3.896939456462860107e-01
-1.335342526435852051e-01,3.046482987701892853e-02,7.025098204612731934e-01,5.966205149888992310e-03,3.587199002504348755e-02,6.130346059799194336e-01,7.892187237739562988e-01,-3.743062019348144531e-01,1.670357584953308105e-01,-1.635574363172054291e-02,9.764385223388671875e-01,-5.889529585838317871e-01,-3.188652172684669495e-02,-6.687380075454711914e-01,-5.364733934402465820e-01,-1.474326997995376587e-01,1.189055085182189941e+00,-2.765998542308807373e-01,2.617999911308288574e-01,2.147565335035324097e-01,8.022866398096084595e-02,2.633116953074932098e-02,-9.119052290916442871e-01,7.606701254844665527e-01,-6.651996374130249023e-01,-1.183781251311302185e-01,-9.659960865974426270e-02,-4.176507592201232910e-01,2.975951135158538818e-01,-8.553579449653625488e-01,-2.458320707082748413e-01,6.832616925239562988e-01,-2.327528893947601318e-01,3.526610434055328369e-01,-2.469953149557113647e-01,-3.709406852722167969e-01
-1.471443325281143188e-01,3.473575785756111145e-02,6.784991025924682617e-01,4.409601166844367981e-02,4.893821105360984802e-02,6.093475222587585449e-01,7.901621460914611816e-01,-3.486605584621429443e-01,9.246654808521270752e-02,2.640288323163986206e-02,1.022673845291137695e+00,-6.849886178970336914e-01,-2.486590854823589325e-02,-7.308595776557922363e-01,-6.809239387512207031e-01,-1.105347275733947754e-01,1.293600201606750488e+00,-4.102974236011505127e-01,2.617999911308288574e-01,2.536156773567199707e-01,1.530834939330816269e-02,4.672833904623985291e-02,-9.253601431846618652e-01,5.651004910469055176e-01,-3.684778809547424316e-01,-2.535585761070251465e-01,5.127891153097152710e-02,-4.116180539131164551e-01,6.196531057357788086e-01,-8.080638051033020020e-01,-2.004051804542541504e-01,8.183403015136718750e-01,3.233772888779640198e-02,2.737277448177337646e-01,-1.968878656625747681e-01,-2.969689965248107910e-01
-1.580402255058288574e-01,3.904863446950912476e-02,6.544811725616455078e-01,6.340052932500839233e-02,4.782680049538612366e-02,6.070729494094848633e-01,7.906677126884460449e-01,-3.475341498851776123e-01,7.859635353088378906e-02,6.270838528871536255e-02,1.104076147079467773e+00,-8.045616745948791504e-01,-2.691323123872280121e-02,-7.821600437164306641e-01,-7.654253244400024414e-01,-8.028099685907363892e-02,1.368616700172424316e+00,-5.000693798065185547e-01,2.600935697555541992e-01,2.763636112213134766e-01,-2.911520004272460938e-02,6.751655787229537964e-02,-9.876879453659057617e-01,4.126913249492645264e-01,-1.863933205604553223e-01,-3.435245752334594727e-01,1.614822000265121460e-01,-3.814605176448822021e-01,8.454086780548095703e-01,-8.089714646339416504e-01,-1.498667001724243164e-01,9.328068494796752930e-01,1.237696930766105652e-01,7.364294677972793579e-02,-1.718015074729919434e-01,-2.951148748397827148e-01
-1.663834154605865479e-01,4.210235178470611572e-02,6.348123550415039062e-01,8.346838504076004028e-02,4.557488113641738892e-02,6.100988984107971191e-01,7.865973114967346191e-01,-3.603313863277435303e-01,6.467118114233016968e-02,9.249032288789749146e-02,1.170924186706542969e+00,-8.726695775985717773e-01,-1.265046652406454086e-02,-8.295832872390747070e-01,-8.480578660964965820e-01,-4.279689490795135498e-02,1.428595423698425293e+00,-5.606365203857421875e-01,2.440502941608428955e-01,2.817537188529968262e-01,-6.112157180905342102e-02,9.321515262126922607e-02,-1.008888363838195801e+00,3.256165385246276855e-01,-1.031440496444702148e-01,-3.898908793926239014e-01,2.234451919794082642e-01,-3.437474668025970459e-01,9.496461153030395508e-01,-8.004460334777832031e-01,-1.105382144451141357e-01,1.002391576766967773e+00,1.773786693811416626e-01,-4.114040732383728027e-02,-1.503189653158187866e-01,-3.137155473232269287e-01
-1.663714498281478882e-01,3.246317803859710693e-02,6.222020387649536133e-01,1.026782914996147156e-01,5.205494537949562073e-02,6.198026537895202637e-01,7.762680649757385254e-01,-3.953593671321868896e-01,2.795856818556785583e-02,9.933132678270339966e-02,1.210841655731201172e+00,-8.726699948310852051e-01,-3.822432132437825203e-03,-8.717066049575805664e-01,-9.071723818778991699e-01,6.671680603176355362e-03,1.449301600456237793e+00,-6.335815787315368652e-01,2.334060966968536377e-01,2.732935547828674316e-01,-9.760323166847229004e-02,1.114117875695228577e-01,-1.012264847755432129e+00,2.700923085212707520e-01,-5.982507392764091492e-02,-4.374247491359710693e-01,2.634398341178894043e-01,-3.188123404979705811e-01,9.907255172729492188e-01,-7.770976424217224121e-01,-7.795368134975433350e-02,1.037248134613037109e+00,1.990306675434112549e-01,-9.646406024694442749e-02,-1.370803862810134888e-01,-3.366222977638244629e-01
-1.718892306089401245e-01,2.964095212519168854e-02,6.142269968986511230e-01,1.110495105385780334e-01,5.194624513387680054e-02,6.273232102394104004e-01,7.690482139587402344e-01,-4.207001030445098877e-01,3.713454585522413254e-03,1.003186255693435669e-01,1.253829956054687500e+00,-8.726699948310852051e-01,4.791771061718463898e-03,-8.952841162681579590e-01,-9.399788379669189453e-01,4.440853372216224670e-02,1.462775707244873047e+00,-6.594952344894409180e-01,2.261270135641098022e-01,2.560488879680633545e-01,-1.227278411388397217e-01,1.163172051310539246e-01,-9.919611811637878418e-01,2.223149687051773071e-01,-3.228387609124183655e-02,-4.600006937980651855e-01,2.687077522277832031e-01,-3.074275255203247070e-01,1.014095783233642578e+00,-7.700216770172119141e-01,-5.558690428733825684e-02,1.052170038223266602e+00,2.091100811958312988e-01,-1.205105632543563843e-01,-1.267918348312377930e-01,-3.510867655277252197e-01
-1.783080548048019409e-01,2.899970114231109619e-02,6.101604700088500977e-01,1.118049845099449158e-01,4.764432460069656372e-02,6.297885775566101074e-01,7.672001123428344727e-01,-4.381954371929168701e-01,-2.847664291039109230e-03,9.739541262388229370e-02,1.291331887245178223e+00,-8.726699948310852051e-01,1.109072938561439514e-02,-9.043349623680114746e-01,-9.509071111679077148e-01,5.918458104133605957e-02,1.473115682601928711e+00,-6.541874408721923828e-01,2.216036915779113770e-01,2.497294694185256958e-01,-1.389668583869934082e-01,1.153700947761535645e-01,-9.883160591125488281e-01,1.879180669784545898e-01,-1.725694164633750916e-02,-4.812327623367309570e-01,2.630212903022766113e-01,-2.999918162822723389e-01,1.026229262351989746e+00,-7.791119217872619629e-01,-3.911096602678298950e-02,1.071182250976562500e+00,2.166790962219238281e-01,-1.387288719415664673e-01,-1.208857744932174683e-01,-3.525179028511047363e-01
-1.748771816492080688e-01,3.074965067207813263e-02,6.100696921348571777e-01,1.165252104401588440e-01,5.120943114161491394e-02,6.262224316596984863e-01,7.691845893859863281e-01,-4.257915019989013672e-01,-9.257187135517597198e-03,1.023449674248695374e-01,1.274357914924621582e+00,-8.726699948310852051e-01,1.376917026937007904e-02,-9.064115881919860840e-01,-9.576705694198608398e-01,6.335838139057159424e-02,1.464335918426513672e+00,-6.800158619880676270e-01,2.065141350030899048e-01,2.562552094459533691e-01,-1.653967201709747314e-01,1.046634167432785034e-01,-9.862053394317626953e-01,1.738216429948806763e-01,-2.452570199966430664e-02,-4.891987144947052002e-01,2.500486075878143311e-01,-2.982359230518341064e-01,1.026550769805908203e+00,-7.889639735221862793e-01,-3.355106711387634277e-02,1.093561291694641113e+00,2.205449193716049194e-01,-1.466597169637680054e-01,-1.162012219429016113e-01,-3.358560502529144287e-01
-1.737750768661499023e-01,3.042896836996078491e-02,6.118600368499755859e-01,1.201092526316642761e-01,4.560452699661254883e-02,6.164141297340393066e-01,7.768704295158386230e-01,-3.969762623310089111e-01,1.432732795365154743e-03,1.101106554269790649e-01,1.257631778717041016e+00,-8.726699948310852051e-01,2.210247330367565155e-02,-8.903861641883850098e-01,-9.414235949516296387e-01,5.684013664722442627e-02,1.455500960350036621e+00,-6.818336248397827148e-01,2.033821195363998413e-01,2.574912607669830322e-01,-1.816923320293426514e-01,9.886304289102554321e-02,-1.002254247665405273e+00,1.804711520671844482e-01,-3.735629841685295105e-02,-4.793427586555480957e-01,2.359888404607772827e-01,-2.952553629875183105e-01,1.023591756820678711e+00,-8.106940984725952148e-01,-3.378847613930702209e-02,1.096798419952392578e+00,2.173923254013061523e-01,-1.434967815876007080e-01,-1.143406555056571960e-01,-3.071827292442321777e-01
-1.713222712278366089e-01,2.832008153200149536e-02,6.149218082427978516e-01,1.238493993878364563e-01,3.743743896484375000e-02,6.063856482505798340e-01,7.845739126205444336e-01,-3.624331951141357422e-01,1.095466781407594681e-02,1.081480756402015686e-01,1.236103653907775879e+00,-8.726699948310852051e-01,3.127473592758178711e-02,-8.675759434700012207e-01,-9.201083779335021973e-01,4.497566074132919312e-02,1.450026869773864746e+00,-6.687625646591186523e-01,2.116996198892593384e-01,2.489610612392425537e-01,-1.959102004766464233e-01,8.705582469701766968e-02,-1.036262750625610352e+00,1.909326314926147461e-01,-6.172477453947067261e-02,-4.391807615756988525e-01,2.200391739606857300e-01,-2.851903438568115234e-01,1.013195872306823730e+00,-8.305426836013793945e-01,-4.272188991308212280e-02,1.082547068595886230e+00,2.182186394929885864e-01,-1.308080852031707764e-01,-1.116287186741828918e-01,-2.762114703655242920e-01
-1.716161668300628662e-01,3.098970092833042145e-02,6.205871105194091797e-01,1.222241967916488647e-01,2.794872596859931946e-02,5.926039814949035645e-01,7.956761717796325684e-01,-3.185563385486602783e-01,2.912213653326034546e-02,1.121269911527633667e-01,1.204358458518981934e+00,-8.726699948310852051e-01,2.774033509194850922e-02,-8.315343260765075684e-01,-8.803654313087463379e-01,3.437864035367965698e-02,1.431051373481750488e+00,-6.417260766029357910e-01,2.299428135156631470e-01,2.124959975481033325e-01,-2.120611667633056641e-01,7.953605055809020996e-02,-1.083763122558593750e+00,2.046263068914413452e-01,-1.061740145087242126e-01,-3.711534142494201660e-01,1.876490712165832520e-01,-2.699914872646331787e-01,9.878394007682800293e-01,-8.507018089294433594e-01,-4.429360106587409973e-02,1.050018072128295898e+00,2.130329310894012451e-01,-7.067152857780456543e-02,-1.082095578312873840e-01,-2.568975985050201416e-01
-1.747247129678726196e-01,2.835264243185520172e-02,6.292228698730468750e-01,1.135122478008270264e-01,9.189705364406108856e-03,5.752874612808227539e-01,8.099845051765441895e-01,-2.723274528980255127e-01,6.310828030109405518e-02,1.004942208528518677e-01,1.160393714904785156e+00,-8.726699948310852051e-01,3.997921943664550781e-02,-7.785781025886535645e-01,-8.016735315322875977e-01,1.664751023054122925e-02,1.398523569107055664e+00,-5.822290182113647461e-01,2.617999911308288574e-01,1.496051251888275146e-01,-2.031212002038955688e-01,6.287948042154312134e-02,-1.140864253044128418e+00,2.287777513265609741e-01,-1.732453107833862305e-01,-2.546361982822418213e-01,1.491845250129699707e-01,-2.601605653762817383e-01,9.495171308517456055e-01,-8.543552756309509277e-01,-6.374254077672958374e-02,9.853565096855163574e-01,1.825320124626159668e-01,3.272415697574615479e-02,-1.245702132582664490e-01,-2.364221960306167603e-01
-1.680558025836944580e-01,2.706501632928848267e-02,6.396252512931823730e-01,8.916639536619186401e-02,-1.541806757450103760e-02,5.467722415924072266e-01,8.323771953582763672e-01,-2.247439771890640259e-01,1.428822726011276245e-01,8.035118132829666138e-02,1.122078657150268555e+00,-8.726699948310852051e-01,7.972303032875061035e-02,-7.320818901062011719e-01,-6.566616296768188477e-01,-1.950407866388559341e-03,1.361432313919067383e+00,-4.904153347015380859e-01,2.617999911308288574e-01,7.336032390594482422e-02,-1.646942049264907837e-01,3.588423132896423340e-02,-1.124883294105529785e+00,2.367242425680160522e-01,-2.636804878711700439e-01,-1.399684101343154907e-01,8.631682395935058594e-02,-2.823051810264587402e-01,9.296770691871643066e-01,-8.548184633255004883e-01,-9.874206036329269409e-02,9.132415652275085449e-01,1.255423426628112793e-01,1.319483220577239990e-01,-1.566558033227920532e-01,-2.837997376918792725e-01
-1.612870991230010986e-01,3.077800571918487549e-02,6.471310257911682129e-01,5.014420300722122192e-02,-5.932710692286491394e-02,5.225349664688110352e-01,8.490718603134155273e-01,-1.862483769655227661e-01,2.547656893730163574e-01,2.489332668483257294e-02,1.120171785354614258e+00,-8.726699948310852051e-01,9.950085729360580444e-02,-6.494314670562744141e-01,-4.696451425552368164e-01,-1.660752668976783752e-02,1.320534467697143555e+00,-3.940165042877197266e-01,2.617999911308288574e-01,-2.419887110590934753e-02,-7.059039175510406494e-02,2.132572047412395477e-02,-1.124543190002441406e+00,2.943572700023651123e-01,-4.632980525493621826e-01,1.157435625791549683e-01,-1.007097586989402771e-02,-2.987250089645385742e-01,8.135590553283691406e-01,-8.464267849922180176e-01,-1.690907478332519531e-01,8.386462926864624023e-01,7.764743268489837646e-02,2.807727158069610596e-01,-2.025438249111175537e-01,-3.690578639507293701e-01
-1.547911465167999268e-01,3.454894199967384338e-02,6.554303169250488281e-01,1.127078430727124214e-03,-8.804741501808166504e-02,5.021759867668151855e-01,8.602706789970397949e-01,-1.630220115184783936e-01,3.751682937145233154e-01,1.785997417755424976e-03,1.093124151229858398e+00,-8.726699948310852051e-01,8.013224601745605469e-02,-5.858277678489685059e-01,-2.731449902057647705e-01,-9.072579443454742432e-03,1.234138369560241699e+00,-3.775224685668945312e-01,2.617999911308288574e-01,-1.399730592966079712e-01,1.007054350338876247e-03,1.837537996470928192e-02,-1.262734889984130859e+00,2.879284322261810303e-01,-6.036778688430786133e-01,1.973159462213516235e-01,8.103676140308380127e-02,-2.794141173362731934e-01,7.605294585227966309e-01,-7.729014158248901367e-01,-2.148673683404922485e-01,7.313362360000610352e-01,-4.352181777358055115e-02,3.416053652763366699e-01,-2.438614517450332642e-01,-4.921186268329620361e-01
-1.496787518262863159e-01,4.256807640194892883e-02,6.584244966506958008e-01,-5.382771417498588562e-02,-1.253742873668670654e-01,4.867767691612243652e-01,8.628048896789550781e-01,-1.750228255987167358e-01,5.494049191474914551e-01,-4.161840304732322693e-02,1.133448004722595215e+00,-8.726699948310852051e-01,4.452079907059669495e-02,-5.180245637893676758e-01,-5.787353590130805969e-02,1.936386339366436005e-02,1.138313651084899902e+00,-3.568054139614105225e-01,2.617999911308288574e-01,-2.362933456897735596e-01,9.615726768970489502e-02,3.976268693804740906e-02,-1.484900832176208496e+00,2.304491400718688965e-01,-8.560385704040527344e-01,4.740574061870574951e-01,8.363156020641326904e-02,-2.265325039625167847e-01,5.267542600631713867e-01,-6.861103773117065430e-01,-2.666831910610198975e-01,5.699956417083740234e-01,-2.262607365846633911e-01,3.979130089282989502e-01,-2.880674302577972412e-01,-6.195635795593261719e-01
-1.469822376966476440e-01,4.855390265583992004e-02,6.600576639175415039e-01,-8.186709135770797729e-02,-1.454001069068908691e-01,4.761419594287872314e-01,8.633918166160583496e-01,-1.856181323528289795e-01,6.444160342216491699e-01,-7.736998051404953003e-02,1.147168993949890137e+00,-8.522807359695434570e-01,2.380427904427051544e-02,-4.835141301155090332e-01,3.002143464982509613e-02,-2.924743341282010078e-03,1.080778121948242188e+00,-3.324221670627593994e-01,2.529219388961791992e-01,-3.154060542583465576e-01,1.606171280145645142e-01,5.603291466832160950e-02,-1.587675690650939941e+00,1.064163893461227417e-01,-1.042960524559020996e+00,6.875903010368347168e-01,1.006823256611824036e-01,-1.753477007150650024e-01,3.455266356468200684e-01,-5.878740549087524414e-01,-3.201000392436981201e-01,4.546291530132293701e-01,-3.597033619880676270e-01,3.978181779384613037e-01,-3.068694472312927246e-01,-7.103759646415710449e-01
-1.501859724521636963e-01,4.039723426103591919e-02,6.605457067489624023e-01,-9.901428222656250000e-02,-1.665772199630737305e-01,4.728171825408935547e-01,8.595883250236511230e-01,-2.014491707086563110e-01,7.115522623062133789e-01,-1.105502843856811523e-01,1.154952168464660645e+00,-8.398965001106262207e-01,1.691502705216407776e-02,-4.563576877117156982e-01,9.698060154914855957e-02,-2.421992644667625427e-02,1.029548764228820801e+00,-2.902895212173461914e-01,2.617999911308288574e-01,-3.643876910209655762e-01,2.128887772560119629e-01,6.489647179841995239e-02,-1.595699906349182129e+00,3.368353703990578651e-03,-1.162191629409790039e+00,8.641815185546875000e-01,1.024971976876258850e-01,-1.576233804225921631e-01,2.270790189504623413e-01,-5.253915190696716309e-01,-3.590419888496398926e-01,3.852265775203704834e-01,-4.666115641593933105e-01,3.544645905494689941e-01,-2.920435369014739990e-01,-7.455632686614990234e-01
-1.505584269762039185e-01,4.322605952620506287e-02,6.601956486701965332e-01,-1.005770787596702576e-01,-1.695731729269027710e-01,4.767798781394958496e-01,8.566271662712097168e-01,-2.065679877996444702e-01,7.201867699623107910e-01,-1.152259483933448792e-01,1.165058016777038574e+00,-8.410596847534179688e-01,9.374424815177917480e-03,-4.365171194076538086e-01,1.012219041585922241e-01,-1.918261684477329254e-02,1.012083292007446289e+00,-3.124158084392547607e-01,2.617999911308288574e-01,-3.783208429813385010e-01,2.243626117706298828e-01,6.602516770362854004e-02,-1.594892024993896484e+00,-2.358238585293292999e-02,-1.208598852157592773e+00,9.000223875045776367e-01,1.377443373203277588e-01,-1.599163711071014404e-01,1.784495860338211060e-01,-5.003632307052612305e-01,-3.671268820762634277e-01,3.453846275806427002e-01,-5.331612229347229004e-01,3.220138549804687500e-01,-2.884786725044250488e-01,-7.502003312110900879e-01
-1.534049957990646362e-01,4.484223946928977966e-02,6.605359911918640137e-01,-9.022104740142822266e-02,-1.644545197486877441e-01,4.936026632785797119e-01,8.492180705070495605e-01,-2.102691829204559326e-01,6.861563324928283691e-01,-1.080261841416358948e-01,1.161241650581359863e+00,-8.598697781562805176e-01,1.070563495159149170e-02,-4.158337712287902832e-01,6.226286664605140686e-02,-1.680014422163367271e-03,1.003514289855957031e+00,-3.566520214080810547e-01,2.509374022483825684e-01,-3.468771874904632568e-01,2.142728716135025024e-01,6.650731712579727173e-02,-1.598486065864562988e+00,-1.045799814164638519e-02,-1.196444749832153320e+00,8.633714914321899414e-01,1.690586805343627930e-01,-1.746309697628021240e-01,1.852513253688812256e-01,-5.029717683792114258e-01,-3.594772815704345703e-01,3.365355134010314941e-01,-5.588080883026123047e-01,2.829144895076751709e-01,-2.801856994628906250e-01,-7.512215375900268555e-01
-1.576572805643081665e-01,5.128302797675132751e-02,6.615224480628967285e-01,-7.015522569417953491e-02,-1.510377973318099976e-01,5.167783498764038086e-01,8.397654294967651367e-01,-2.089865803718566895e-01,6.071862578392028809e-01,-9.594171494245529175e-02,1.158897638320922852e+00,-8.726699948310852051e-01,2.445776015520095825e-02,-3.986557424068450928e-01,-9.276540367864072323e-04,4.450396075844764709e-02,1.011933565139770508e+00,-3.984477519989013672e-01,2.391068786382675171e-01,-2.948602139949798584e-01,1.736595928668975830e-01,5.335546284914016724e-02,-1.621759533882141113e+00,3.764616698026657104e-02,-1.154757976531982422e+00,7.855304479598999023e-01,2.257887870073318481e-01,-1.845716834068298340e-01,2.283812612295150757e-01,-5.399951338768005371e-01,-3.244094252586364746e-01,3.484266102313995361e-01,-5.664001107215881348e-01,2.456491738557815552e-01,-2.751015722751617432e-01,-7.605669498443603516e-01
-1.625978797674179077e-01,5.336106568574905396e-02,6.624080538749694824e-01,-3.587006777524948120e-02,-1.354739367961883545e-01,5.440337061882019043e-01,8.272771239280700684e-01,-1.949844211339950562e-01,4.881125688552856445e-01,-8.742891997098922729e-02,1.147058844566345215e+00,-8.726699948310852051e-01,3.978195041418075562e-02,-3.790074586868286133e-01,-8.840260654687881470e-02,1.102078109979629517e-01,1.035016536712646484e+00,-4.396630823612213135e-01,2.353009879589080811e-01,-2.147971838712692261e-01,1.106621772050857544e-01,4.004145413637161255e-02,-1.625059366226196289e+00,1.279620379209518433e-01,-1.071462273597717285e+00,6.689019799232482910e-01,3.013795614242553711e-01,-1.966092288494110107e-01,3.172062337398529053e-01,-6.042949557304382324e-01,-2.664149403572082520e-01,3.924201428890228271e-01,-5.282825827598571777e-01,2.262689918279647827e-01,-2.779074609279632568e-01,-7.530937790870666504e-01
-1.564857810735702515e-01,5.741837993264198303e-02,6.612219810485839844e-01,1.954541169106960297e-02,-1.037004888057708740e-01,5.772696733474731445e-01,8.097060322761535645e-01,-1.667568981647491455e-01,3.099658191204071045e-01,-8.267074078321456909e-02,1.127029895782470703e+00,-8.582594990730285645e-01,5.513856559991836548e-02,-3.683641850948333740e-01,-2.442856729030609131e-01,1.678354293107986450e-01,1.092853307723999023e+00,-5.275377035140991211e-01,2.353038042783737183e-01,-1.108848154544830322e-01,3.122372366487979889e-02,3.312256559729576111e-02,-1.507157087326049805e+00,2.523470818996429443e-01,-9.039179086685180664e-01,5.363295078277587891e-01,3.100052773952484131e-01,-2.239727824926376343e-01,4.861305654048919678e-01,-6.690791249275207520e-01,-1.830871403217315674e-01,4.564081430435180664e-01,-4.469027221202850342e-01,2.284648418426513672e-01,-3.077822327613830566e-01,-7.549095749855041504e-01
-1.386591494083404541e-01,7.235250622034072876e-02,6.579879522323608398e-01,7.562484592199325562e-02,-5.478882044553756714e-02,6.091639399528503418e-01,7.875267267227172852e-01,-1.507433354854583740e-01,1.245599761605262756e-01,-8.422952890396118164e-02,1.103838920593261719e+00,-8.083556294441223145e-01,5.065684765577316284e-02,-3.693939149379730225e-01,-4.135385751724243164e-01,2.324612736701965332e-01,1.147645950317382812e+00,-6.523999571800231934e-01,2.109507322311401367e-01,-2.412990294396877289e-02,-5.601390823721885681e-02,2.862305194139480591e-02,-1.315440297126770020e+00,2.781167626380920410e-01,-6.344034075736999512e-01,4.360806345939636230e-01,1.931715011596679688e-01,-2.298929095268249512e-01,6.747988462448120117e-01,-7.536464929580688477e-01,-8.843795210123062134e-02,5.441247820854187012e-01,-3.367287814617156982e-01,1.662054806947708130e-01,-2.892611026763916016e-01,-7.153331041336059570e-01
-1.356007307767868042e-01,7.802096754312515259e-02,6.524699926376342773e-01,1.230297312140464783e-01,-2.294912561774253845e-02,6.364698410034179688e-01,7.610802650451660156e-01,-1.388345509767532349e-01,-3.110649622976779938e-02,-9.529633820056915283e-02,1.077694892883300781e+00,-7.855864167213439941e-01,3.418453410267829895e-02,-3.847317397594451904e-01,-5.600938200950622559e-01,2.768638432025909424e-01,1.193827748298645020e+00,-6.791993975639343262e-01,1.938101500272750854e-01,3.742295876145362854e-02,-1.256400346755981445e-01,4.858307912945747375e-02,-1.116723418235778809e+00,2.821743786334991455e-01,-4.574238061904907227e-01,2.871521711349487305e-01,1.382234543561935425e-01,-2.337772399187088013e-01,8.210344910621643066e-01,-7.635322809219360352e-01,-4.717605933547019958e-02,5.919141769409179688e-01,-2.787331044673919678e-01,1.863873004913330078e-01,-2.752816975116729736e-01,-6.961076855659484863e-01
-1.354345083236694336e-01,7.872053235769271851e-02,6.475343704223632812e-01,1.423766314983367920e-01,-7.783523295074701309e-03,6.531730294227600098e-01,7.436621189117431641e-01,-1.514563113451004028e-01,-1.058927923440933228e-01,-1.098113432526588440e-01,1.086779952049255371e+00,-7.817686200141906738e-01,3.759542480111122131e-02,-4.019049406051635742e-01,-6.031926274299621582e-01,3.286119997501373291e-01,1.232900500297546387e+00,-6.733248829841613770e-01,1.801470965147018433e-01,8.282976597547531128e-02,-1.353499591350555420e-01,5.500970780849456787e-02,-1.129809260368347168e+00,2.971180677413940430e-01,-4.178594648838043213e-01,3.507028520107269287e-01,7.671079039573669434e-02,-2.064445763826370239e-01,8.720498085021972656e-01,-7.846212387084960938e-01,-2.826645411550998688e-02,6.692933440208435059e-01,-2.075729668140411377e-01,2.461496293544769287e-01,-2.654737234115600586e-01,-6.789182424545288086e-01
-1.326269209384918213e-01,8.144926279783248901e-02,6.444055438041687012e-01,1.502134054899215698e-01,1.892187865450978279e-03,6.665776968002319336e-01,7.301414608955383301e-01,-1.505299061536788940e-01,-1.447077691555023193e-01,-1.317864209413528442e-01,1.072211265563964844e+00,-8.035027980804443359e-01,5.270152166485786438e-02,-4.145728349685668945e-01,-6.284849643707275391e-01,3.385512530803680420e-01,1.253435969352722168e+00,-6.735575795173645020e-01,1.702455133199691772e-01,9.462352842092514038e-02,-1.336489766836166382e-01,5.919148400425910950e-02,-1.150456190109252930e+00,3.022958636283874512e-01,-4.119821190834045410e-01,4.651573598384857178e-01,-1.390125416219234467e-02,-2.053073197603225708e-01,8.641873002052307129e-01,-8.039067983627319336e-01,-2.852166630327701569e-02,7.097517848014831543e-01,-1.570391356945037842e-01,3.205909132957458496e-01,-2.816336452960968018e-01,-6.571357250213623047e-01
-1.181757077574729919e-01,7.778514921665191650e-02,6.432999968528747559e-01,1.557089835405349731e-01,4.772439133375883102e-03,6.814767718315124512e-01,7.150673866271972656e-01,-1.497289389371871948e-01,-1.522490680217742920e-01,-1.719417273998260498e-01,1.058144330978393555e+00,-8.023760914802551270e-01,7.511909306049346924e-02,-4.214344620704650879e-01,-6.099456548690795898e-01,3.331663012504577637e-01,1.285347461700439453e+00,-6.817553043365478516e-01,1.508924514055252075e-01,9.565421193838119507e-02,-1.120417118072509766e-01,6.706442683935165405e-02,-1.178862333297729492e+00,3.473304510116577148e-01,-4.641579985618591309e-01,5.788828730583190918e-01,-8.525168150663375854e-02,-1.950907260179519653e-01,8.115466237068176270e-01,-7.999502420425415039e-01,-4.280797019600868225e-02,7.302308082580566406e-01,-1.409427970647811890e-01,4.022417962551116943e-01,-2.965522110462188721e-01,-6.426490545272827148e-01
-1.082624569535255432e-01,8.270404487848281860e-02,6.446090340614318848e-01,1.517710536718368530e-01,7.198414299637079239e-03,6.897859573364257812e-01,7.078905701637268066e-01,-1.349764019250869751e-01,-1.421665847301483154e-01,-2.014482915401458740e-01,1.028128623962402344e+00,-8.145123720169067383e-01,8.518429845571517944e-02,-4.171712696552276611e-01,-5.622667074203491211e-01,3.364645242691040039e-01,1.281081557273864746e+00,-7.147095203399658203e-01,1.648840904235839844e-01,8.869580179452896118e-02,-1.072178781032562256e-01,6.995395570993423462e-02,-1.186686635017395020e+00,3.171711564064025879e-01,-4.088082313537597656e-01,6.242430806159973145e-01,-1.771147847175598145e-01,-2.197699099779129028e-01,8.503856062889099121e-01,-8.066567182540893555e-01,-4.468822106719017029e-02,7.437350153923034668e-01,-1.250100284814834595e-01,4.247643053531646729e-01,-2.833424508571624756e-01,-6.029248237609863281e-01
-8.687435090541839600e-02,8.218699693679809570e-02,6.485789418220520020e-01,1.468206793069839478e-01,1.190182659775018692e-02,7.020744085311889648e-01,6.967019438743591309e-01,-1.207178160548210144e-01,-1.110317632555961609e-01,-2.244962155818939209e-01,9.823606610298156738e-01,-7.996272444725036621e-01,8.879186213016510010e-02,-3.967188298702239990e-01,-4.930628240108489990e-01,3.441197276115417480e-01,1.256443858146667480e+00,-7.769239544868469238e-01,1.937266886234283447e-01,8.521068096160888672e-02,-1.169884130358695984e-01,6.851611286401748657e-02,-1.202136635780334473e+00,2.894731760025024414e-01,-3.490015864372253418e-01,6.181811094284057617e-01,-2.212466001510620117e-01,-2.607461512088775635e-01,9.312782883644104004e-01,-8.114426136016845703e-01,-5.786411464214324951e-02,7.383831739425659180e-01,-1.104356721043586731e-01,3.810485303401947021e-01,-2.806778252124786377e-01,-5.747054219245910645e-01
-7.553630322217941284e-02,8.230471611022949219e-02,6.578677296638488770e-01,1.317951232194900513e-01,7.754825986921787262e-03,7.055687904357910156e-01,6.962345838546752930e-01,-6.414505839347839355e-02,-5.480192974209785461e-02,-2.219684869050979614e-01,8.721011877059936523e-01,-7.553624510765075684e-01,7.826714962720870972e-02,-3.730342090129852295e-01,-4.720120429992675781e-01,2.714651823043823242e-01,1.213872909545898438e+00,-7.567213177680969238e-01,1.944705992937088013e-01,7.619570940732955933e-02,-1.258722692728042603e-01,6.504864245653152466e-02,-1.239107489585876465e+00,2.777515947818756104e-01,-3.234057724475860596e-01,6.257818937301635742e-01,-2.752341926097869873e-01,-2.935522496700286865e-01,9.687063694000244141e-01,-8.576388955116271973e-01,-5.567328259348869324e-02,7.373381853103637695e-01,-8.342110365629196167e-02,3.634366691112518311e-01,-2.868609130382537842e-01,-5.628906488418579102e-01
-5.958751589059829712e-02,8.184031397104263306e-02,6.708875894546508789e-01,1.076307818293571472e-01,6.574700586497783661e-03,7.064067125320434570e-01,6.995440721511840820e-01,-5.567089468240737915e-02,3.455288708209991455e-02,-2.132985442876815796e-01,7.809864878654479980e-01,-6.193587183952331543e-01,3.632842004299163818e-02,-3.457944095134735107e-01,-4.175456464290618896e-01,1.947135776281356812e-01,1.160217285156250000e+00,-7.256973385810852051e-01,1.774151027202606201e-01,7.371765375137329102e-02,-1.193099841475486755e-01,3.662504255771636963e-02,-1.379264473915100098e+00,3.543327450752258301e-01,-3.838113844394683838e-01,6.516672968864440918e-01,-3.093177974224090576e-01,-2.994160950183868408e-01,9.416097998619079590e-01,-9.114252328872680664e-01,-6.608892232179641724e-02,7.287649512290954590e-01,-8.015011996030807495e-02,4.001744389533996582e-01,-3.095476925373077393e-01,-5.472152233123779297e-01
-4.364334419369697571e-02,7.893717288970947266e-02,6.821211576461791992e-01,7.801660150289535522e-02,-8.434827439486980438e-03,7.091865539550781250e-01,7.006402015686035156e-01,-9.638120979070663452e-02,1.513277888298034668e-01,-1.840341240167617798e-01,7.961273193359375000e-01,-5.189266800880432129e-01,-8.544981479644775391e-03,-3.128303885459899902e-01,-3.363353312015533447e-01,1.242943853139877319e-01,1.105054259300231934e+00,-7.045591473579406738e-01,1.582735627889633179e-01,6.371700018644332886e-02,-9.802092611789703369e-02,3.247456392273306847e-03,-1.551451206207275391e+00,4.614979028701782227e-01,-4.964078664779663086e-01,6.063022017478942871e-01,-2.156177610158920288e-01,-2.862383425235748291e-01,9.269242882728576660e-01,-9.880888462066650391e-01,-9.611894935369491577e-02,7.058870792388916016e-01,-4.329131543636322021e-02,3.963502049446105957e-01,-3.123658895492553711e-01,-5.777644515037536621e-01
-3.232320770621299744e-02,7.554272562265396118e-02,6.895102262496948242e-01,5.429080128669738770e-02,-2.962662465870380402e-02,7.085685133934020996e-01,7.029263377189636230e-01,-1.416523456573486328e-01,2.591293752193450928e-01,-1.602644622325897217e-01,9.206324219703674316e-01,-4.595182836055755615e-01,-3.150146454572677612e-02,-2.802454233169555664e-01,-2.389854788780212402e-01,9.548658877611160278e-02,1.049617528915405273e+00,-6.795783042907714844e-01,1.378823667764663696e-01,8.109936118125915527e-02,-7.103831321001052856e-02,-3.176369518041610718e-02,-1.716995120048522949e+00,5.459645986557006836e-01,-6.043701171875000000e-01,5.217053890228271484e-01,-9.985116124153137207e-02,-2.728973925113677979e-01,9.051845073699951172e-01,-1.063047409057617188e+00,-1.273575574159622192e-01,6.893580555915832520e-01,6.756814662367105484e-03,3.880862891674041748e-01,-3.183278143405914307e-01,-5.706605911254882812e-01
-2.574714645743370056e-02,7.214590162038803101e-02,6.927339434623718262e-01,3.983732312917709351e-02,-5.251453444361686707e-02,6.971154808998107910e-01,7.139224410057067871e-01,-1.741982698440551758e-01,3.186226189136505127e-01,-1.801882833242416382e-01,1.134706974029541016e+00,-4.141665697097778320e-01,-2.400340326130390167e-02,-2.587172985076904297e-01,-1.406951844692230225e-01,9.746307134628295898e-02,1.011047720909118652e+00,-6.485946774482727051e-01,1.257216185331344604e-01,1.220610961318016052e-01,-3.755923360586166382e-02,-7.785266637802124023e-02,-1.857214808464050293e+00,6.045780777931213379e-01,-7.024431228637695312e-01,4.736103117465972900e-01,-5.285479594022035599e-03,-2.598122060298919678e-01,8.627215027809143066e-01,-1.109176993370056152e+00,-1.351479738950729370e-01,6.645121574401855469e-01,7.951578497886657715e-02,4.226882159709930420e-01,-3.284476697444915771e-01,-5.465342998504638672e-01
-2.243904024362564087e-02,6.973748654127120972e-02,6.946194767951965332e-01,2.566263824701309204e-02,-7.056750357151031494e-02,6.834541559219360352e-01,7.261212468147277832e-01,-2.073003798723220825e-01,2.984235584735870361e-01,-2.468947470188140869e-01,1.425529718399047852e+00,-3.300904035568237305e-01,-2.130590938031673431e-02,-2.506327033042907715e-01,-4.924913123250007629e-02,1.095671206712722778e-01,9.851466417312622070e-01,-6.226714253425598145e-01,9.925652295351028442e-02,1.681111156940460205e-01,-8.875916711986064911e-03,-1.509842723608016968e-01,-1.988685965538024902e+00,6.377920508384704590e-01,-8.307814002037048340e-01,4.587734043598175049e-01,3.441094979643821716e-02,-2.639712095260620117e-01,7.895122170448303223e-01,-1.161496281623840332e+00,-1.506498306989669800e-01,6.485503911972045898e-01,2.107945233583450317e-01,4.418839514255523682e-01,-3.225055634975433350e-01,-5.074168443679809570e-01
-7.857783697545528412e-03,6.898071616888046265e-02,6.989072561264038086e-01,1.357590500265359879e-02,-5.731283128261566162e-02,6.742158532142639160e-01,7.361820340156555176e-01,-2.268528342247009277e-01,1.535991132259368896e-01,-2.840586602687835693e-01,1.723961472511291504e+00,-2.252593487501144409e-01,-4.992108419537544250e-02,-2.676487863063812256e-01,-3.645885735750198364e-03,1.368342041969299316e-01,9.388786554336547852e-01,-6.260277032852172852e-01,7.351917773485183716e-02,2.022690773010253906e-01,-2.104399539530277252e-02,-2.254831194877624512e-01,-2.082246780395507812e+00,6.671031713485717773e-01,-9.421692490577697754e-01,4.310075640678405762e-01,7.012283802032470703e-02,-2.613590061664581299e-01,7.402630448341369629e-01,-1.247632622718811035e+00,-1.560230851173400879e-01,6.760081648826599121e-01,3.855636119842529297e-01,3.911614716053009033e-01,-2.745776176452636719e-01,-4.541984796524047852e-01
2.190022030845284462e-03,6.778738647699356079e-02,7.038769721984863281e-01,1.359861064702272415e-02,-3.029786422848701477e-02,6.719479560852050781e-01,7.398533821105957031e-01,-2.448553144931793213e-01,-2.947551384568214417e-02,-2.224255204200744629e-01,2.020948171615600586e+00,-1.274074912071228027e-01,-5.490939319133758545e-02,-2.864650189876556396e-01,-2.683633565902709961e-02,1.497235894203186035e-01,9.109289050102233887e-01,-6.363468170166015625e-01,6.024826318025588989e-02,2.202090919017791748e-01,-6.902032345533370972e-02,-2.660873830318450928e-01,-2.131461620330810547e+00,6.766178011894226074e-01,-1.014474987983703613e+00,3.911290168762207031e-01,1.061675399541854858e-01,-2.686637639999389648e-01,7.079671621322631836e-01,-1.314895391464233398e+00,-1.536373049020767212e-01,7.056531310081481934e-01,5.757026672363281250e-01,2.768920660018920898e-01,-2.328819632530212402e-01,-4.263375997543334961e-01
1.151706371456384659e-02,6.514561921358108521e-02,7.063338160514831543e-01,1.591713726520538330e-02,-4.951261449605226517e-03,6.791426539421081543e-01,7.338169813156127930e-01,-3.046269118785858154e-01,-1.615835577249526978e-01,-1.184241026639938354e-01,2.243516921997070312e+00,-7.856379449367523193e-02,-3.810844942927360535e-02,-3.031996786594390869e-01,-6.703514605760574341e-02,1.413719505071640015e-01,9.216244220733642578e-01,-6.503074765205383301e-01,4.665471985936164856e-02,2.087592333555221558e-01,-1.108623445034027100e-01,-2.766472399234771729e-01,-2.097069501876831055e+00,6.564061045646667480e-01,-1.020683169364929199e+00,3.460389673709869385e-01,1.407457292079925537e-01,-2.577112615108489990e-01,6.729948520660400391e-01,-1.330778241157531738e+00,-1.507354974746704102e-01,7.211111783981323242e-01,6.993001699447631836e-01,1.605688929557800293e-01,-1.930588334798812866e-01,-3.929107785224914551e-01
2.310983464121818542e-02,6.120361015200614929e-02,7.059583663940429688e-01,1.529183704406023026e-02,1.175742875784635544e-02,6.855350732803344727e-01,7.277840375900268555e-01,-4.029694497585296631e-01,-2.294676154851913452e-01,-4.007365182042121887e-02,2.362965345382690430e+00,-8.157153427600860596e-02,-2.104743756353855133e-02,-3.255442678928375244e-01,-8.962440490722656250e-02,1.166954487562179565e-01,9.477494955062866211e-01,-6.502456068992614746e-01,4.135642945766448975e-02,1.913424730300903320e-01,-1.319705545902252197e-01,-2.745887041091918945e-01,-2.006585597991943359e+00,6.213237047195434570e-01,-9.819311499595642090e-01,3.500299751758575439e-01,1.601080149412155151e-01,-2.422467172145843506e-01,6.250997781753540039e-01,-1.306019306182861328e+00,-1.416993737220764160e-01,7.244436144828796387e-01,7.649642825126647949e-01,1.289294511079788208e-01,-1.786164045333862305e-01,-3.546439409255981445e-01
3.602456673979759216e-02,5.588089674711227417e-02,7.052726149559020996e-01,1.893087290227413177e-02,1.742957159876823425e-02,6.918882727622985840e-01,7.215458750724792480e-01,-5.439481735229492188e-01,-2.568001151084899902e-01,-7.421372924000024796e-03,2.420459270477294922e+00,-1.119323149323463440e-01,2.832777332514524460e-03,-3.366473913192749023e-01,-9.038986265659332275e-02,9.154524654150009155e-02,9.719523787498474121e-01,-6.105359196662902832e-01,4.928196594119071960e-02,1.786416918039321899e-01,-1.310279518365859985e-01,-2.492385208606719971e-01,-1.850890040397644043e+00,5.637705922126770020e-01,-9.335975646972656250e-01,4.044171273708343506e-01,1.605031192302703857e-01,-2.144459635019302368e-01,5.539150834083557129e-01,-1.224627017974853516e+00,-1.317681968212127686e-01,7.242767214775085449e-01,8.256840705871582031e-01,1.743579804897308350e-01,-1.593548655509948730e-01,-3.007905185222625732e-01
4.672008007764816284e-02,5.240851640701293945e-02,7.054965496063232422e-01,1.383689884096384048e-02,2.783715352416038513e-02,6.973915100097656250e-01,7.160158157348632812e-01,-6.890561580657958984e-01,-2.417779266834259033e-01,3.346504271030426025e-02,2.393373489379882812e+00,-2.224142104387283325e-01,3.262801840901374817e-02,-3.755428194999694824e-01,-8.688885718584060669e-02,6.814440339803695679e-02,9.645170569419860840e-01,-5.664362311363220215e-01,6.607689708471298218e-02,1.679469496011734009e-01,-1.240592300891876221e-01,-2.212180197238922119e-01,-1.678581833839416504e+00,4.836401343345642090e-01,-8.388177752494812012e-01,5.059189200401306152e-01,1.582906097173690796e-01,-2.042810469865798950e-01,5.414267778396606445e-01,-1.147989153861999512e+00,-8.843453228473663330e-02,7.610242366790771484e-01,8.888920545578002930e-01,1.941359639167785645e-01,-1.445214599370956421e-01,-2.435210198163986206e-01
5.520172044634819031e-02,5.164052173495292664e-02,7.065294384956359863e-01,5.942769348621368408e-03,2.523019351065158844e-02,6.955412626266479492e-01,7.180184125900268555e-01,-7.779985070228576660e-01,-2.124186456203460693e-01,5.061195790767669678e-02,2.258279561996459961e+00,-3.115701079368591309e-01,8.026654273271560669e-02,-3.970043659210205078e-01,-3.644661977887153625e-02,6.235540285706520081e-02,9.496838450431823730e-01,-5.374301671981811523e-01,8.247872442007064819e-02,1.633766889572143555e-01,-9.504519402980804443e-02,-1.912072002887725830e-01,-1.522199988365173340e+00,3.774739503860473633e-01,-7.661547064781188965e-01,6.883278489112854004e-01,1.473265290260314941e-01,-1.994354724884033203e-01,4.908795356750488281e-01,-1.017047643661499023e+00,-4.042175039649009705e-02,7.965999841690063477e-01,1.000873208045959473e+00,2.172876447439193726e-01,-1.123193353414535522e-01,-1.616587191820144653e-01
6.215262040495872498e-02,5.474512279033660889e-02,7.110252380371093750e-01,3.091566497460007668e-03,1.929914951324462891e-02,6.888337135314941406e-01,7.246558666229248047e-01,-8.147504329681396484e-01,-1.823799014091491699e-01,5.893531814217567444e-02,2.048568010330200195e+00,-3.342606425285339355e-01,1.078734248876571655e-01,-3.834422528743743896e-01,4.723978694528341293e-03,1.240518968552350998e-02,9.132853150367736816e-01,-5.080697536468505859e-01,8.528510481119155884e-02,1.713787615299224854e-01,-5.273392796516418457e-02,-1.353797167539596558e-01,-1.346297621726989746e+00,2.995051145553588867e-01,-7.610464692115783691e-01,9.419025182723999023e-01,1.560005694627761841e-01,-1.899562925100326538e-01,3.827651441097259521e-01,-8.708199858665466309e-01,-8.283863775432109833e-03,7.874475121498107910e-01,1.211177825927734375e+00,2.860229313373565674e-01,-9.046250581741333008e-02,-1.544847488403320312e-01
6.881991028785705566e-02,6.299291551113128662e-02,7.150219678878784180e-01,-5.357883404940366745e-03,1.149418577551841736e-02,6.807203292846679688e-01,7.324336171150207520e-01,-8.086445331573486328e-01,-1.508186459541320801e-01,4.553217068314552307e-02,1.767495870590209961e+00,-3.723532557487487793e-01,1.559228599071502686e-01,-3.787332475185394287e-01,3.755641728639602661e-02,-1.563783921301364899e-02,9.090949892997741699e-01,-4.819779098033905029e-01,9.121321886777877808e-02,1.833148002624511719e-01,-1.753890886902809143e-02,-7.769861817359924316e-02,-1.177255392074584961e+00,2.333623766899108887e-01,-7.661623954772949219e-01,1.197462201118469238e+00,1.506229490041732788e-01,-1.813060790300369263e-01,2.659024894237518311e-01,-6.912443637847900391e-01,-2.921484038233757019e-02,7.094832658767700195e-01,1.373242855072021484e+00,3.511217534542083740e-01,-1.152307093143463135e-01,-2.127669453620910645e-01
5.790546536445617676e-02,7.230371981859207153e-02,7.129712104797363281e-01,-1.287013851106166840e-02,-2.824572380632162094e-03,6.639905571937561035e-01,7.476248741149902344e-01,-7.792563438415527344e-01,-1.412733346223831177e-01,3.176996111869812012e-02,1.433358430862426758e+00,-4.365766048431396484e-01,1.447684019804000854e-01,-3.794379234313964844e-01,7.620946317911148071e-02,-1.284582540392875671e-02,9.591715335845947266e-01,-5.159452557563781738e-01,9.052654355764389038e-02,1.524961292743682861e-01,2.409513480961322784e-02,1.387380994856357574e-02,-9.168302416801452637e-01,1.958293169736862183e-01,-7.062107324600219727e-01,1.321600794792175293e+00,1.269371509552001953e-01,-1.845059841871261597e-01,3.033802211284637451e-01,-5.216031670570373535e-01,-1.263399571180343628e-01,5.906628370285034180e-01,1.448980569839477539e+00,3.781689703464508057e-01,-1.569053232669830322e-01,-3.001926243305206299e-01
6.335297226905822754e-02,7.808049023151397705e-02,7.067915201187133789e-01,-1.455816999077796936e-02,-1.697188615798950195e-02,6.560835838317871094e-01,7.543569207191467285e-01,-7.935767173767089844e-01,-1.350079029798507690e-01,1.312890928238630295e-02,1.173143744468688965e+00,-4.694850444793701172e-01,1.109135970473289490e-01,-3.777979314327239990e-01,1.001946553587913513e-01,-4.077154397964477539e-02,1.003134846687316895e+00,-5.897408127784729004e-01,6.342285871505737305e-02,8.589610457420349121e-02,5.103130266070365906e-02,9.777527302503585815e-02,-6.826741695404052734e-01,1.909033656120300293e-01,-6.759853363037109375e-01,1.393770933151245117e+00,1.286072880029678345e-01,-1.744814962148666382e-01,2.903741002082824707e-01,-4.116744697093963623e-01,-2.386507540941238403e-01,5.467424392700195312e-01,1.466300725936889648e+00,2.845943570137023926e-01,-1.574888378381729126e-01,-3.319814503192901611e-01
6.792402267456054688e-02,8.236635476350784302e-02,6.978825926780700684e-01,-2.056395821273326874e-02,-2.318961173295974731e-02,6.556054949760437012e-01,7.544672489166259766e-01,-8.406707048416137695e-01,-1.144310384988784790e-01,1.283955387771129608e-02,1.035515189170837402e+00,-4.406409263610839844e-01,8.728872984647750854e-02,-4.094674885272979736e-01,1.102573871612548828e-01,-7.789152115583419800e-02,1.065839409828186035e+00,-6.401695013046264648e-01,3.219563513994216919e-02,8.718270808458328247e-03,5.690380185842514038e-02,1.470398157835006714e-01,-4.682716429233551025e-01,2.158602327108383179e-01,-6.769834756851196289e-01,1.425646305084228516e+00,1.831362694501876831e-01,-1.711143702268600464e-01,2.413826137781143188e-01,-3.207917511463165283e-01,-3.413571119308471680e-01,5.372282862663269043e-01,1.433524727821350098e+00,2.071573585271835327e-01,-1.554833799600601196e-01,-3.298104405403137207e-01
7.042746990919113159e-02,8.582236617803573608e-02,6.889346241950988770e-01,-2.562023140490055084e-02,-2.422105148434638977e-02,6.564300060272216797e-01,7.535625696182250977e-01,-8.813930153846740723e-01,-7.012085616588592529e-02,3.943406790494918823e-02,9.799796342849731445e-01,-4.080593883991241455e-01,7.882462441921234131e-02,-4.405147731304168701e-01,9.675072133541107178e-02,-1.280960738658905029e-01,1.127308011054992676e+00,-6.824198961257934570e-01,5.238868296146392822e-03,-4.125033691525459290e-02,4.537571221590042114e-02,1.688023507595062256e-01,-2.893810868263244629e-01,2.519355714321136475e-01,-6.851040720939636230e-01,1.407835125923156738e+00,2.277276366949081421e-01,-1.801847070455551147e-01,1.940314173698425293e-01,-2.487065643072128296e-01,-4.138202965259552002e-01,5.608112215995788574e-01,1.357953429222106934e+00,1.386822015047073364e-01,-1.573928296566009521e-01,-3.175813257694244385e-01
7.155419141054153442e-02,8.759188652038574219e-02,6.812951564788818359e-01,-2.558035403490066528e-02,-2.016380615532398224e-02,6.544425487518310547e-01,7.554098367691040039e-01,-9.050157070159912109e-01,-2.367916330695152283e-02,5.664389953017234802e-02,9.708374738693237305e-01,-4.130353033542633057e-01,8.019851893186569214e-02,-4.595602750778198242e-01,7.026940584182739258e-02,-1.701256632804870605e-01,1.170416951179504395e+00,-7.340905666351318359e-01,-2.154905162751674652e-02,-5.901141092181205750e-02,3.005599230527877808e-02,1.870709657669067383e-01,-1.861830651760101318e-01,3.017147183418273926e-01,-7.154378294944763184e-01,1.332747459411621094e+00,2.684580087661743164e-01,-2.036764025688171387e-01,1.375855803489685059e-01,-1.823491007089614868e-01,-4.535549581050872803e-01,6.192215085029602051e-01,1.252289652824401855e+00,9.038427472114562988e-02,-1.656122505664825439e-01,-2.639394104480743408e-01
7.173550873994827271e-02,8.793095499277114868e-02,6.754302978515625000e-01,-2.791898511350154877e-02,-1.148082315921783447e-02,6.550461053848266602e-01,7.549856305122375488e-01,-9.207848906517028809e-01,3.590556606650352478e-02,9.344139695167541504e-02,9.625749588012695312e-01,-4.486615955829620361e-01,7.830119878053665161e-02,-4.707813858985900879e-01,3.611751273274421692e-02,-2.178330719470977783e-01,1.183449625968933105e+00,-7.914057374000549316e-01,-2.617556415498256683e-02,-6.294580549001693726e-02,2.327705360949039459e-02,2.029454112052917480e-01,-1.215387880802154541e-01,3.641278743743896484e-01,-7.768198847770690918e-01,1.181261539459228516e+00,3.106723427772521973e-01,-2.718109190464019775e-01,5.184344574809074402e-02,-1.070033982396125793e-01,-5.029362440109252930e-01,6.969358921051025391e-01,1.083112239837646484e+00,5.720174685120582581e-02,-2.080973982810974121e-01,-1.877780258655548096e-01
7.138140499591827393e-02,8.956589549779891968e-02,6.676599979400634766e-01,-3.519970551133155823e-02,4.511425271630287170e-03,6.596778631210327148e-01,7.507101297378540039e-01,-9.448866248130798340e-01,1.063925400376319885e-01,1.607262641191482544e-01,1.000140547752380371e+00,-5.081191062927246094e-01,5.376268923282623291e-02,-4.942456185817718506e-01,-1.514302846044301987e-02,-2.760007679462432861e-01,1.212542414665222168e+00,-8.558855056762695312e-01,-1.103518810123205185e-02,-5.121722444891929626e-02,1.845799759030342102e-02,2.077672928571701050e-01,-5.783371627330780029e-02,4.673737585544586182e-01,-8.490958213806152344e-01,9.140359163284301758e-01,3.086827695369720459e-01,-3.843030333518981934e-01,-1.911677606403827667e-02,-1.949523808434605598e-03,-5.852434635162353516e-01,7.667456865310668945e-01,7.692533135414123535e-01,4.129528999328613281e-02,-2.856407165527343750e-01,-1.090197786688804626e-01
7.011003792285919189e-02,9.262688457965850830e-02,6.566945314407348633e-01,-4.665096104145050049e-02,2.329916879534721375e-02,6.523997783660888672e-01,7.560788989067077637e-01,-9.814864397048950195e-01,2.087352126836776733e-01,2.484936267137527466e-01,1.107409000396728516e+00,-6.124970316886901855e-01,4.219117760658264160e-02,-5.503739118576049805e-01,-7.650851458311080933e-02,-3.262854516506195068e-01,1.300211906433105469e+00,-8.726699948310852051e-01,4.100598022341728210e-02,-1.291599031537771225e-02,-6.566151045262813568e-03,1.876917034387588501e-01,5.647483095526695251e-02,6.320462822914123535e-01,-8.889819383621215820e-01,4.608342647552490234e-01,1.545555740594863892e-01,-5.099723339080810547e-01,-7.582744956016540527e-02,1.444901674985885620e-01,-6.905984282493591309e-01,7.982690334320068359e-01,2.944037616252899170e-01,1.120823696255683899e-01,-3.652807176113128662e-01,-7.466433197259902954e-02
6.866309791803359985e-02,9.551659226417541504e-02,6.458232402801513672e-01,-5.849901959300041199e-02,3.369873762130737305e-02,6.456511616706848145e-01,7.606423497200012207e-01,-1.028113484382629395e+00,2.768963575363159180e-01,2.640598118305206299e-01,1.215156197547912598e+00,-6.814744472503662109e-01,2.361454069614410400e-02,-6.000822186470031738e-01,-1.000808253884315491e-01,-3.307783901691436768e-01,1.368837475776672363e+00,-8.726699948310852051e-01,7.812412083148956299e-02,1.925938948988914490e-02,-1.865625195205211639e-02,1.702410578727722168e-01,1.254287213087081909e-01,7.511706948280334473e-01,-8.867102861404418945e-01,1.305926591157913208e-01,-1.057674270123243332e-02,-5.707973241806030273e-01,-6.492628157138824463e-02,2.265069484710693359e-01,-7.558807730674743652e-01,7.875187993049621582e-01,3.374949563294649124e-03,1.891310662031173706e-01,-4.106069803237915039e-01,-1.128552705049514771e-01
6.716670095920562744e-02,9.832796454429626465e-02,6.358007788658142090e-01,-6.208268180489540100e-02,3.559922799468040466e-02,6.364239454269409180e-01,7.680124044418334961e-01,-1.073220849037170410e+00,3.221172392368316650e-01,2.451623827219009399e-01,1.303930401802062988e+00,-7.035840153694152832e-01,-3.483730135485529900e-03,-6.306315660476684570e-01,-1.217189952731132507e-01,-3.268722295761108398e-01,1.432242989540100098e+00,-8.726699948310852051e-01,8.493387699127197266e-02,5.043007060885429382e-02,-2.020527049899101257e-02,1.519629508256912231e-01,1.505140066146850586e-01,8.395912647247314453e-01,-8.866107463836669922e-01,-7.298495620489120483e-02,-1.158043816685676575e-01,-5.971543788909912109e-01,-3.263956680893898010e-02,2.585360109806060791e-01,-8.077820539474487305e-01,7.840042710304260254e-01,-1.825560331344604492e-01,2.655792534351348877e-01,-4.236350357532501221e-01,-1.567561030387878418e-01
6.666189432144165039e-02,1.037554144859313965e-01,6.280190348625183105e-01,-6.437334418296813965e-02,3.946604207158088684e-02,6.316037178039550781e-01,7.716056108474731445e-01,-1.103264689445495605e+00,3.352677822113037109e-01,2.282418310642242432e-01,1.360614657402038574e+00,-7.343508601188659668e-01,-3.535089781507849693e-03,-6.575436592102050781e-01,-1.349325776100158691e-01,-3.124100267887115479e-01,1.490214228630065918e+00,-8.726699948310852051e-01,9.939839690923690796e-02,6.412450969219207764e-02,-2.785000950098037720e-02,1.419189423322677612e-01,1.510382741689682007e-01,8.934585452079772949e-01,-8.921496868133544922e-01,-1.933940351009368896e-01,-1.758904755115509033e-01,-6.005293726921081543e-01,-1.612338051199913025e-02,2.747890651226043701e-01,-8.344310522079467773e-01,7.791393995285034180e-01,-3.128094375133514404e-01,3.202249407768249512e-01,-4.288162291049957275e-01,-1.920134127140045166e-01
6.594090908765792847e-02,1.095675155520439148e-01,6.245372891426086426e-01,-6.579864770174026489e-02,4.591879248619079590e-02,6.316553354263305664e-01,7.710859179496765137e-01,-1.123740434646606445e+00,3.207366168498992920e-01,2.129366844892501831e-01,1.389856934547424316e+00,-7.484115958213806152e-01,9.306153282523155212e-03,-6.792811751365661621e-01,-1.432790607213973999e-01,-2.897716164588928223e-01,1.531321644783020020e+00,-8.726699948310852051e-01,9.716648608446121216e-02,7.029908895492553711e-02,-3.272135555744171143e-02,1.372132599353790283e-01,1.525880247354507446e-01,9.061238169670104980e-01,-8.819310665130615234e-01,-2.401133328676223755e-01,-1.937246918678283691e-01,-5.876660346984863281e-01,-1.315989810973405838e-02,2.856984138488769531e-01,-8.333021998405456543e-01,7.625256180763244629e-01,-3.697772026062011719e-01,3.264390826225280762e-01,-4.238244295120239258e-01,-2.034471184015274048e-01
6.301929801702499390e-02,1.151051148772239685e-01,6.263334155082702637e-01,-6.752058118581771851e-02,5.700993537902832031e-02,6.330671310424804688e-01,7.690362930297851562e-01,-1.133028626441955566e+00,2.847412526607513428e-01,2.055954039096832275e-01,1.383849143981933594e+00,-7.508487105369567871e-01,3.676359727978706360e-02,-6.976921558380126953e-01,-1.585190147161483765e-01,-2.676150500774383545e-01,1.539671540260314941e+00,-8.726699948310852051e-01,7.803853601217269897e-02,6.993385404348373413e-02,-3.709610179066658020e-02,1.419269591569900513e-01,1.470011919736862183e-01,9.010175466537475586e-01,-8.615866899490356445e-01,-2.599202394485473633e-01,-1.775142103433609009e-01,-5.729704499244689941e-01,1.095182262361049652e-03,2.829227149486541748e-01,-8.279582858085632324e-01,7.415667176246643066e-01,-3.907341957092285156e-01,2.908960878849029541e-01,-4.152279794216156006e-01,-2.038574069738388062e-01
5.902740359306335449e-02,1.188149079680442810e-01,6.310867071151733398e-01,-7.118635624647140503e-02,6.760476529598236084e-02,6.336333751678466797e-01,7.673792243003845215e-01,-1.135198354721069336e+00,2.464924156665802002e-01,1.982045024633407593e-01,1.352781534194946289e+00,-7.502848505973815918e-01,6.873671710491180420e-02,-7.119503617286682129e-01,-1.645485013723373413e-01,-2.495727688074111938e-01,1.523749113082885742e+00,-8.726699948310852051e-01,5.116916075348854065e-02,6.495180726051330566e-02,-3.112320974469184875e-02,1.416966319084167480e-01,1.447799801826477051e-01,8.683812022209167480e-01,-8.331542611122131348e-01,-2.359576970338821411e-01,-1.193321794271469116e-01,-5.661192536354064941e-01,1.258526090532541275e-02,2.646117806434631348e-01,-8.124537467956542969e-01,7.268072366714477539e-01,-3.689072728157043457e-01,2.446605712175369263e-01,-4.109173119068145752e-01,-1.936923563480377197e-01
5.658641085028648376e-02,1.208900287747383118e-01,6.362972855567932129e-01,-7.925561815500259399e-02,7.717267423868179321e-02,6.267244815826416016e-01,7.713490724563598633e-01,-1.142181277275085449e+00,2.079977989196777344e-01,1.625108867883682251e-01,1.315432667732238770e+00,-7.513007521629333496e-01,1.084375455975532532e-01,-7.323192954063415527e-01,-1.316233128309249878e-01,-2.177225649356842041e-01,1.486277699470520020e+00,-8.726699948310852051e-01,1.013506203889846802e-02,6.772866100072860718e-02,-1.509558595716953278e-02,1.412561833858489990e-01,1.380801498889923096e-01,8.343718647956848145e-01,-8.165928721427917480e-01,-2.012556195259094238e-01,-6.697247922420501709e-02,-5.609632134437561035e-01,2.454100549221038818e-02,2.274858653545379639e-01,-8.083186149597167969e-01,7.290296554565429688e-01,-3.475074470043182373e-01,1.865185350179672241e-01,-4.147267043590545654e-01,-2.028751075267791748e-01
5.409695208072662354e-02,1.237177103757858276e-01,6.394070982933044434e-01,-9.501795470714569092e-02,8.166990429162979126e-02,6.143364906311035156e-01,7.790329456329345703e-01,-1.155885934829711914e+00,1.771792173385620117e-01,1.114132329821586609e-01,1.290281414985656738e+00,-7.433081865310668945e-01,1.303359866142272949e-01,-7.496395111083984375e-01,-5.063797160983085632e-02,-1.598485261201858521e-01,1.413769841194152832e+00,-8.726699948310852051e-01,-2.333499863743782043e-02,7.833912223577499390e-02,7.852025330066680908e-03,1.262682229280471802e-01,1.452766060829162598e-01,7.987330555915832520e-01,-8.093945980072021484e-01,-1.731337010860443115e-01,-7.361532002687454224e-02,-5.355854034423828125e-01,-8.230815641582012177e-03,1.865606755018234253e-01,-8.068424463272094727e-01,7.451883554458618164e-01,-3.374892771244049072e-01,1.864783763885498047e-01,-3.983613252639770508e-01,-1.763539016246795654e-01
5.200695618987083435e-02,1.117014288902282715e-01,6.423324346542358398e-01,-1.183583959937095642e-01,8.254117518663406372e-02,5.985118150711059570e-01,7.880113124847412109e-01,-1.194596171379089355e+00,1.637202352285385132e-01,5.949462950229644775e-02,1.285330176353454590e+00,-6.861203312873840332e-01,1.138485521078109741e-01,-7.630115151405334473e-01,6.697101891040802002e-02,-8.708017319440841675e-02,1.291858911514282227e+00,-8.726699948310852051e-01,-5.298801884055137634e-02,9.997619688510894775e-02,3.177008777856826782e-02,1.068877875804901123e-01,1.579773873090744019e-01,7.652502059936523438e-01,-7.975233793258666992e-01,-1.571221500635147095e-01,-1.245892345905303955e-01,-5.109744071960449219e-01,-4.709763824939727783e-02,1.369587481021881104e-01,-8.030025959014892578e-01,7.732116580009460449e-01,-3.267473876476287842e-01,2.377560883760452271e-01,-3.752898573875427246e-01,-1.416529417037963867e-01
5.051766708493232727e-02,1.028844714164733887e-01,6.467613577842712402e-01,-1.402252465486526489e-01,7.693676650524139404e-02,5.883388519287109375e-01,7.926380038261413574e-01,-1.210631966590881348e+00,1.615135818719863892e-01,2.735381014645099640e-02,1.292320609092712402e+00,-6.527326703071594238e-01,9.535365551710128784e-02,-7.327376008033752441e-01,1.437760293483734131e-01,-5.523559078574180603e-02,1.163883090019226074e+00,-8.726699948310852051e-01,-6.345793604850769043e-02,1.134087890386581421e-01,5.660946294665336609e-02,7.717341184616088867e-02,1.717902272939682007e-01,7.403851747512817383e-01,-8.022472262382507324e-01,-1.349501460790634155e-01,-1.599036157131195068e-01,-5.026218891143798828e-01,-1.017960533499717712e-01,9.687328338623046875e-02,-8.019472956657409668e-01,8.007251620292663574e-01,-3.079609870910644531e-01,3.073753118515014648e-01,-3.559749424457550049e-01,-1.060188114643096924e-01
4.916926473379135132e-02,9.995678067207336426e-02,6.570292115211486816e-01,-1.386442035436630249e-01,7.105266302824020386e-02,5.968229174613952637e-01,7.871033549308776855e-01,-1.158118963241577148e+00,1.240638270974159241e-01,2.517885901033878326e-02,1.276318311691284180e+00,-6.279764175415039062e-01,7.761258631944656372e-02,-6.384958624839782715e-01,1.319292187690734863e-01,-5.398567765951156616e-02,1.073511719703674316e+00,-8.726699948310852051e-01,-4.948486760258674622e-02,1.031696796417236328e-01,6.579890847206115723e-02,6.677610427141189575e-02,1.856345087289810181e-01,7.190521955490112305e-01,-8.000206351280212402e-01,-1.155492588877677917e-01,-1.777495592832565308e-01,-4.992387890815734863e-01,-1.463649123907089233e-01,9.031789749860763550e-02,-8.046367764472961426e-01,8.190107345581054688e-01,-2.933349609375000000e-01,3.685027658939361572e-01,-3.441988825798034668e-01,-7.766611874103546143e-02
4.821426421403884888e-02,1.019749343395233154e-01,6.756966710090637207e-01,-1.108441203832626343e-01,7.481601834297180176e-02,6.232545375823974609e-01,7.704997658729553223e-01,-1.035814046859741211e+00,4.279772192239761353e-02,5.500703677535057068e-02,1.202109098434448242e+00,-5.875660181045532227e-01,5.277238041162490845e-02,-5.232917666435241699e-01,1.742739230394363403e-02,-9.816052019596099854e-02,1.085164546966552734e+00,-8.338367342948913574e-01,2.090773195959627628e-04,6.481273472309112549e-02,3.158767893910408020e-02,8.052179217338562012e-02,1.979749500751495361e-01,7.197014093399047852e-01,-7.958248257637023926e-01,-1.206624805927276611e-01,-1.923211067914962769e-01,-4.789613783359527588e-01,-2.065275758504867554e-01,1.154491305351257324e-01,-8.079391121864318848e-01,8.060227036476135254e-01,-2.984004020690917969e-01,4.291998147964477539e-01,-3.149625658988952637e-01,-3.930517286062240601e-02
4.395018517971038818e-02,1.042150035500526428e-01,7.110158205032348633e-01,-1.085382252931594849e-01,8.944524824619293213e-02,6.292091608047485352e-01,7.644048929214477539e-01,-9.311417341232299805e-01,3.412313014268875122e-02,6.588835269212722778e-02,1.040765285491943359e+00,-5.207858681678771973e-01,2.193814888596534729e-02,-4.652782976627349854e-01,-4.206294193863868713e-02,-1.403277367353439331e-01,9.836111068725585938e-01,-6.388530135154724121e-01,6.062413752079010010e-02,7.037778198719024658e-02,2.512308023869991302e-02,4.959451779723167419e-02,2.188489288091659546e-01,7.385907173156738281e-01,-7.892253994941711426e-01,-1.469558924436569214e-01,-1.866838932037353516e-01,-4.889241755008697510e-01,-2.362111657857894897e-01,1.702545881271362305e-01,-8.141269087791442871e-01,7.817390561103820801e-01,-3.186262547969818115e-01,4.582173824310302734e-01,-2.953292429447174072e-01,-6.825440563261508942e-03
3.925680369138717651e-02,1.072481051087379456e-01,7.462662458419799805e-01,-1.059313863515853882e-01,1.005444005131721497e-01,6.419168710708618164e-01,7.527363896369934082e-01,-8.178521394729614258e-01,1.123386807739734650e-02,7.905520498752593994e-02,8.692290782928466797e-01,-4.248192906379699707e-01,1.259986020158976316e-04,-4.489736258983612061e-01,-9.184755384922027588e-02,-1.521979123353958130e-01,9.543811678886413574e-01,-4.218622744083404541e-01,1.100128367543220520e-01,6.414166092872619629e-02,1.659582555294036865e-02,-1.624975993763655424e-04,2.451997697353363037e-01,7.264569401741027832e-01,-7.764946818351745605e-01,-1.494733244180679321e-01,-2.026820778846740723e-01,-4.755530655384063721e-01,-2.640725970268249512e-01,2.332294732332229614e-01,-8.161457777023315430e-01,7.462099194526672363e-01,-3.190928101539611816e-01,4.589879512786865234e-01,-2.846628725528717041e-01,4.594977572560310364e-02
3.390270844101905823e-02,1.079398244619369507e-01,7.721618413925170898e-01,-9.539962559938430786e-02,1.052130907773971558e-01,6.615498065948486328e-01,7.363293766975402832e-01,-7.145208716392517090e-01,-2.516371011734008789e-02,1.010735556483268738e-01,7.805011272430419922e-01,-3.518437445163726807e-01,-6.032322562532499433e-05,-4.490415155887603760e-01,-1.384159624576568604e-01,-1.330483704805374146e-01,1.078467726707458496e+00,-2.647635638713836670e-01,1.477951407432556152e-01,3.575598075985908508e-02,2.293656580150127411e-03,-3.949595242738723755e-02,2.746588587760925293e-01,7.013073563575744629e-01,-7.594442963600158691e-01,-1.476857662200927734e-01,-2.339325696229934692e-01,-4.578750431537628174e-01,-3.003984987735748291e-01,2.843444943428039551e-01,-8.060238957405090332e-01,7.206045389175415039e-01,-3.032602071762084961e-01,4.657392501831054688e-01,-2.741862237453460693e-01,9.629856795072555542e-02
2.844410575926303864e-02,1.078480184078216553e-01,7.864080071449279785e-01,-7.822673767805099487e-02,1.120417341589927673e-01,6.855427622795104980e-01,7.150932550430297852e-01,-6.271168589591979980e-01,-7.898275554180145264e-02,1.181313917040824890e-01,7.625661492347717285e-01,-3.444637954235076904e-01,3.838515654206275940e-02,-4.835145771503448486e-01,-1.337373256683349609e-01,-7.408206164836883545e-02,1.337980389595031738e+00,-1.774241626262664795e-01,1.772471964359283447e-01,-5.784624256193637848e-03,-1.954014226794242859e-02,-4.596146941184997559e-02,2.931618094444274902e-01,6.820703148841857910e-01,-7.407408356666564941e-01,-1.500711143016815186e-01,-2.008884698152542114e-01,-4.546271562576293945e-01,-3.017465770244598389e-01,3.071046471595764160e-01,-7.919172048568725586e-01,6.994667053222656250e-01,-2.736613452434539795e-01,3.668576776981353760e-01,-2.859635055065155029e-01,1.313104033470153809e-01
2.486374601721763611e-02,1.085450649261474609e-01,7.925098538398742676e-01,-7.124543190002441406e-02,1.154765635728836060e-01,6.961265802383422852e-01,7.049801945686340332e-01,-5.654269456863403320e-01,-1.201149448752403259e-01,1.042603701353073120e-01,7.744762897491455078e-01,-3.771531879901885986e-01,1.019839197397232056e-01,-5.362550616264343262e-01,-5.963991954922676086e-02,-1.001389417797327042e-02,1.643700361251831055e+00,-1.182580962777137756e-01,2.095433026552200317e-01,-3.053999878466129303e-02,-3.516435623168945312e-02,-5.432006344199180603e-02,3.142035603523254395e-01,6.524202823638916016e-01,-7.155736088752746582e-01,-1.398218721151351929e-01,-1.820233464241027832e-01,-4.498313367366790771e-01,-2.372316569089889526e-01,2.992345690727233887e-01,-7.622582912445068359e-01,6.950768828392028809e-01,-2.297209799289703369e-01,2.447627186775207520e-01,-3.010417520999908447e-01,1.317901015281677246e-01
2.415997162461280823e-02,1.057727411389350891e-01,7.946764230728149414e-01,-8.203806728124618530e-02,1.134586930274963379e-01,7.012512683868408203e-01,6.990304589271545410e-01,-5.288140773773193359e-01,-1.212424337863922119e-01,6.854598224163055420e-02,7.606279850006103516e-01,-4.240257441997528076e-01,1.478907763957977295e-01,-6.135420203208923340e-01,5.121430009603500366e-02,-3.237388562411069870e-03,1.958676815032958984e+00,-8.056415617465972900e-02,2.178160399198532104e-01,-4.036975651979446411e-02,-1.831175573170185089e-02,-7.213479280471801758e-02,3.276088237762451172e-01,6.354820728302001953e-01,-7.088744640350341797e-01,-1.226901337504386902e-01,-1.678396761417388916e-01,-4.233478009700775146e-01,-2.325450628995895386e-01,2.721991240978240967e-01,-7.322862148284912109e-01,7.033178210258483887e-01,-1.964735239744186401e-01,1.637387275695800781e-01,-2.877550721168518066e-01,1.607006490230560303e-01
2.696835063397884369e-02,9.513563662767410278e-02,7.909344434738159180e-01,-1.018211394548416138e-01,1.168630048632621765e-01,6.978254914283752441e-01,6.992961764335632324e-01,-5.024673938751220703e-01,-8.016975969076156616e-02,4.661318287253379822e-02,7.248125076293945312e-01,-5.130698084831237793e-01,1.855495125055313110e-01,-7.300515770912170410e-01,1.548646390438079834e-01,-1.030932068824768066e-01,2.274477958679199219e+00,3.394471853971481323e-02,2.300961315631866455e-01,-2.926770597696304321e-02,1.263599004596471786e-02,-9.599705785512924194e-02,3.436887860298156738e-01,6.282315850257873535e-01,-7.164295911788940430e-01,-9.819062799215316772e-02,-1.330772191286087036e-01,-4.264123141765594482e-01,-2.418877035379409790e-01,2.534357309341430664e-01,-7.042616605758666992e-01,7.169524431228637695e-01,-1.684664189815521240e-01,1.568135023117065430e-01,-2.819331288337707520e-01,1.781927198171615601e-01
2.285356260836124420e-02,7.585223764181137085e-02,7.831096053123474121e-01,-1.200237646698951721e-01,1.188959553837776184e-01,6.957722306251525879e-01,6.981110572814941406e-01,-4.883924126625061035e-01,-3.906380385160446167e-02,6.997608393430709839e-02,6.699736714363098145e-01,-6.216614246368408203e-01,2.401345074176788330e-01,-9.213970303535461426e-01,1.729070544242858887e-01,-2.190455347299575806e-01,2.512330532073974609e+00,1.255908459424972534e-01,2.381905019283294678e-01,-1.844711974263191223e-02,4.688676446676254272e-02,-9.912501275539398193e-02,3.419899046421051025e-01,6.041912436485290527e-01,-7.378657460212707520e-01,-6.975615024566650391e-02,-1.024992242455482483e-01,-4.136183559894561768e-01,-2.517286241054534912e-01,2.160433083772659302e-01,-6.754693984985351562e-01,7.178963422775268555e-01,-1.520827561616897583e-01,1.282718181610107422e-01,-2.743217647075653076e-01,1.708139181137084961e-01
1.330523751676082611e-02,5.497907474637031555e-02,7.728719711303710938e-01,-1.270611584186553955e-01,1.162324324250221252e-01,6.965576410293579102e-01,6.965292096138000488e-01,-5.070748329162597656e-01,-3.403620049357414246e-02,6.978722661733627319e-02,7.308284640312194824e-01,-7.247940301895141602e-01,2.617998719215393066e-01,-1.090137839317321777e+00,1.954906582832336426e-01,-1.444341242313385010e-01,2.535600662231445312e+00,-7.861919701099395752e-03,2.103331536054611206e-01,-2.289853617548942566e-02,5.787133798003196716e-02,-6.951364874839782715e-02,3.154546320438385010e-01,5.955644249916076660e-01,-7.581223845481872559e-01,-5.994274467229843140e-02,-9.674958139657974243e-02,-4.039307534694671631e-01,-2.267712950706481934e-01,1.815026104450225830e-01,-6.507747769355773926e-01,7.293006777763366699e-01,-1.493562757968902588e-01,1.569807976484298706e-01,-2.634872496128082275e-01,1.267958283424377441e-01
4.663276951760053635e-03,3.714940696954727173e-02,7.625522017478942871e-01,-1.290843337774276733e-01,1.112982034683227539e-01,6.927783489227294922e-01,7.007197141647338867e-01,-5.462946295738220215e-01,-3.175386041402816772e-02,8.195272088050842285e-02,8.285554647445678711e-01,-7.821994423866271973e-01,2.617999911308288574e-01,-1.204333543777465820e+00,2.017430812120437622e-01,-5.078360438346862793e-02,2.439574956893920898e+00,-1.497842520475387573e-01,1.643996983766555786e-01,-2.310014702379703522e-02,5.758667737245559692e-02,-4.738520085811614990e-02,2.785258293151855469e-01,5.871118307113647461e-01,-7.675155401229858398e-01,-5.619836971163749695e-02,-1.061103492975234985e-01,-3.981429636478424072e-01,-1.925225108861923218e-01,1.537700891494750977e-01,-6.319153308868408203e-01,7.335941195487976074e-01,-1.511957198381423950e-01,1.769614517688751221e-01,-2.639761865139007568e-01,7.405757158994674683e-02
-4.328498151153326035e-03,2.266793325543403625e-02,7.518479228019714355e-01,-1.232154965400695801e-01,1.084640100598335266e-01,6.936193704605102539e-01,7.013884186744689941e-01,-5.777416825294494629e-01,-5.481395497918128967e-02,9.915401786565780640e-02,9.035744071006774902e-01,-8.155918717384338379e-01,2.617999911308288574e-01,-1.263041853904724121e+00,1.521965712308883667e-01,-1.045229192823171616e-02,2.194633960723876953e+00,-2.615728080272674561e-01,1.209070533514022827e-01,-3.156116977334022522e-02,4.426869750022888184e-02,-1.739933341741561890e-02,1.995693445205688477e-01,5.854228138923645020e-01,-7.928102612495422363e-01,-5.635543540120124817e-02,-8.219711482524871826e-02,-4.040923714637756348e-01,-1.340506970882415771e-01,8.259563893079757690e-02,-6.269778609275817871e-01,7.607083916664123535e-01,-1.501062214374542236e-01,1.852103620767593384e-01,-2.713500261306762695e-01,-2.741018496453762054e-02
-1.324526779353618622e-02,1.224880665540695190e-02,7.417920827865600586e-01,-1.027536764740943909e-01,9.612224996089935303e-02,7.024263143539428711e-01,6.977101564407348633e-01,-5.677813291549682617e-01,-1.027909219264984131e-01,1.200354248285293579e-01,9.611776471138000488e-01,-8.233205676078796387e-01,2.617999911308288574e-01,-1.246335387229919434e+00,1.151753142476081848e-01,-4.737101960927248001e-03,1.856928229331970215e+00,-2.856335043907165527e-01,1.312685906887054443e-01,-5.817830935120582581e-02,2.304716967046260834e-02,2.598424255847930908e-02,1.448059082031250000e-01,5.790885090827941895e-01,-8.004485368728637695e-01,-5.181359499692916870e-02,-3.774942085146903992e-02,-3.893691301345825195e-01,-6.426679342985153198e-02,3.763918951153755188e-02,-6.192226409912109375e-01,7.730247974395751953e-01,-1.468173563480377197e-01,1.906898915767669678e-01,-2.674748897552490234e-01,-1.223065257072448730e-01
-2.089666575193405151e-02,1.830614521168172359e-03,7.356093525886535645e-01,-8.162380754947662354e-02,7.355281710624694824e-02,7.093028426170349121e-01,6.962879896163940430e-01,-5.284040570259094238e-01,-1.300263106822967529e-01,1.645521670579910278e-01,9.725657105445861816e-01,-8.303110003471374512e-01,2.055182904005050659e-01,-1.145512461662292480e+00,4.901811107993125916e-02,-7.858333736658096313e-02,1.301672101020812988e+00,-2.866738438606262207e-01,1.636476814746856689e-01,-8.781992644071578979e-02,1.004809699952602386e-02,8.578775823116302490e-02,9.279768913984298706e-02,5.825499296188354492e-01,-8.082697391510009766e-01,-3.961588442325592041e-02,1.044605486094951630e-02,-3.849566578865051270e-01,-5.460781976580619812e-02,-1.271698158234357834e-02,-6.294798254966735840e-01,7.723313570022583008e-01,-1.493781656026840210e-01,1.590671539306640625e-01,-2.447298020124435425e-01,-1.386572271585464478e-01
-2.440525218844413757e-02,-1.033336576074361801e-02,7.290671467781066895e-01,-7.786440849304199219e-02,6.785564124584197998e-02,7.001441717147827148e-01,7.064919471740722656e-01,-5.451469421386718750e-01,-1.333794891834259033e-01,1.647019684314727783e-01,9.829837679862976074e-01,-8.415940999984741211e-01,1.882873624563217163e-01,-1.128700852394104004e+00,7.792822271585464478e-02,-7.701584696769714355e-02,1.026927351951599121e+00,-2.325712144374847412e-01,1.766219288110733032e-01,-8.112794160842895508e-02,2.036325447261333466e-02,1.079031154513359070e-01,6.433602422475814819e-02,5.908240079879760742e-01,-8.119094967842102051e-01,-4.818598181009292603e-02,1.320855505764484406e-02,-3.833555281162261963e-01,-1.052693203091621399e-01,-2.234968356788158417e-02,-6.470448374748229980e-01,7.601654529571533203e-01,-1.736332923173904419e-01,1.633394509553909302e-01,-2.254496067762374878e-01,-9.249514341354370117e-02
-2.751333266496658325e-02,-2.188888750970363617e-02,7.222441434860229492e-01,-7.684975862503051758e-02,5.770951509475708008e-02,6.857705712318420410e-01,7.214446663856506348e-01,-5.838319063186645508e-01,-1.011333614587783813e-01,1.741632968187332153e-01,1.052125811576843262e+00,-8.383767008781433105e-01,1.691463440656661987e-01,-1.100097417831420898e+00,9.750473499298095703e-02,-8.876471221446990967e-02,8.469520807266235352e-01,-1.792659163475036621e-01,1.766107082366943359e-01,-4.973402991890907288e-02,3.791660070419311523e-02,1.125333011150360107e-01,4.738696664571762085e-02,6.012219190597534180e-01,-8.107694983482360840e-01,-6.819689273834228516e-02,6.505923345685005188e-03,-3.674868643283843994e-01,-1.194824427366256714e-01,-1.627236790955066681e-02,-6.645986437797546387e-01,7.587072849273681641e-01,-1.966626495122909546e-01,1.724295914173126221e-01,-1.892301291227340698e-01,-6.590732187032699585e-02
-2.930793352425098419e-02,-3.097115084528923035e-02,7.160828113555908203e-01,-7.428939640522003174e-02,5.932768434286117554e-02,6.787909269332885742e-01,7.281512022018432617e-01,-6.091153621673583984e-01,-9.039445966482162476e-02,1.864943802356719971e-01,1.078480362892150879e+00,-8.416909575462341309e-01,1.570565402507781982e-01,-1.105851411819458008e+00,9.690861403942108154e-02,-1.121338084340095520e-01,7.943272590637207031e-01,-1.473251134157180786e-01,1.741914898157119751e-01,-3.745390102267265320e-02,5.029726773500442505e-02,1.161467209458351135e-01,3.780500590801239014e-02,6.050826311111450195e-01,-8.320420384407043457e-01,-8.341041952371597290e-02,8.198635652661323547e-03,-3.838259577751159668e-01,-1.134980097413063049e-01,-7.798526901751756668e-03,-6.804102659225463867e-01,7.605807185173034668e-01,-2.039834558963775635e-01,1.533758789300918579e-01,-1.826705336570739746e-01,-4.646589607000350952e-02
-3.011264279484748840e-02,-3.826847299933433533e-02,7.093351483345031738e-01,-7.668676227331161499e-02,6.408698111772537231e-02,6.808773875236511230e-01,7.255466580390930176e-01,-6.278710365295410156e-01,-8.562587946653366089e-02,1.855295598506927490e-01,1.105884313583374023e+00,-8.579110503196716309e-01,1.444512605667114258e-01,-1.102656483650207520e+00,8.964198082685470581e-02,-9.357306361198425293e-02,8.642901778221130371e-01,-1.667185574769973755e-01,1.544606238603591919e-01,-3.618073090910911560e-02,6.233766302466392517e-02,1.175173670053482056e-01,4.241343215107917786e-02,5.926855802536010742e-01,-8.465133309364318848e-01,-8.282932639122009277e-02,-3.654780564829707146e-03,-3.727476894855499268e-01,-1.062114313244819641e-01,1.245768740773200989e-02,-6.844773888587951660e-01,7.672167420387268066e-01,-1.971250921487808228e-01,1.310906708240509033e-01,-1.796478182077407837e-01,-5.887391418218612671e-02
-3.074448369443416595e-02,-4.443949833512306213e-02,7.041283249855041504e-01,-7.914955168962478638e-02,6.866086274385452271e-02,6.820959448814392090e-01,7.237169146537780762e-01,-6.325687170028686523e-01,-6.385535746812820435e-02,2.113377749919891357e-01,1.149935245513916016e+00,-8.587386608123779297e-01,1.122929751873016357e-01,-1.104461431503295898e+00,5.505388230085372925e-02,-1.153594031929969788e-01,9.268600344657897949e-01,-2.031589150428771973e-01,1.380224227905273438e-01,-3.736002370715141296e-02,7.218043506145477295e-02,1.165163516998291016e-01,5.313060432672500610e-02,5.921939611434936523e-01,-8.591296672821044922e-01,-8.182696998119354248e-02,-4.154640249907970428e-03,-3.794212043285369873e-01,-1.056953743100166321e-01,3.815059736371040344e-02,-6.987380385398864746e-01,7.778263688087463379e-01,-1.933806389570236206e-01,1.167925894260406494e-01,-1.895605325698852539e-01,-5.363939702510833740e-02
-2.973884530365467072e-02,-5.101427808403968811e-02,6.983281373977661133e-01,-7.780642062425613403e-02,6.695902347564697266e-02,6.891327500343322754e-01,7.173274755477905273e-01,-6.508375406265258789e-01,-2.223262330517172813e-03,2.788211107254028320e-01,1.257837533950805664e+00,-8.213825821876525879e-01,7.666752487421035767e-02,-1.114848971366882324e+00,-2.297691628336906433e-02,-1.777716577053070068e-01,1.036456942558288574e+00,-2.584332823753356934e-01,1.375464498996734619e-01,-4.384929686784744263e-02,7.980782538652420044e-02,1.188699826598167419e-01,7.009689509868621826e-02,6.026957631111145020e-01,-8.632889986038208008e-01,-8.953457325696945190e-02,-4.103841632604598999e-02,-3.981894552707672119e-01,-8.969064801931381226e-02,7.122246176004409790e-02,-7.165918350219726562e-01,7.794790267944335938e-01,-2.132230103015899658e-01,1.461232155561447144e-01,-2.048640996217727661e-01,-4.539649188518524170e-02
-2.617061510682106018e-02,-4.138260707259178162e-02,6.901943683624267578e-01,-8.348241448402404785e-02,6.609681993722915649e-02,6.982069015502929688e-01,7.079328894615173340e-01,-6.680456995964050293e-01,8.340754359960556030e-02,3.484697937965393066e-01,1.378876447677612305e+00,-8.212248682975769043e-01,8.894752711057662964e-02,-1.124089717864990234e+00,-1.159941926598548889e-01,-2.354334890842437744e-01,1.220063090324401855e+00,-3.241783976554870605e-01,1.553054004907608032e-01,-5.064946413040161133e-02,8.092575520277023315e-02,1.143086105585098267e-01,1.023143678903579712e-01,6.194337606430053711e-01,-8.609089851379394531e-01,-1.087381616234779358e-01,-8.330976217985153198e-02,-4.106244742870330811e-01,-5.583937466144561768e-02,1.082372963428497314e-01,-7.237026095390319824e-01,7.760497331619262695e-01,-2.318886220455169678e-01,1.979185789823532104e-01,-2.172923833131790161e-01,-6.243229657411575317e-02
-2.128332667052745819e-02,-3.287982195615768433e-02,6.821434497833251953e-01,-8.472320437431335449e-02,6.224526464939117432e-02,7.052949070930480957e-01,7.010753154754638672e-01,-6.843140721321105957e-01,1.440336555242538452e-01,3.828744888305664062e-01,1.466910600662231445e+00,-8.418314456939697266e-01,1.089464128017425537e-01,-1.128013730049133301e+00,-1.866867840290069580e-01,-2.583978176116943359e-01,1.336254119873046875e+00,-3.900280296802520752e-01,1.615332365036010742e-01,-5.473423749208450317e-02,7.676560431718826294e-02,1.110214665532112122e-01,1.307795941829681396e-01,6.412222385406494141e-01,-8.500694632530212402e-01,-1.263387203216552734e-01,-1.140372380614280701e-01,-4.162243604660034180e-01,-2.035126090049743652e-02,1.373964399099349976e-01,-7.292793989181518555e-01,7.717109918594360352e-01,-2.389456331729888916e-01,2.455580234527587891e-01,-2.199289053678512573e-01,-8.279778063297271729e-02
-1.573343388736248016e-02,-2.503159455955028534e-02,6.763999462127685547e-01,-8.665113151073455811e-02,5.792268365621566772e-02,7.103944420814514160e-01,6.960433125495910645e-01,-6.960903406143188477e-01,1.816196590662002563e-01,3.914527893066406250e-01,1.527515530586242676e+00,-8.612596392631530762e-01,1.190817579627037048e-01,-1.124346017837524414e+00,-2.206644266843795776e-01,-2.642112970352172852e-01,1.402913928031921387e+00,-4.401659965515136719e-01,1.677210479974746704e-01,-5.381127074360847473e-02,6.916377693414688110e-02,1.061603873968124390e-01,1.483030915260314941e-01,6.584271788597106934e-01,-8.500632047653198242e-01,-1.349925100803375244e-01,-1.388109624385833740e-01,-4.228984117507934570e-01,-7.363109383732080460e-03,1.475598812103271484e-01,-7.212921977043151855e-01,7.758095860481262207e-01,-2.326633036136627197e-01,2.963050901889801025e-01,-2.187025249004364014e-01,-8.637281507253646851e-02
-1.017939392477273941e-02,-1.836267299950122833e-02,6.764557957649230957e-01,-9.068576246500015259e-02,6.104348227381706238e-02,7.141121029853820801e-01,6.914431452751159668e-01,-7.023743987083435059e-01,1.740389019250869751e-01,3.769295513629913330e-01,1.523384690284729004e+00,-8.726696372032165527e-01,1.234350278973579407e-01,-1.124945402145385742e+00,-2.397212535142898560e-01,-2.725295424461364746e-01,1.423579454421997070e+00,-4.606282413005828857e-01,1.583571732044219971e-01,-5.652608349919319153e-02,5.592595785856246948e-02,9.828449785709381104e-02,1.395556777715682983e-01,6.694121360778808594e-01,-8.521801233291625977e-01,-1.367716044187545776e-01,-1.301775723695755005e-01,-4.355899989604949951e-01,-6.240958347916603088e-03,1.230551451444625854e-01,-7.143188118934631348e-01,7.854475975036621094e-01,-2.116148322820663452e-01,3.115408122539520264e-01,-2.204668372869491577e-01,-7.627758383750915527e-02
-5.003216676414012909e-03,-1.247030124068260193e-02,6.808787584304809570e-01,-9.231187403202056885e-02,7.294614613056182861e-02,7.166365981101989746e-01,6.874513030052185059e-01,-6.961225271224975586e-01,1.229218244552612305e-01,3.443002402782440186e-01,1.468127727508544922e+00,-8.726699948310852051e-01,1.259876489639282227e-01,-1.137182235717773438e+00,-2.451210170984268188e-01,-2.637515068054199219e-01,1.416914820671081543e+00,-4.552367925643920898e-01,1.417888253927230835e-01,-6.547249108552932739e-02,3.823276236653327942e-02,8.912255614995956421e-02,1.193214654922485352e-01,6.635326743125915527e-01,-8.553208708763122559e-01,-1.300291717052459717e-01,-9.211646765470504761e-02,-4.468747079372406006e-01,-1.906502991914749146e-02,8.945193886756896973e-02,-7.081482410430908203e-01,7.935240268707275391e-01,-1.875664740800857544e-01,2.753340005874633789e-01,-2.272259145975112915e-01,-6.424044817686080933e-02
-5.726429517380893230e-04,-5.433048121631145477e-03,6.849827170372009277e-01,-9.223041683435440063e-02,7.936907559633255005e-02,7.122822999954223633e-01,6.912655234336853027e-01,-6.656776070594787598e-01,6.662040203809738159e-02,2.833831012248992920e-01,1.422276139259338379e+00,-8.726699948310852051e-01,1.290229260921478271e-01,-1.141717910766601562e+00,-2.025841325521469116e-01,-2.340381443500518799e-01,1.396568417549133301e+00,-4.303406476974487305e-01,1.313674449920654297e-01,-5.966869741678237915e-02,2.872064150869846344e-02,8.349028974771499634e-02,1.057178229093551636e-01,6.460950374603271484e-01,-8.523921370506286621e-01,-1.248066276311874390e-01,-6.271466612815856934e-02,-4.404813349246978760e-01,-3.175374120473861694e-02,6.625916808843612671e-02,-7.103996276855468750e-01,8.024497628211975098e-01,-1.813128739595413208e-01,2.327778637409210205e-01,-2.364847362041473389e-01,-6.508658826351165771e-02
3.139254404231905937e-03,4.035342950373888016e-03,6.857934594154357910e-01,-9.101700782775878906e-02,7.731797546148300171e-02,6.999433040618896484e-01,7.041429281234741211e-01,-6.182677149772644043e-01,2.157992497086524963e-02,1.996261626482009888e-01,1.403303027153015137e+00,-8.726699948310852051e-01,1.264575272798538208e-01,-1.134201407432556152e+00,-1.036116182804107666e-01,-1.919433027505874634e-01,1.368233442306518555e+00,-4.067806899547576904e-01,1.218967735767364502e-01,-3.423774614930152893e-02,2.765745297074317932e-02,9.232313930988311768e-02,9.672204405069351196e-02,6.330435276031494141e-01,-8.499939441680908203e-01,-1.306963711977005005e-01,-5.294639617204666138e-02,-4.266594946384429932e-01,-4.313235729932785034e-02,4.182552173733711243e-02,-7.185747027397155762e-01,8.170608282089233398e-01,-1.878519505262374878e-01,1.964232176542282104e-01,-2.360329329967498779e-01,-7.744332402944564819e-02
7.286719512194395065e-03,1.360547915101051331e-02,6.847766041755676270e-01,-8.973309397697448730e-02,8.176311850547790527e-02,6.920186877250671387e-01,7.115988135337829590e-01,-5.778061151504516602e-01,-4.397159814834594727e-02,1.168610006570816040e-01,1.375041246414184570e+00,-8.726699948310852051e-01,1.563317924737930298e-01,-1.145284533500671387e+00,-2.276785206049680710e-03,-1.224537342786788940e-01,1.385803580284118652e+00,-3.884823322296142578e-01,1.080592125654220581e-01,-1.869177259504795074e-02,2.171529456973075867e-02,8.946285396814346313e-02,9.741252660751342773e-02,6.196113824844360352e-01,-8.453529477119445801e-01,-1.478422880172729492e-01,-7.959178835153579712e-02,-3.879227042198181152e-01,-8.543731272220611572e-02,2.492648176848888397e-02,-7.274489402770996094e-01,8.312297463417053223e-01,-2.031102180480957031e-01,2.048630416393280029e-01,-2.164689898490905762e-01,-4.367413371801376343e-02
1.031671185046434402e-02,2.174024470150470734e-02,6.832892298698425293e-01,-9.010754525661468506e-02,9.091297537088394165e-02,6.955788135528564453e-01,7.069551348686218262e-01,-5.591616034507751465e-01,-8.958701789379119873e-02,8.176605403423309326e-02,1.332901120185852051e+00,-8.726699948310852051e-01,1.843520849943161011e-01,-1.162431836128234863e+00,2.897173538804054260e-02,-8.096831291913986206e-02,1.394106626510620117e+00,-3.797195553779602051e-01,1.065735295414924622e-01,-2.934279851615428925e-02,6.060762330889701843e-03,6.847268342971801758e-02,8.821519464254379272e-02,6.177254915237426758e-01,-8.463390469551086426e-01,-1.501977890729904175e-01,-8.346280455589294434e-02,-3.773944973945617676e-01,-1.129148080945014954e-01,2.151254937052726746e-02,-7.142953872680664062e-01,8.318021297454833984e-01,-2.055604010820388794e-01,2.176841050386428833e-01,-2.079691439867019653e-01,-3.307059407234191895e-02
1.199722196906805038e-02,3.004467673599720001e-02,6.783280372619628906e-01,-8.296308666467666626e-02,8.292715251445770264e-02,6.973109245300292969e-01,7.071051597595214844e-01,-5.528373122215270996e-01,-6.653733551502227783e-02,1.037731990218162537e-01,1.338595271110534668e+00,-8.726699948310852051e-01,1.840412467718124390e-01,-1.150650262832641602e+00,5.879455059766769409e-02,-7.547140121459960938e-02,1.407298207283020020e+00,-3.812505304813385010e-01,8.715163916349411011e-02,-3.218254446983337402e-02,1.418049726635217667e-02,7.121392339468002319e-02,7.635261863470077515e-02,6.224339008331298828e-01,-8.473390340805053711e-01,-1.516727805137634277e-01,-1.156654432415962219e-01,-3.720048069953918457e-01,-1.522048413753509521e-01,-5.028262268751859665e-03,-7.183382511138916016e-01,8.319449424743652344e-01,-2.059497982263565063e-01,2.445286810398101807e-01,-2.014202922582626343e-01,-1.378153078258037567e-02
