7.782174274325370789e-03,6.336236372590065002e-03,7.308743000030517578e-01,-7.043534424155950546e-03,1.310959178954362869e-02,4.187735021114349365e-01,9.079687595367431641e-01,9.514397382736206055e-02,1.819059550762176514e-01,1.533363908529281616e-01,6.347451210021972656e-01,-3.982184827327728271e-01,1.276820339262485504e-02,-4.304578006267547607e-01,-7.184094283729791641e-03,7.388750556856393814e-03,7.808521389961242676e-01,-2.393606156110763550e-01,2.260922044515609741e-01,-3.383350968360900879e-01,2.131139338016510010e-01,2.664095759391784668e-01,-1.677174568176269531e-01,1.450781106948852539e+00,3.160960972309112549e-01,8.764505982398986816e-01,3.653071522712707520e-01,1.095581129193305969e-01,2.941955924034118652e-01,4.788850843906402588e-01,-6.522687673568725586e-01,-3.965679109096527100e-01,9.953417778015136719e-01,4.054357409477233887e-01,5.792505666613578796e-02,-3.192943334579467773e-01
-3.029070561751723289e-03,-2.776049368549138308e-04,6.986747980117797852e-01,-2.706153318285942078e-02,1.427244581282138824e-02,4.717861115932464600e-01,8.811820745468139648e-01,-2.367473691701889038e-01,1.932607591152191162e-01,4.197973757982254028e-02,1.143894433975219727e+00,-6.161820888519287109e-01,3.378672525286674500e-02,-6.374765634536743164e-01,1.256326586008071899e-02,1.668929867446422577e-02,1.103296995162963867e+00,-3.603790104389190674e-01,2.507508397102355957e-01,-4.731445312500000000e-01,2.317683696746826172e-01,2.934531867504119873e-01,-7.188439965248107910e-01,1.531568408012390137e+00,-2.027918249368667603e-01,1.069666266441345215e+00,3.441311419010162354e-01,-1.034361273050308228e-01,3.554796874523162842e-01,2.204628586769104004e-01,-7.131925821304321289e-01,-1.753054708242416382e-01,1.365718007087707520e+00,6.258620023727416992e-01,-1.177562996745109558e-01,-2.470244169235229492e-01
-7.992904633283615112e-03,1.537606818601489067e-03,6.950418949127197266e-01,-4.836183413863182068e-02,4.100325051695108414e-03,4.983081817626953125e-01,8.656404018402099609e-01,-3.266451954841613770e-01,1.751231402158737183e-01,1.049088593572378159e-02,1.196497082710266113e+00,-6.625803112983703613e-01,5.827070027589797974e-02,-6.244927048683166504e-01,9.279372543096542358e-02,7.986712455749511719e-02,1.040355682373046875e+00,-3.420839607715606689e-01,2.580340206623077393e-01,-3.886412680149078369e-01,2.981882095336914062e-01,2.550394833087921143e-01,-1.309882283210754395e+00,1.342393040657043457e+00,-7.738645672798156738e-01,1.017080903053283691e+00,3.678922355175018311e-01,-1.221284046769142151e-01,3.905038535594940186e-01,3.169133067131042480e-01,-6.704844832420349121e-01,-3.024860918521881104e-01,1.415245175361633301e+00,7.123469114303588867e-01,-1.387322992086410522e-01,-2.600121498107910156e-01
-1.248178351670503616e-02,3.000564407557249069e-03,6.878052949905395508e-01,-6.737434864044189453e-02,-7.971247658133506775e-03,5.128213167190551758e-01,8.558104038238525391e-01,-3.838194310665130615e-01,1.692084372043609619e-01,6.298386957496404648e-03,1.215775251388549805e+00,-7.088311314582824707e-01,7.406153529882431030e-02,-6.131145954132080078e-01,1.514256298542022705e-01,1.270547211170196533e-01,9.926648139953613281e-01,-3.511611521244049072e-01,2.366087585687637329e-01,-3.186659812927246094e-01,2.858299314975738525e-01,2.398682683706283569e-01,-1.731520295143127441e+00,1.174183964729309082e+00,-1.179354906082153320e+00,9.268075823783874512e-01,3.875542283058166504e-01,-1.479146480560302734e-01,3.788320124149322510e-01,3.801065385341644287e-01,-5.779961943626403809e-01,-3.793987929821014404e-01,1.434363722801208496e+00,7.547977566719055176e-01,-1.453786939382553101e-01,-2.630308270454406738e-01
-1.587497070431709290e-02,5.367480684071779251e-03,6.752889156341552734e-01,-7.647131383419036865e-02,-1.798235252499580383e-02,5.205136537551879883e-01,8.502318859100341797e-01,-4.095294177532196045e-01,1.609675586223602295e-01,-2.149947686120867729e-03,1.245711684226989746e+00,-7.630931735038757324e-01,9.440497308969497681e-02,-6.066269874572753906e-01,1.703369468450546265e-01,1.284102201461791992e-01,1.013598680496215820e+00,-4.126074016094207764e-01,2.022461146116256714e-01,-3.172384798526763916e-01,2.945175170898437500e-01,2.426361143589019775e-01,-1.825777649879455566e+00,1.126486778259277344e+00,-1.258335590362548828e+00,8.043164014816284180e-01,4.315151274204254150e-01,-1.614660918712615967e-01,3.971359729766845703e-01,4.035188555717468262e-01,-5.917885303497314453e-01,-4.100293219089508057e-01,1.460013985633850098e+00,7.468489408493041992e-01,-1.344924122095108032e-01,-2.660956084728240967e-01
-1.799581572413444519e-02,8.631776086986064911e-03,6.622025966644287109e-01,-7.947576791048049927e-02,-1.871779933571815491e-02,5.124588608741760254e-01,8.548210859298706055e-01,-4.053772091865539551e-01,1.728256642818450928e-01,4.746271297335624695e-03,1.281862139701843262e+00,-8.134394884109497070e-01,1.017586737871170044e-01,-6.168438792228698730e-01,1.528910696506500244e-01,9.713809937238693237e-02,1.070188522338867188e+00,-4.450847208499908447e-01,1.866068094968795776e-01,-3.096385300159454346e-01,2.831241190433502197e-01,2.409863770008087158e-01,-1.865211009979248047e+00,1.125059008598327637e+00,-1.320708394050598145e+00,7.678464055061340332e-01,4.623261392116546631e-01,-1.632384210824966431e-01,3.986000120639801025e-01,4.381826221942901611e-01,-6.470689773559570312e-01,-4.503774642944335938e-01,1.482832908630371094e+00,6.794024109840393066e-01,-1.264228671789169312e-01,-2.787543237209320068e-01
-1.883773878216743469e-02,1.270832307636737823e-02,6.519349217414855957e-01,-7.726819813251495361e-02,-9.821608662605285645e-03,4.947116672992706299e-01,8.655596375465393066e-01,-3.697873950004577637e-01,1.676860302686691284e-01,2.151776105165481567e-02,1.280995488166809082e+00,-8.544598817825317383e-01,1.014841124415397644e-01,-6.599242687225341797e-01,1.121974438428878784e-01,6.840519607067108154e-02,1.174772620201110840e+00,-4.478010237216949463e-01,1.891981661319732666e-01,-3.103318512439727783e-01,2.525049448013305664e-01,2.365593761205673218e-01,-1.863842368125915527e+00,1.175279855728149414e+00,-1.391755938529968262e+00,8.431294560432434082e-01,5.112936496734619141e-01,-1.518563777208328247e-01,3.808794915676116943e-01,4.707038700580596924e-01,-7.761750817298889160e-01,-5.137330889701843262e-01,1.495160937309265137e+00,5.483418107032775879e-01,-1.126160845160484314e-01,-2.694976031780242920e-01
-1.831113547086715698e-02,1.594012230634689331e-02,6.481727957725524902e-01,-6.073850393295288086e-02,1.158946938812732697e-02,4.683640003204345703e-01,8.813692331314086914e-01,-3.318555355072021484e-01,1.202990934252738953e-01,4.114829748868942261e-02,1.223688602447509766e+00,-8.726699948310852051e-01,1.083384603261947632e-01,-7.310857772827148438e-01,1.728457584977149963e-02,3.906178101897239685e-02,1.316622972488403320e+00,-4.452231526374816895e-01,2.033934444189071655e-01,-3.157340288162231445e-01,2.025465369224548340e-01,2.201985120773315430e-01,-1.798257231712341309e+00,1.268558621406555176e+00,-1.399948120117187500e+00,9.749652147293090820e-01,5.497937798500061035e-01,-1.470440924167633057e-01,3.502833247184753418e-01,5.030005574226379395e-01,-9.435855746269226074e-01,-5.935356020927429199e-01,1.466402053833007812e+00,4.045977890491485596e-01,-1.112552210688591003e-01,-2.416133731603622437e-01
-1.270099822431802750e-02,2.203473635017871857e-02,6.484268307685852051e-01,-4.515133798122406006e-02,3.544392436742782593e-02,4.346856176853179932e-01,8.987510800361633301e-01,-2.863775193691253662e-01,8.924815803766250610e-02,7.241523265838623047e-02,1.166042327880859375e+00,-8.726699948310852051e-01,1.070098429918289185e-01,-8.152382373809814453e-01,-5.229033157229423523e-02,6.547006219625473022e-02,1.428119421005249023e+00,-4.279422461986541748e-01,2.238197028636932373e-01,-3.345226049423217773e-01,1.516050547361373901e-01,1.816704720258712769e-01,-1.681375861167907715e+00,1.409498691558837891e+00,-1.384585738182067871e+00,1.187361598014831543e+00,5.963268876075744629e-01,-1.373590826988220215e-01,2.544865906238555908e-01,5.843514204025268555e-01,-1.199505805969238281e+00,-6.900063157081604004e-01,1.395629167556762695e+00,1.642841845750808716e-01,-1.000010520219802856e-01,-1.963411122560501099e-01
-1.676992629654705524e-03,2.914907597005367279e-02,6.491595506668090820e-01,-3.274803608655929565e-02,5.393505468964576721e-02,3.967091143131256104e-01,9.157731533050537109e-01,-2.496068328619003296e-01,9.050747007131576538e-02,9.960296750068664551e-02,1.113026738166809082e+00,-8.726699948310852051e-01,8.551608771085739136e-02,-9.042114615440368652e-01,-1.184015572071075439e-01,7.695239037275314331e-02,1.475513339042663574e+00,-4.590990841388702393e-01,2.166321128606796265e-01,-3.475879132747650146e-01,1.281991899013519287e-01,1.527231782674789429e-01,-1.609946489334106445e+00,1.535473704338073730e+00,-1.375853657722473145e+00,1.327188968658447266e+00,6.457489728927612305e-01,-1.259380728006362915e-01,1.989886909723281860e-01,6.723261475563049316e-01,-1.410593271255493164e+00,-7.829328775405883789e-01,1.316865086555480957e+00,-3.481079638004302979e-02,-1.044060811400413513e-01,-1.526551842689514160e-01
1.271724980324506760e-02,3.654798492789268494e-02,6.483813524246215820e-01,-2.122580818831920624e-02,6.475406885147094727e-02,3.615416586399078369e-01,9.298623800277709961e-01,-2.013888359069824219e-01,8.234471827745437622e-02,9.989827126264572144e-02,1.055627465248107910e+00,-8.678349256515502930e-01,4.085208848118782043e-02,-9.902597665786743164e-01,-1.702744364738464355e-01,9.271218627691268921e-02,1.447241187095642090e+00,-4.996610283851623535e-01,2.008927017450332642e-01,-3.624228537082672119e-01,1.032418981194496155e-01,1.338132917881011963e-01,-1.559884905815124512e+00,1.668700933456420898e+00,-1.365531444549560547e+00,1.464965581893920898e+00,6.495839953422546387e-01,-1.077453717589378357e-01,1.617666929960250854e-01,7.648289203643798828e-01,-1.593243479728698730e+00,-9.114547371864318848e-01,1.258555531501770020e+00,-1.504898369312286377e-01,-1.117549017071723938e-01,-1.539620459079742432e-01
2.960749156773090363e-02,4.358223825693130493e-02,6.442222595214843750e-01,-1.462589669972658157e-02,7.764744758605957031e-02,3.422625660896301270e-01,9.362763166427612305e-01,-1.702565401792526245e-01,7.954151928424835205e-02,7.135503739118576050e-02,1.030088782310485840e+00,-8.661644458770751953e-01,-3.474186873063445091e-03,-1.048912405967712402e+00,-1.932312250137329102e-01,1.223900392651557922e-01,1.388096094131469727e+00,-5.093981623649597168e-01,2.007690370082855225e-01,-3.860380053520202637e-01,7.972607016563415527e-02,1.215496063232421875e-01,-1.545208215713500977e+00,1.791076898574829102e+00,-1.384682536125183105e+00,1.556544423103332520e+00,6.147825717926025391e-01,-1.077033430337905884e-01,1.493208706378936768e-01,8.442392945289611816e-01,-1.738051652908325195e+00,-1.018372416496276855e+00,1.231533050537109375e+00,-2.383385896682739258e-01,-1.257040649652481079e-01,-2.011477798223495483e-01
5.014545097947120667e-02,5.160319805145263672e-02,6.390878558158874512e-01,-3.097004955634474754e-03,8.736448734998703003e-02,3.331828415393829346e-01,9.388008713722229004e-01,-1.141561195254325867e-01,6.588143855333328247e-02,3.255412727594375610e-02,9.611444473266601562e-01,-8.584861755371093750e-01,-4.519353434443473816e-02,-1.081957817077636719e+00,-1.827614903450012207e-01,1.550779044628143311e-01,1.329396605491638184e+00,-5.135777592658996582e-01,2.094125598669052124e-01,-3.960844278335571289e-01,6.367533653974533081e-02,1.074902266263961792e-01,-1.542509913444519043e+00,1.867724776268005371e+00,-1.388197898864746094e+00,1.611297726631164551e+00,5.475999712944030762e-01,-1.239299476146697998e-01,1.391341537237167358e-01,8.929888010025024414e-01,-1.773704767227172852e+00,-1.073778390884399414e+00,1.182385921478271484e+00,-2.766254246234893799e-01,-1.338942646980285645e-01,-2.606495618820190430e-01
7.462657988071441650e-02,5.981784686446189880e-02,6.330279707908630371e-01,5.223412998020648956e-03,9.039381891489028931e-02,3.361668884754180908e-01,9.374398589134216309e-01,-6.899630278348922729e-02,8.035169541835784912e-02,5.749579984694719315e-03,9.210886955261230469e-01,-8.401310443878173828e-01,-5.399448797106742859e-02,-1.087301254272460938e+00,-1.463871002197265625e-01,1.776096820831298828e-01,1.308052301406860352e+00,-5.413179993629455566e-01,2.106420546770095825e-01,-3.777401149272918701e-01,5.331753194332122803e-02,1.176943480968475342e-01,-1.557427287101745605e+00,1.893845319747924805e+00,-1.395108103752136230e+00,1.629104852676391602e+00,5.125751495361328125e-01,-1.400986611843109131e-01,1.455302238464355469e-01,1.008478760719299316e+00,-1.654356479644775391e+00,-1.127633213996887207e+00,1.006721019744873047e+00,-2.571373879909515381e-01,-1.513604968786239624e-01,-3.026518821716308594e-01
1.017489209771156311e-01,5.258789658546447754e-02,6.293648481369018555e-01,9.549316600896418095e-04,9.857587516307830811e-02,3.400124311447143555e-01,9.352397918701171875e-01,-5.289188027381896973e-02,1.209620311856269836e-01,-5.232078488916158676e-03,9.080659151077270508e-01,-8.311971426010131836e-01,-2.937146648764610291e-02,-1.074600815773010254e+00,-1.114586293697357178e-01,1.838371753692626953e-01,1.320252299308776855e+00,-5.830482840538024902e-01,2.019221484661102295e-01,-3.280132412910461426e-01,4.226596280932426453e-02,1.285961717367172241e-01,-1.574011206626892090e+00,1.899482011795043945e+00,-1.399999976158142090e+00,1.647482872009277344e+00,5.054538846015930176e-01,-1.740356385707855225e-01,1.415053904056549072e-01,1.113700628280639648e+00,-1.465176463127136230e+00,-1.077582359313964844e+00,6.367122530937194824e-01,-2.232451289892196655e-01,-2.083714008331298828e-01,-2.974499762058258057e-01
1.288092136383056641e-01,4.352145642042160034e-02,6.295037865638732910e-01,-1.603786647319793701e-02,9.393884986639022827e-02,3.440836966037750244e-01,9.340903162956237793e-01,-5.891264230012893677e-02,1.570066064596176147e-01,-4.102897644042968750e-02,9.704893827438354492e-01,-7.941581606864929199e-01,-2.648088708519935608e-02,-1.040904521942138672e+00,-5.845066905021667480e-02,1.613617837429046631e-01,1.315278410911560059e+00,-5.865492820739746094e-01,1.907367259263992310e-01,-2.562815546989440918e-01,2.563934214413166046e-02,1.393574923276901245e-01,-1.539239048957824707e+00,1.886718392372131348e+00,-1.399999976158142090e+00,1.651352763175964355e+00,5.089346170425415039e-01,-2.160250991582870483e-01,8.395244926214218140e-02,1.059225797653198242e+00,-1.308340430259704590e+00,-7.940952181816101074e-01,5.615319684147834778e-02,-1.099772825837135315e-01,-2.885771393775939941e-01,-1.848393976688385010e-01
1.512555181980133057e-01,3.080735169351100922e-02,6.357708573341369629e-01,-1.393693592399358749e-02,8.536156266927719116e-02,3.541034162044525146e-01,9.311981201171875000e-01,-1.135838031768798828e-01,1.807466298341751099e-01,-5.068897455930709839e-02,1.113062739372253418e+00,-6.816611886024475098e-01,-3.444497659802436829e-02,-9.973002076148986816e-01,-3.892080113291740417e-02,1.445187479257583618e-01,1.291312694549560547e+00,-5.679481625556945801e-01,1.740780472755432129e-01,-1.552960872650146484e-01,-2.546499855816364288e-02,1.339554935693740845e-01,-1.415255665779113770e+00,1.806745409965515137e+00,-1.365840196609497070e+00,1.637775063514709473e+00,5.114322304725646973e-01,-2.426647245883941650e-01,-3.189266100525856018e-02,8.842051625251770020e-01,-1.131779551506042480e+00,-4.130231738090515137e-01,-3.258901238441467285e-01,6.920629739761352539e-02,-2.922990918159484863e-01,-4.039127752184867859e-02
1.660951972007751465e-01,1.768241822719573975e-02,6.455488204956054688e-01,-4.830087069422006607e-03,8.025907725095748901e-02,3.746487200260162354e-01,9.236739277839660645e-01,-2.286644428968429565e-01,1.687930524349212646e-01,-1.850322075188159943e-02,1.333159327507019043e+00,-5.955317616462707520e-01,-1.975776627659797668e-02,-9.582380652427673340e-01,-4.447847604751586914e-02,1.621471941471099854e-01,1.246862530708312988e+00,-5.269774198532104492e-01,1.647293865680694580e-01,-2.833135239779949188e-02,2.743956446647644043e-02,1.183819919824600220e-01,-7.518345713615417480e-01,1.403085947036743164e+00,-8.403213024139404297e-01,1.669553637504577637e+00,5.086600780487060547e-01,-1.979768723249435425e-01,-9.973613917827606201e-02,7.754197120666503906e-01,-1.006436586380004883e+00,-2.928091585636138916e-01,-4.748089611530303955e-01,1.999507993459701538e-01,-2.501556575298309326e-01,7.205217331647872925e-02
1.754861325025558472e-01,9.237791411578655243e-03,6.528626084327697754e-01,-1.729839853942394257e-02,7.148510962724685669e-02,4.090276956558227539e-01,9.095531702041625977e-01,-3.728611767292022705e-01,1.397307962179183960e-01,-4.151991382241249084e-02,1.562111020088195801e+00,-5.393593907356262207e-01,1.062029041349887848e-03,-9.189074039459228516e-01,-8.777269162237644196e-03,1.976688951253890991e-01,1.208301782608032227e+00,-4.983366429805755615e-01,1.660940349102020264e-01,-1.384459435939788818e-01,3.011997938156127930e-01,1.059268265962600708e-01,-9.878453798592090607e-03,8.379868865013122559e-01,-2.686455845832824707e-01,1.461901903152465820e+00,5.750651359558105469e-01,-1.177349686622619629e-01,-2.491678344085812569e-03,6.313539147377014160e-01,-1.234264492988586426e+00,-1.956958621740341187e-01,-5.718320012092590332e-01,3.776565492153167725e-01,-2.116924673318862915e-01,1.739382147789001465e-01
1.818874329328536987e-01,-3.230206668376922607e-03,6.552878618240356445e-01,-2.790744975209236145e-02,6.811144202947616577e-02,4.545038044452667236e-01,8.876982927322387695e-01,-5.210883021354675293e-01,7.110824435949325562e-02,-1.348864100873470306e-02,1.776729464530944824e+00,-4.856121838092803955e-01,3.378147631883621216e-02,-8.904606103897094727e-01,-1.328292023390531540e-02,2.118664830923080444e-01,1.202147006988525391e+00,-4.949111342430114746e-01,1.478468775749206543e-01,-1.099825352430343628e-01,3.369709849357604980e-01,8.229078352451324463e-02,1.476242393255233765e-02,6.118203401565551758e-01,-4.109864234924316406e-01,1.360551118850708008e+00,6.133133769035339355e-01,-1.080899611115455627e-01,-4.500896483659744263e-02,2.948699593544006348e-01,-1.120174288749694824e+00,1.310725808143615723e-01,-5.608265995979309082e-01,4.874949157238006592e-01,-1.608639508485794067e-01,2.317496687173843384e-01
1.847811490297317505e-01,-1.868876814842224121e-02,6.533288955688476562e-01,-4.406484216451644897e-02,6.731903553009033203e-02,4.961392581462860107e-01,8.645069599151611328e-01,-6.615785956382751465e-01,1.701559638604521751e-03,1.411085110157728195e-02,1.981536865234375000e+00,-4.548837244510650635e-01,7.907938957214355469e-02,-8.779892921447753906e-01,-2.416658587753772736e-02,2.023901194334030151e-01,1.204383730888366699e+00,-5.272054672241210938e-01,1.225030869245529175e-01,-8.203928172588348389e-02,3.323827683925628662e-01,6.055139377713203430e-02,2.146875858306884766e-02,4.535382390022277832e-01,-4.782794415950775146e-01,1.308817505836486816e+00,5.748124718666076660e-01,-9.125176072120666504e-02,-8.107700943946838379e-02,-6.107301265001296997e-02,-9.067946672439575195e-01,4.275193214416503906e-01,-4.822901785373687744e-01,5.165522098541259766e-01,-1.402456015348434448e-01,2.509464025497436523e-01
1.875922232866287231e-01,-3.387871012091636658e-02,6.518843770027160645e-01,-5.491248518228530884e-02,6.652641296386718750e-02,5.400020480155944824e-01,8.372315168380737305e-01,-8.193742632865905762e-01,-7.862279564142227173e-02,6.838751584291458130e-02,2.171032667160034180e+00,-4.203898608684539795e-01,1.148815006017684937e-01,-8.588767051696777344e-01,-4.481533542275428772e-02,1.779359728097915649e-01,1.210758447647094727e+00,-5.747326612472534180e-01,8.810170739889144897e-02,-5.238484218716621399e-02,3.220593929290771484e-01,5.370546877384185791e-02,4.377578943967819214e-02,3.201946616172790527e-01,-5.360463857650756836e-01,1.264909505844116211e+00,4.882497191429138184e-01,-8.795596659183502197e-02,-1.046604290604591370e-01,-3.450311124324798584e-01,-6.736773252487182617e-01,6.204531788825988770e-01,-4.006174504756927490e-01,5.478624105453491211e-01,-1.192250549793243408e-01,2.192630767822265625e-01
1.911856979131698608e-01,-4.767399653792381287e-02,6.535782814025878906e-01,-5.054527521133422852e-02,5.499903485178947449e-02,5.909551382064819336e-01,8.032386302947998047e-01,-9.596194028854370117e-01,-1.384170353412628174e-01,1.139881685376167297e-01,2.288291454315185547e+00,-4.374234378337860107e-01,1.466555148363113403e-01,-8.127743601799011230e-01,-9.385182708501815796e-02,1.329059153795242310e-01,1.222072839736938477e+00,-6.004637479782104492e-01,6.474176049232482910e-02,-2.039754204452037811e-02,3.037116527557373047e-01,6.442223489284515381e-02,5.365823954343795776e-02,2.522768974304199219e-01,-5.670738220214843750e-01,1.212687730789184570e+00,4.148826897144317627e-01,-1.052710562944412231e-01,-1.299243718385696411e-01,-5.430467128753662109e-01,-4.641737341880798340e-01,7.105710506439208984e-01,-3.091135621070861816e-01,5.662272572517395020e-01,-1.144651621580123901e-01,1.968327909708023071e-01
1.939759254455566406e-01,-6.083748862147331238e-02,6.601908206939697266e-01,-4.576896876096725464e-02,4.762302339076995850e-02,6.355020403861999512e-01,7.692687511444091797e-01,-1.059929013252258301e+00,-1.592255234718322754e-01,1.437005549669265747e-01,2.319972991943359375e+00,-4.733742773532867432e-01,1.674906611442565918e-01,-7.600796818733215332e-01,-1.335610002279281616e-01,8.038212358951568604e-02,1.204624772071838379e+00,-6.204673051834106445e-01,5.666912347078323364e-02,1.659451797604560852e-02,2.758604288101196289e-01,7.211425155401229858e-02,5.735058337450027466e-02,2.204033881425857544e-01,-5.565426349639892578e-01,1.187003016471862793e+00,3.206492960453033447e-01,-1.321195363998413086e-01,-1.284043788909912109e-01,-6.836648583412170410e-01,-2.992454767227172852e-01,7.306576967239379883e-01,-1.939969211816787720e-01,6.016743779182434082e-01,-1.446042209863662720e-01,1.264226883649826050e-01
1.942064911127090454e-01,-7.242153584957122803e-02,6.716076135635375977e-01,-2.987283654510974884e-02,3.426249325275421143e-02,6.659066677093505859e-01,7.446489334106445312e-01,-1.115135431289672852e+00,-1.578155308961868286e-01,1.350657194852828979e-01,2.230737686157226562e+00,-5.037220120429992676e-01,1.797609627246856689e-01,-6.878859400749206543e-01,-1.509902328252792358e-01,4.461821541190147400e-02,1.164006352424621582e+00,-6.126884222030639648e-01,8.120351284742355347e-02,4.429204016923904419e-02,2.292656898498535156e-01,8.551792055368423462e-02,3.995745629072189331e-02,2.130033075809478760e-01,-5.338019728660583496e-01,1.190364480018615723e+00,2.659439742565155029e-01,-1.522044539451599121e-01,-8.541884273290634155e-02,-7.415752410888671875e-01,-2.442943006753921509e-01,6.690103411674499512e-01,-1.458109468221664429e-01,6.393048167228698730e-01,-1.877462714910507202e-01,4.219106212258338928e-02
1.945282667875289917e-01,-8.370403200387954712e-02,6.892646551132202148e-01,-1.687263511121273041e-02,2.830643951892852783e-02,6.892234683036804199e-01,7.237990498542785645e-01,-1.108342647552490234e+00,-1.446587443351745605e-01,1.020659804344177246e-01,2.048869132995605469e+00,-5.074041485786437988e-01,1.631963849067687988e-01,-6.030268073081970215e-01,-1.525224745273590088e-01,2.646915614604949951e-03,1.071899056434631348e+00,-5.985276103019714355e-01,1.328722834587097168e-01,7.516005635261535645e-02,1.793719530105590820e-01,9.512225538492202759e-02,2.398950606584548950e-02,2.152210772037506104e-01,-5.002683401107788086e-01,1.208362817764282227e+00,2.441741079092025757e-01,-1.755404025316238403e-01,-2.342698909342288971e-02,-7.067229151725769043e-01,-2.408260852098464966e-01,5.172925591468811035e-01,-1.153985932469367981e-01,6.901375055313110352e-01,-2.467932552099227905e-01,-8.112110197544097900e-02
1.960612386465072632e-01,-7.913020253181457520e-02,7.094225883483886719e-01,-1.496890932321548462e-02,2.353623509407043457e-02,7.000331878662109375e-01,7.135653495788574219e-01,-1.031480669975280762e+00,-1.042501702904701233e-01,6.292028725147247314e-02,1.788721442222595215e+00,-5.072933435440063477e-01,1.361017078161239624e-01,-5.095508694648742676e-01,-1.385103762149810791e-01,-4.837773740291595459e-02,9.576736092567443848e-01,-5.445201992988586426e-01,1.898083537817001343e-01,1.048650518059730530e-01,1.485197544097900391e-01,1.028511971235275269e-01,3.743985295295715332e-02,2.337902486324310303e-01,-4.618991017341613770e-01,1.212910175323486328e+00,2.447178214788436890e-01,-2.030378580093383789e-01,2.062329789623618126e-03,-6.307972073554992676e-01,-2.823857963085174561e-01,3.523130118846893311e-01,-1.104518026113510132e-01,6.849968433380126953e-01,-3.104839622974395752e-01,-2.072444707155227661e-01
1.994776576757431030e-01,-7.442651689052581787e-02,7.264412045478820801e-01,-2.716890722513198853e-02,1.489062327891588211e-02,7.085790038108825684e-01,7.049509882926940918e-01,-9.286736249923706055e-01,-4.030698910355567932e-02,1.319537498056888580e-02,1.481682300567626953e+00,-4.949793219566345215e-01,8.798983693122863770e-02,-4.153651297092437744e-01,-8.755883574485778809e-02,-8.509889990091323853e-02,8.442992568016052246e-01,-4.934668540954589844e-01,2.157904505729675293e-01,1.177129149436950684e-01,1.475525945425033569e-01,9.705717861652374268e-02,8.551061153411865234e-02,2.613185048103332520e-01,-4.200407564640045166e-01,1.203166484832763672e+00,2.341886013746261597e-01,-2.174427360296249390e-01,1.930479891598224640e-02,-5.301969051361083984e-01,-3.429921269416809082e-01,1.597645431756973267e-01,-1.016039550304412842e-01,6.627398729324340820e-01,-3.980745673179626465e-01,-3.622198998928070068e-01
2.040539383888244629e-01,-6.967616081237792969e-02,7.363462448120117188e-01,-2.810627967119216919e-02,1.045192033052444458e-02,7.208715081214904785e-01,6.924197077751159668e-01,-8.662375211715698242e-01,3.698774799704551697e-02,1.743922196328639984e-02,1.209288239479064941e+00,-4.790056049823760986e-01,5.483915284276008606e-02,-3.210300207138061523e-01,-5.963280797004699707e-02,-1.186917498707771301e-01,7.822842597961425781e-01,-5.000844597816467285e-01,2.126929014921188354e-01,1.078963875770568848e-01,1.344602853059768677e-01,9.140917658805847168e-02,1.276764422655105591e-01,2.989767789840698242e-01,-4.009847640991210938e-01,1.203971505165100098e+00,2.487019151449203491e-01,-2.213856279850006104e-01,4.809486865997314453e-02,-4.423971474170684814e-01,-4.241032600402832031e-01,-2.143631130456924438e-02,-3.696532547473907471e-02,6.549817323684692383e-01,-4.680958390235900879e-01,-5.167110562324523926e-01
2.089487016201019287e-01,-6.678982824087142944e-02,7.411271929740905762e-01,-1.771451719105243683e-02,8.801962248980998993e-03,7.351451516151428223e-01,6.776210665702819824e-01,-8.185431361198425293e-01,9.189713746309280396e-02,4.978713393211364746e-02,9.650006294250488281e-01,-4.587742388248443604e-01,1.385979354381561279e-02,-2.434516400098800659e-01,-5.563172698020935059e-02,-1.515913754701614380e-01,7.620093822479248047e-01,-5.134115219116210938e-01,2.024896293878555298e-01,7.450565695762634277e-02,1.031620278954505920e-01,9.298983961343765259e-02,1.767044663429260254e-01,3.445458412170410156e-01,-3.423437476158142090e-01,1.196599125862121582e+00,2.543002367019653320e-01,-2.104024887084960938e-01,7.865875214338302612e-02,-3.527255058288574219e-01,-5.076476335525512695e-01,-2.280268371105194092e-01,5.224811285734176636e-02,6.750661134719848633e-01,-5.258810520172119141e-01,-6.551239490509033203e-01
2.146784812211990356e-01,-6.579808145761489868e-02,7.411720156669616699e-01,-1.061022281646728516e-02,1.794257946312427521e-02,7.486903667449951172e-01,6.625920534133911133e-01,-7.822328209877014160e-01,9.328944981098175049e-02,5.616084486246109009e-02,7.537732720375061035e-01,-4.402010440826416016e-01,-4.605915397405624390e-03,-2.171805500984191895e-01,-7.485366612672805786e-02,-1.741786301136016846e-01,7.835609316825866699e-01,-5.628957152366638184e-01,1.783556789159774780e-01,4.360443726181983948e-02,5.807771906256675720e-02,7.548136264085769653e-02,1.982429921627044678e-01,3.734337687492370605e-01,-2.708653807640075684e-01,1.206351518630981445e+00,2.283977121114730835e-01,-1.838868409395217896e-01,9.254618734121322632e-02,-2.896789908409118652e-01,-5.988395214080810547e-01,-3.890720307826995850e-01,1.579549908638000488e-01,6.977690458297729492e-01,-5.400488376617431641e-01,-7.345091700553894043e-01
2.183517217636108398e-01,-6.567387282848358154e-02,7.345114350318908691e-01,-1.206581387668848038e-02,1.950567401945590973e-02,7.554670572280883789e-01,6.547850370407104492e-01,-8.006768822669982910e-01,9.321298450231552124e-02,4.075807332992553711e-02,7.205047607421875000e-01,-4.595920145511627197e-01,-2.643596148118376732e-03,-2.154946327209472656e-01,-7.060669362545013428e-02,-1.709504276514053345e-01,8.190798163414001465e-01,-6.309580206871032715e-01,1.655522733926773071e-01,2.020168304443359375e-02,3.032789006829261780e-02,6.615281850099563599e-02,2.134702503681182861e-01,3.801936805248260498e-01,-2.095527797937393188e-01,1.214920759201049805e+00,2.026978880167007446e-01,-1.741706132888793945e-01,1.235362291336059570e-01,-2.521960735321044922e-01,-6.399985551834106445e-01,-4.765333235263824463e-01,2.240056097507476807e-01,6.943504214286804199e-01,-5.437702536582946777e-01,-7.960922718048095703e-01
2.217426598072052002e-01,-6.484062969684600830e-02,7.345311641693115234e-01,-1.381192822009325027e-02,2.691482380032539368e-02,7.569159865379333496e-01,6.528115868568420410e-01,-7.785264849662780762e-01,7.718563824892044067e-02,4.432737827301025391e-02,6.343912482261657715e-01,-4.319372177124023438e-01,4.451052751392126083e-03,-2.085632979869842529e-01,-7.157257199287414551e-02,-1.664488911628723145e-01,8.029904365539550781e-01,-6.602275967597961426e-01,1.532640904188156128e-01,3.109515272080898285e-02,1.231561298482120037e-03,5.216755717992782593e-02,2.014898955821990967e-01,3.991495370864868164e-01,-1.973765194416046143e-01,1.218005895614624023e+00,1.953168064355850220e-01,-1.686144173145294189e-01,1.342843621969223022e-01,-2.926273643970489502e-01,-6.525923013687133789e-01,-4.827650785446166992e-01,2.951625585556030273e-01,7.082365751266479492e-01,-5.504214167594909668e-01,-8.233076930046081543e-01
2.234023213386535645e-01,-6.543608754873275757e-02,7.316378355026245117e-01,-8.943330496549606323e-03,2.892571687698364258e-02,7.542546391487121582e-01,6.558836102485656738e-01,-8.179588317871093750e-01,5.401119589805603027e-02,3.434036672115325928e-02,6.828887462615966797e-01,-4.210631847381591797e-01,5.742184352129697800e-03,-2.123583406209945679e-01,-8.386353403329849243e-02,-1.635775715112686157e-01,8.249946832656860352e-01,-6.787818074226379395e-01,1.541770547628402710e-01,5.374681577086448669e-02,-7.869142107665538788e-03,4.895851388573646545e-02,1.967431306838989258e-01,3.889751136302947998e-01,-2.156770825386047363e-01,1.214085459709167480e+00,1.977762132883071899e-01,-1.683150231838226318e-01,1.309521347284317017e-01,-3.316820561885833740e-01,-5.996468663215637207e-01,-4.142943620681762695e-01,2.819238007068634033e-01,7.277536988258361816e-01,-5.444822907447814941e-01,-7.910453677177429199e-01
2.271209061145782471e-01,-6.527335196733474731e-02,7.345536947250366211e-01,-1.001982949674129486e-02,3.314679861068725586e-02,7.459019422531127930e-01,6.651549935340881348e-01,-8.272147178649902344e-01,2.727542258799076080e-02,1.016862317919731140e-02,6.861396431922912598e-01,-3.922269940376281738e-01,8.823115378618240356e-03,-2.017872035503387451e-01,-7.063756883144378662e-02,-1.424088180065155029e-01,7.786352634429931641e-01,-6.663857698440551758e-01,1.519725769758224487e-01,8.288441598415374756e-02,-1.114779151976108551e-02,4.931789636611938477e-02,1.687435805797576904e-01,3.837953209877014160e-01,-2.194224894046783447e-01,1.220708250999450684e+00,2.035387605428695679e-01,-1.679020971059799194e-01,1.131280884146690369e-01,-4.617882668972015381e-01,-5.061417818069458008e-01,-2.407729029655456543e-01,3.038776516914367676e-01,7.574788331985473633e-01,-5.149833559989929199e-01,-7.051745057106018066e-01
2.255307734012603760e-01,-6.732579320669174194e-02,7.341747283935546875e-01,-8.973512798547744751e-03,3.446128964424133301e-02,7.404548525810241699e-01,6.711620688438415527e-01,-8.481324911117553711e-01,-1.744481734931468964e-02,-1.968185417354106903e-02,7.394328713417053223e-01,-3.593643009662628174e-01,1.690132659859955311e-03,-2.013650238513946533e-01,-6.852147728204727173e-02,-1.199334189295768738e-01,7.641531229019165039e-01,-6.648848056793212891e-01,1.479609906673431396e-01,1.036488190293312073e-01,3.195576136931777000e-04,5.340676382184028625e-02,1.425705254077911377e-01,3.585120737552642822e-01,-2.459647506475448608e-01,1.237964987754821777e+00,2.098077237606048584e-01,-1.729870736598968506e-01,6.708671152591705322e-02,-5.545269250869750977e-01,-4.097667336463928223e-01,-3.369520604610443115e-02,3.203674256801605225e-01,8.152107000350952148e-01,-4.603219330310821533e-01,-5.268793702125549316e-01
2.174828499555587769e-01,-6.322660297155380249e-02,7.324835658073425293e-01,-1.151976734399795532e-02,3.312558308243751526e-02,7.296238541603088379e-01,6.829487681388854980e-01,-8.566462397575378418e-01,-4.915353655815124512e-02,-3.647901490330696106e-02,8.117436766624450684e-01,-3.554888665676116943e-01,-1.140028354711830616e-03,-1.928808838129043579e-01,-6.353734433650970459e-02,-8.783928304910659790e-02,7.464089989662170410e-01,-6.632317900657653809e-01,1.531870663166046143e-01,1.229019463062286377e-01,1.309570949524641037e-02,5.542252212762832642e-02,1.227606460452079773e-01,3.266619443893432617e-01,-2.557260692119598389e-01,1.261713743209838867e+00,1.770971268415451050e-01,-1.761974394321441650e-01,1.421417109668254852e-02,-6.651331782341003418e-01,-3.146857023239135742e-01,1.962651461362838745e-01,3.582796752452850342e-01,8.310468792915344238e-01,-3.753288984298706055e-01,-3.233257532119750977e-01
2.161406427621841431e-01,-6.417407095432281494e-02,7.297219634056091309e-01,-6.979589350521564484e-03,3.219095245003700256e-02,7.225792407989501953e-01,6.905029416084289551e-01,-8.520402312278747559e-01,-8.392814546823501587e-02,-4.798982292413711548e-02,8.465508818626403809e-01,-3.612435162067413330e-01,8.065293543040752411e-03,-1.940180808305740356e-01,-5.648056417703628540e-02,-4.676017537713050842e-02,7.571806311607360840e-01,-6.827692985534667969e-01,1.418094784021377563e-01,1.308082193136215210e-01,2.509371563792228699e-02,6.306526809930801392e-02,9.789770841598510742e-02,2.950189411640167236e-01,-2.611311376094818115e-01,1.275590538978576660e+00,1.737356185913085938e-01,-1.646383851766586304e-01,-2.042059600353240967e-02,-7.222980260848999023e-01,-2.084069550037384033e-01,3.590351939201354980e-01,3.925243318080902100e-01,8.447464704513549805e-01,-3.111985623836517334e-01,-1.937998533248901367e-01
2.115989923477172852e-01,-6.622003763914108276e-02,7.257069349288940430e-01,-5.211890675127506256e-03,3.157361224293708801e-02,7.195730209350585938e-01,6.936790347099304199e-01,-8.596693873405456543e-01,-1.110893785953521729e-01,-6.443950533866882324e-02,8.695161938667297363e-01,-3.843211829662322998e-01,2.539276704192161560e-02,-2.078532278537750244e-01,-5.863948911428451538e-02,-2.311736531555652618e-02,7.858675718307495117e-01,-7.100003361701965332e-01,1.328625530004501343e-01,1.417638659477233887e-01,3.377798199653625488e-02,6.270477920770645142e-02,8.810547739267349243e-02,2.777189910411834717e-01,-2.733506858348846436e-01,1.283086538314819336e+00,1.772000044584274292e-01,-1.525003761053085327e-01,-3.806003183126449585e-02,-7.573815584182739258e-01,-1.331592202186584473e-01,4.328141510486602783e-01,3.940925002098083496e-01,8.699936866760253906e-01,-2.847704589366912842e-01,-1.379486024379730225e-01
2.084092795848846436e-01,-6.391092389822006226e-02,7.243886590003967285e-01,-5.421993322670459747e-03,3.114922344684600830e-02,7.217869162559509277e-01,6.913927793502807617e-01,-8.440101742744445801e-01,-1.086305528879165649e-01,-5.048639699816703796e-02,8.514479994773864746e-01,-4.064928591251373291e-01,4.041907191276550293e-02,-1.981073915958404541e-01,-6.268151849508285522e-02,-2.185534685850143433e-02,7.802715301513671875e-01,-7.187733054161071777e-01,1.296222060918807983e-01,1.334182322025299072e-01,4.082806780934333801e-02,6.047863513231277466e-02,8.762585371732711792e-02,2.716679573059082031e-01,-2.625142633914947510e-01,1.291844248771667480e+00,1.866576671600341797e-01,-1.481127887964248657e-01,-4.348151758313179016e-02,-7.862970829010009766e-01,-1.057847142219543457e-01,4.319539070129394531e-01,3.963680863380432129e-01,8.983228206634521484e-01,-2.997651398181915283e-01,-1.319492310285568237e-01
2.050453722476959229e-01,-5.501098185777664185e-02,7.195989489555358887e-01,-8.866417221724987030e-03,3.150795400142669678e-02,7.283025979995727539e-01,6.844734549522399902e-01,-8.509337306022644043e-01,-9.089518338441848755e-02,-2.286450006067752838e-02,8.884987831115722656e-01,-4.417941570281982422e-01,5.562272667884826660e-02,-1.974477171897888184e-01,-6.922163069248199463e-02,-3.703053295612335205e-02,8.077076077461242676e-01,-7.453812956809997559e-01,1.316765844821929932e-01,1.132018119096755981e-01,4.868323728442192078e-02,4.742744192481040955e-02,1.032077670097351074e-01,2.683390378952026367e-01,-2.544529139995574951e-01,1.298400759696960449e+00,1.905602812767028809e-01,-1.529487520456314087e-01,-3.943107277154922485e-02,-7.698915004730224609e-01,-1.258645653724670410e-01,3.819666206836700439e-01,3.590860664844512939e-01,9.227561950683593750e-01,-3.318074047565460205e-01,-1.534206122159957886e-01
2.045768946409225464e-01,-3.815432637929916382e-02,7.198981642723083496e-01,-1.743915118277072906e-02,3.135673701763153076e-02,7.392856478691101074e-01,6.724354028701782227e-01,-8.157929778099060059e-01,-3.014749847352504730e-02,4.652731493115425110e-02,8.892378211021423340e-01,-4.656375050544738770e-01,6.527430564165115356e-02,-1.387541443109512329e-01,-6.547863036394119263e-02,-8.293837308883666992e-02,7.351270914077758789e-01,-7.361238002777099609e-01,1.309974342584609985e-01,1.076285764575004578e-01,4.751581698656082153e-02,2.741166949272155762e-02,1.265373378992080688e-01,3.030196726322174072e-01,-2.642255127429962158e-01,1.292174696922302246e+00,1.996631622314453125e-01,-1.716298162937164307e-01,-7.953544147312641144e-03,-7.055054903030395508e-01,-2.061288654804229736e-01,2.436043024063110352e-01,2.855469286441802979e-01,9.670149683952331543e-01,-3.892861604690551758e-01,-2.428895533084869385e-01
1.953876763582229614e-01,-3.230636194348335266e-02,7.155048847198486328e-01,-2.047985047101974487e-02,2.276827394962310791e-02,7.562235593795776367e-01,6.535963416099548340e-01,-7.965492010116577148e-01,2.139182761311531067e-02,9.348196536302566528e-02,9.062358140945434570e-01,-4.887576997280120850e-01,6.792619824409484863e-02,-1.011024266481399536e-01,-7.329858839511871338e-02,-1.324023753404617310e-01,7.265995740890502930e-01,-7.451076507568359375e-01,1.287651211023330688e-01,8.508044481277465820e-02,5.182036757469177246e-02,1.706973277032375336e-02,1.531332433223724365e-01,3.254714310169219971e-01,-2.564038038253784180e-01,1.283257961273193359e+00,2.087395787239074707e-01,-1.770956069231033325e-01,2.313302643597126007e-02,-6.246185302734375000e-01,-3.141528964042663574e-01,7.599710673093795776e-02,2.102013677358627319e-01,9.498651623725891113e-01,-4.568618237972259521e-01,-3.578735589981079102e-01
1.885948181152343750e-01,-2.031692862510681152e-02,7.069111466407775879e-01,-2.560133114457130432e-02,1.963737234473228455e-02,7.735146880149841309e-01,6.329565048217773438e-01,-7.933521270751953125e-01,6.003126502037048340e-02,1.269706487655639648e-01,9.417885541915893555e-01,-5.262218117713928223e-01,7.091227173805236816e-02,-8.396837860345840454e-02,-7.127460092306137085e-02,-1.524726152420043945e-01,7.559970617294311523e-01,-7.672883868217468262e-01,1.249240189790725708e-01,4.254810512065887451e-02,5.496345087885856628e-02,1.153780426830053329e-02,1.776499003171920776e-01,3.358676433563232422e-01,-2.219345867633819580e-01,1.272019624710083008e+00,2.257891148328781128e-01,-1.773997843265533447e-01,4.859447106719017029e-02,-5.328876972198486328e-01,-4.089728891849517822e-01,-7.727584242820739746e-02,1.675536930561065674e-01,9.060111045837402344e-01,-5.076335668563842773e-01,-4.378860592842102051e-01
1.803831905126571655e-01,-7.184227462857961655e-03,6.960423588752746582e-01,-2.887547016143798828e-02,1.594577543437480927e-02,7.901713848114013672e-01,6.119976639747619629e-01,-7.841950058937072754e-01,7.759726792573928833e-02,1.388651281595230103e-01,9.830459952354431152e-01,-5.734664797782897949e-01,8.779437094926834106e-02,-6.085377186536788940e-02,-5.540097504854202271e-02,-1.263358592987060547e-01,7.875184416770935059e-01,-7.971813082695007324e-01,1.242954879999160767e-01,-5.024750716984272003e-03,5.167041718959808350e-02,1.301842648535966873e-02,1.991180330514907837e-01,3.415188491344451904e-01,-1.718934476375579834e-01,1.265036463737487793e+00,2.083567231893539429e-01,-1.757535785436630249e-01,6.933929771184921265e-02,-4.266448616981506348e-01,-5.075190067291259766e-01,-2.652606964111328125e-01,1.130184158682823181e-01,8.326914906501770020e-01,-5.533059835433959961e-01,-5.226500630378723145e-01
1.709754616022109985e-01,5.529488436877727509e-03,6.843250989913940430e-01,-2.739684656262397766e-02,3.933933097869157791e-03,8.063853979110717773e-01,5.907422900199890137e-01,-7.664669156074523926e-01,9.488561004400253296e-02,1.443345695734024048e-01,1.056509375572204590e+00,-6.132367849349975586e-01,1.046596989035606384e-01,-7.534484378993511200e-03,-2.237706445157527924e-02,-7.217516005039215088e-02,7.948656082153320312e-01,-8.185263872146606445e-01,1.245418116450309753e-01,-2.772984839975833893e-02,4.597502946853637695e-02,2.303040027618408203e-02,2.056421786546707153e-01,3.478417396545410156e-01,-1.445668488740921021e-01,1.260855436325073242e+00,1.790464073419570923e-01,-1.758662760257720947e-01,9.453801065683364868e-02,-2.907988727092742920e-01,-5.570983886718750000e-01,-4.461102485656738281e-01,5.740291252732276917e-02,7.184221148490905762e-01,-5.612359642982482910e-01,-6.528174877166748047e-01
1.616389900445938110e-01,1.626411266624927521e-02,6.730934977531433105e-01,-3.019826486706733704e-02,-4.643073771148920059e-03,8.165820837020874023e-01,5.764201879501342773e-01,-7.713428735733032227e-01,1.053868606686592102e-01,1.324951052665710449e-01,1.153633117675781250e+00,-6.560090184211730957e-01,1.192854195833206177e-01,2.598685584962368011e-02,8.613073267042636871e-03,-2.005660533905029297e-02,8.137862682342529297e-01,-8.491654992103576660e-01,1.272006928920745850e-01,-5.045423656702041626e-02,3.771039843559265137e-02,3.048453107476234436e-02,2.057258039712905884e-01,3.469610810279846191e-01,-1.152820214629173279e-01,1.272005677223205566e+00,1.620170921087265015e-01,-1.730382442474365234e-01,1.120284125208854675e-01,-1.961316019296646118e-01,-5.837161540985107422e-01,-5.418160557746887207e-01,4.719738662242889404e-02,6.354171633720397949e-01,-5.424066781997680664e-01,-7.171164751052856445e-01
1.434005349874496460e-01,3.196036443114280701e-02,6.656580567359924316e-01,-3.108039870858192444e-02,-4.267502110451459885e-03,8.196776509284973145e-01,5.719653367996215820e-01,-7.702819705009460449e-01,1.041533201932907104e-01,1.361012905836105347e-01,1.236074447631835938e+00,-6.942108273506164551e-01,1.389032900333404541e-01,4.765536636114120483e-02,-9.520305320620536804e-03,-4.941037390381097794e-03,8.621391057968139648e-01,-8.423132300376892090e-01,1.413663476705551147e-01,-4.408723488450050354e-02,1.525862980633974075e-02,2.180411666631698608e-02,1.874718368053436279e-01,3.425657749176025391e-01,-9.328044950962066650e-02,1.289920806884765625e+00,1.401010900735855103e-01,-1.648535579442977905e-01,1.233290731906890869e-01,-1.282704025506973267e-01,-5.969915390014648438e-01,-5.542910099029541016e-01,7.707814127206802368e-02,5.776634812355041504e-01,-4.817910790443420410e-01,-7.198719382286071777e-01
1.299988329410552979e-01,4.909063130617141724e-02,6.644755601882934570e-01,-2.390737086534500122e-02,7.236217148602008820e-03,8.210411071777343750e-01,5.703223943710327148e-01,-7.397996187210083008e-01,8.061470836400985718e-02,1.758120805025100708e-01,1.249686837196350098e+00,-7.042848467826843262e-01,1.586940437555313110e-01,6.793355941772460938e-02,-6.333853304386138916e-02,-7.951277308166027069e-03,9.081910848617553711e-01,-7.954161763191223145e-01,1.709156036376953125e-01,-1.583145931363105774e-02,-3.191381320357322693e-02,8.064577355980873108e-03,1.415395587682723999e-01,3.375722169876098633e-01,-9.306724369525909424e-02,1.313450574874877930e+00,1.059679538011550903e-01,-1.607341021299362183e-01,1.156107857823371887e-01,-8.911811560392379761e-02,-6.205905079841613770e-01,-4.877003133296966553e-01,1.561872065067291260e-01,5.421746969223022461e-01,-3.879706561565399170e-01,-6.470527648925781250e-01
1.229989230632781982e-01,5.171785131096839905e-02,6.687542796134948730e-01,-1.504613459110260010e-02,1.462752558290958405e-02,8.206365108489990234e-01,5.710651278495788574e-01,-7.009787559509277344e-01,5.707613006234169006e-02,2.108474969863891602e-01,1.209005117416381836e+00,-6.909846663475036621e-01,1.704414039850234985e-01,7.365262508392333984e-02,-1.226857975125312805e-01,-3.863276541233062744e-02,9.489280581474304199e-01,-7.214229702949523926e-01,1.866704225540161133e-01,1.711775176227092743e-02,-6.801630556583404541e-02,-7.011843845248222351e-03,1.107044294476509094e-01,3.297785520553588867e-01,-1.061435043811798096e-01,1.324622511863708496e+00,7.237335294485092163e-02,-1.670471578836441040e-01,9.426157176494598389e-02,-8.982493728399276733e-02,-6.755541563034057617e-01,-3.416210412979125977e-01,2.776401638984680176e-01,5.333415269851684570e-01,-3.040691316127777100e-01,-4.928072988986968994e-01
1.144758686423301697e-01,5.543656647205352783e-02,6.743755936622619629e-01,8.574385428801178932e-04,2.978191338479518890e-02,8.231928348541259766e-01,5.669795870780944824e-01,-6.445757150650024414e-01,-4.586871247738599777e-03,2.486525624990463257e-01,1.134731650352478027e+00,-6.728652715682983398e-01,2.010832875967025757e-01,4.639027267694473267e-02,-1.599091142416000366e-01,-1.255083456635475159e-02,1.068902492523193359e+00,-5.553738474845886230e-01,2.210636734962463379e-01,2.466667443513870239e-02,-1.148317679762840271e-01,-1.277788355946540833e-02,9.380447864532470703e-02,3.143809437751770020e-01,-1.272661089897155762e-01,1.318891286849975586e+00,2.880213409662246704e-02,-1.635380983352661133e-01,7.678903639316558838e-02,-1.268271207809448242e-01,-7.565422058105468750e-01,-1.773502975702285767e-01,3.581967651844024658e-01,5.211726427078247070e-01,-2.466690242290496826e-01,-3.444437980651855469e-01
1.061182320117950439e-01,6.331809610128402710e-02,6.810086369514465332e-01,1.831136643886566162e-02,4.745802283287048340e-02,8.263028264045715332e-01,5.609242320060729980e-01,-5.814041495323181152e-01,-8.452860265970230103e-02,2.715544998645782471e-01,1.046135306358337402e+00,-6.391223073005676270e-01,2.383106797933578491e-01,-3.966395184397697449e-02,-1.667565107345581055e-01,5.542978644371032715e-02,1.267999291419982910e+00,-3.859944939613342285e-01,2.617999911308288574e-01,-3.761114785447716713e-03,-1.622913628816604614e-01,-4.473106935620307922e-03,8.831170201301574707e-02,3.016608357429504395e-01,-1.633929163217544556e-01,1.309922337532043457e+00,4.915432538837194443e-03,-1.603009551763534546e-01,5.257458612322807312e-02,-2.013254165649414062e-01,-8.680695891380310059e-01,-1.966743171215057373e-02,3.432774245738983154e-01,5.175239443778991699e-01,-2.161937654018402100e-01,-2.044289410114288330e-01
9.907910972833633423e-02,7.374278455972671509e-02,6.892403960227966309e-01,2.578531019389629364e-02,5.866543203592300415e-02,8.261646032333374023e-01,5.597727298736572266e-01,-5.276181101799011230e-01,-1.539424806833267212e-01,2.457572370767593384e-01,9.641733765602111816e-01,-6.074330806732177734e-01,2.530469894409179688e-01,-1.743537634611129761e-01,-1.438868045806884766e-01,1.022382602095603943e-01,1.494466423988342285e+00,-2.574942111968994141e-01,2.617999911308288574e-01,-3.986927494406700134e-02,-1.800086647272109985e-01,1.263171667233109474e-03,7.997655123472213745e-02,2.993206083774566650e-01,-2.197367399930953979e-01,1.298158168792724609e+00,1.725882664322853088e-02,-1.609208434820175171e-01,9.664457291364669800e-03,-3.237368762493133545e-01,-1.012627124786376953e+00,1.471655964851379395e-01,2.586495876312255859e-01,5.068653821945190430e-01,-1.994236856698989868e-01,-4.855803400278091431e-02
9.106757491827011108e-02,8.413403481245040894e-02,6.967332363128662109e-01,1.833277940750122070e-02,5.322280153632164001e-02,8.292333483695983887e-01,5.560604929924011230e-01,-4.927472472190856934e-01,-1.793226450681686401e-01,1.928795874118804932e-01,9.119241833686828613e-01,-5.998541712760925293e-01,2.617999911308288574e-01,-3.476102948188781738e-01,-8.795285224914550781e-02,1.492765694856643677e-01,1.730980515480041504e+00,-2.203949987888336182e-01,2.273256778717041016e-01,-1.180957183241844177e-01,-1.480313986539840698e-01,1.146330032497644424e-03,7.283177226781845093e-02,2.951947152614593506e-01,-2.929415404796600342e-01,1.302209854125976562e+00,6.380903720855712891e-02,-1.771931797266006470e-01,-4.244812950491905212e-02,-4.479616880416870117e-01,-1.207393884658813477e+00,2.566874325275421143e-01,-6.732419878244400024e-02,5.346055030822753906e-01,-2.504741847515106201e-01,8.664602786302566528e-02
8.385474234819412231e-02,9.455865621566772461e-02,7.041834592819213867e-01,4.590776825352804735e-06,4.824219271540641785e-02,8.296322226524353027e-01,5.562221407890319824e-01,-4.771911203861236572e-01,-1.702161580324172974e-01,1.584366559982299805e-01,8.784320950508117676e-01,-6.048297882080078125e-01,2.617999911308288574e-01,-5.301805138587951660e-01,-1.437223795801401138e-02,1.566542237997055054e-01,1.914402008056640625e+00,-2.234899997711181641e-01,1.701274663209915161e-01,-1.680652946233749390e-01,-1.030718535184860229e-01,-8.929032832384109497e-03,6.785231083631515503e-02,3.169535994529724121e-01,-3.749037981033325195e-01,1.275328397750854492e+00,1.163844689726829529e-01,-1.837059557437896729e-01,-7.481329888105392456e-02,-6.191498041152954102e-01,-1.353054881095886230e+00,3.340003788471221924e-01,-3.316314816474914551e-01,5.133745074272155762e-01,-2.900750041007995605e-01,1.001856625080108643e-01
7.511205971240997314e-02,1.026922240853309631e-01,7.109310626983642578e-01,-1.390969287604093552e-02,4.505410417914390564e-02,8.254077434539794922e-01,5.625643730163574219e-01,-4.507284164428710938e-01,-1.640159189701080322e-01,1.429750770330429077e-01,8.363297581672668457e-01,-6.115071177482604980e-01,2.523832619190216064e-01,-6.964388489723205566e-01,1.497609447687864304e-02,1.536242365837097168e-01,1.991748213768005371e+00,-2.625233829021453857e-01,1.242242455482482910e-01,-2.075748443603515625e-01,-6.591629236936569214e-02,-1.573665998876094818e-02,6.061059236526489258e-02,3.390141129493713379e-01,-4.230166077613830566e-01,1.256521224975585938e+00,1.487679928541183472e-01,-1.864897310733795166e-01,-7.276842743158340454e-02,-8.159707784652709961e-01,-1.466233968734741211e+00,3.961476087570190430e-01,-4.948931634426116943e-01,4.947322607040405273e-01,-3.319242000579833984e-01,2.813533134758472443e-02
6.670067459344863892e-02,1.100294142961502075e-01,7.185274362564086914e-01,-1.921961084008216858e-02,4.315592348575592041e-02,8.234094381332397461e-01,5.654777288436889648e-01,-3.957869112491607666e-01,-1.709170341491699219e-01,1.305074393749237061e-01,7.682900428771972656e-01,-6.031285524368286133e-01,2.303332239389419556e-01,-8.234208822250366211e-01,6.165037862956523895e-03,1.453163623809814453e-01,1.980255246162414551e+00,-2.959159612655639648e-01,8.895557373762130737e-02,-2.493188083171844482e-01,-4.725310951471328735e-02,-1.003429573029279709e-02,5.017198622226715088e-02,3.630983233451843262e-01,-4.472417235374450684e-01,1.229054808616638184e+00,1.607850790023803711e-01,-1.895479261875152588e-01,-6.442766636610031128e-02,-1.009386658668518066e+00,-1.536145448684692383e+00,4.444361627101898193e-01,-6.123276948928833008e-01,4.660065174102783203e-01,-3.732975721359252930e-01,-6.918223202228546143e-02
5.851157009601593018e-02,1.174849644303321838e-01,7.255891561508178711e-01,-1.565011218190193176e-02,4.098915681242942810e-02,8.247490525245666504e-01,5.637943148612976074e-01,-3.247629106044769287e-01,-1.863533556461334229e-01,1.222811341285705566e-01,6.971291303634643555e-01,-5.715991854667663574e-01,1.966405361890792847e-01,-8.933696150779724121e-01,-2.931836433708667755e-02,1.281087696552276611e-01,1.869190335273742676e+00,-3.254413604736328125e-01,6.003493443131446838e-02,-2.960465550422668457e-01,-3.427650034427642822e-02,7.696668151766061783e-03,4.011685028672218323e-02,3.902799189090728760e-01,-4.706836938858032227e-01,1.191103816032409668e+00,1.774491369724273682e-01,-1.982219517230987549e-01,-6.107629463076591492e-02,-1.202455401420593262e+00,-1.576334476470947266e+00,5.028706192970275879e-01,-6.956050395965576172e-01,3.825079500675201416e-01,-4.141224026679992676e-01,-1.977801620960235596e-01
5.025916174054145813e-02,1.263704448938369751e-01,7.320841550827026367e-01,-6.401102524250745773e-03,3.961199149489402771e-02,8.267105817794799805e-01,5.611947774887084961e-01,-2.282788306474685669e-01,-2.105618268251419067e-01,1.175190880894660950e-01,5.987899303436279297e-01,-5.289980173110961914e-01,1.624893695116043091e-01,-9.015506505966186523e-01,-6.960634142160415649e-02,8.358271420001983643e-02,1.676916718482971191e+00,-3.539819717407226562e-01,5.311203375458717346e-02,-3.472983837127685547e-01,-2.228950709104537964e-02,2.935273014008998871e-02,3.556103259325027466e-02,3.947012424468994141e-01,-4.643929004669189453e-01,1.152572154998779297e+00,1.894805729389190674e-01,-2.040093392133712769e-01,-4.331267997622489929e-02,-1.371924281120300293e+00,-1.574339509010314941e+00,5.523687601089477539e-01,-7.307088375091552734e-01,2.711551189422607422e-01,-4.248850345611572266e-01,-3.417677581310272217e-01
4.175418242812156677e-02,1.520091295242309570e-01,7.358876466751098633e-01,-6.962636834941804409e-04,4.100906103849411011e-02,8.285309076309204102e-01,5.584391951560974121e-01,-1.342498362064361572e-01,-2.229206711053848267e-01,1.339480131864547729e-01,5.194388628005981445e-01,-4.996337592601776123e-01,1.502754688262939453e-01,-8.678874373435974121e-01,-7.240973412990570068e-02,2.911290153861045837e-02,1.441278338432312012e+00,-3.776267766952514648e-01,7.647131383419036865e-02,-3.934175372123718262e-01,-2.012682234635576606e-04,4.901345074176788330e-02,3.061298839747905731e-02,3.775369822978973389e-01,-4.503071010112762451e-01,1.134054541587829590e+00,1.885090917348861694e-01,-2.051182687282562256e-01,-2.948552556335926056e-02,-1.495497822761535645e+00,-1.561360478401184082e+00,5.802179574966430664e-01,-7.315135002136230469e-01,1.516945064067840576e-01,-4.159392416477203369e-01,-4.643844366073608398e-01
3.253944963216781616e-02,1.775096654891967773e-01,7.361129522323608398e-01,4.073167685419321060e-03,4.129908606410026550e-02,8.279950618743896484e-01,5.591976642608642578e-01,-6.185596063733100891e-02,-2.330420315265655518e-01,1.408228725194931030e-01,4.704070687294006348e-01,-4.864827394485473633e-01,1.456529200077056885e-01,-8.326155543327331543e-01,-5.415687710046768188e-02,-2.649471536278724670e-02,1.257115483283996582e+00,-3.797994852066040039e-01,1.100616604089736938e-01,-4.214018881320953369e-01,2.320387959480285645e-02,5.687075480818748474e-02,2.735545672476291656e-02,3.642457425594329834e-01,-4.337922930717468262e-01,1.118905782699584961e+00,1.717028617858886719e-01,-2.070256322622299194e-01,-1.501590292900800705e-02,-1.564601182937622070e+00,-1.559542536735534668e+00,5.808581113815307617e-01,-7.245673537254333496e-01,7.877509295940399170e-02,-3.957181274890899658e-01,-5.418688058853149414e-01
2.070383168756961823e-02,1.901508122682571411e-01,7.338781952857971191e-01,7.085379678755998611e-03,3.819639608263969421e-02,8.253638148307800293e-01,5.632631778717041016e-01,1.257938053458929062e-02,-2.497805058956146240e-01,1.406380981206893921e-01,3.876249790191650391e-01,-4.850209057331085205e-01,1.381039023399353027e-01,-7.833194136619567871e-01,-2.729464136064052582e-02,-9.123851358890533447e-02,1.079116821289062500e+00,-3.863374888896942139e-01,1.400270909070968628e-01,-4.344388246536254883e-01,5.771972984075546265e-02,6.679802387952804565e-02,1.777966134250164032e-02,3.412873148918151855e-01,-4.152482151985168457e-01,1.114117741584777832e+00,1.592133939266204834e-01,-2.135041803121566772e-01,1.523927506059408188e-02,-1.581117510795593262e+00,-1.551853895187377930e+00,5.298119783401489258e-01,-6.842723488807678223e-01,-3.472100198268890381e-02,-3.462291359901428223e-01,-6.592578291893005371e-01
1.564058847725391388e-02,2.037308216094970703e-01,7.298010587692260742e-01,4.002211149781942368e-03,3.326658904552459717e-02,8.199568986892700195e-01,5.714437961578369141e-01,4.923968017101287842e-02,-2.384294718503952026e-01,1.598737090826034546e-01,3.638939261436462402e-01,-5.289566516876220703e-01,1.414752155542373657e-01,-7.367547750473022461e-01,2.120163850486278534e-02,-1.466933637857437134e-01,8.701776862144470215e-01,-3.722915351390838623e-01,1.773805320262908936e-01,-4.338864386081695557e-01,1.111169755458831787e-01,5.327411368489265442e-02,1.481960993260145187e-02,3.111290931701660156e-01,-3.984631597995758057e-01,1.104146838188171387e+00,1.436719745397567749e-01,-2.174981981515884399e-01,3.606966882944107056e-02,-1.528134584426879883e+00,-1.532819986343383789e+00,4.130065143108367920e-01,-6.411043405532836914e-01,-1.243696808815002441e-01,-2.927489578723907471e-01,-7.781088352203369141e-01
4.896288271993398666e-03,2.232805192470550537e-01,7.236099839210510254e-01,-1.410684897564351559e-03,2.347505278885364532e-02,8.158658742904663086e-01,5.777627229690551758e-01,7.673318684101104736e-02,-2.147230058908462524e-01,1.912232339382171631e-01,3.937652707099914551e-01,-5.935996174812316895e-01,1.402491033077239990e-01,-6.678339838981628418e-01,6.004650518298149109e-02,-1.929193884134292603e-01,7.399164438247680664e-01,-3.663728535175323486e-01,1.917337477207183838e-01,-4.472663402557373047e-01,1.713134050369262695e-01,4.840022698044776917e-02,2.323474921286106110e-02,2.670244872570037842e-01,-3.586130440235137939e-01,1.111838936805725098e+00,1.196433082222938538e-01,-2.156967669725418091e-01,5.468497052788734436e-02,-1.366349816322326660e+00,-1.496448159217834473e+00,2.081541270017623901e-01,-5.447604656219482422e-01,-1.805663406848907471e-01,-2.396039515733718872e-01,-8.897043466567993164e-01
-1.102445553988218307e-02,2.489159405231475830e-01,7.168899774551391602e-01,-8.296014741063117981e-03,1.306700613349676132e-02,8.165392875671386719e-01,5.770823359489440918e-01,1.046254038810729980e-01,-1.864515841007232666e-01,2.280804663896560669e-01,4.459222257137298584e-01,-6.364871263504028320e-01,1.303885430097579956e-01,-5.993079543113708496e-01,7.650871574878692627e-02,-2.330888360738754272e-01,6.890978217124938965e-01,-3.657169640064239502e-01,1.798105835914611816e-01,-4.732345342636108398e-01,2.189362794160842896e-01,4.820656031370162964e-02,4.247001931071281433e-02,2.193631529808044434e-01,-3.091656863689422607e-01,1.124879360198974609e+00,9.775056689977645874e-02,-2.091087996959686279e-01,8.237999677658081055e-02,-1.095138907432556152e+00,-1.428148508071899414e+00,-5.936717614531517029e-02,-4.204754829406738281e-01,-2.154984474182128906e-01,-1.802713274955749512e-01,-9.802159667015075684e-01
-2.456083148717880249e-02,2.707690000534057617e-01,7.098052501678466797e-01,-8.285475894808769226e-03,-3.463266883045434952e-03,8.168880343437194824e-01,5.767263770103454590e-01,1.077046468853950500e-01,-1.400599479675292969e-01,2.700675725936889648e-01,5.822492837905883789e-01,-6.445238590240478516e-01,1.038079485297203064e-01,-5.349291563034057617e-01,7.910687476396560669e-02,-2.725993692874908447e-01,7.206611633300781250e-01,-3.717733621597290039e-01,1.509878486394882202e-01,-4.761301279067993164e-01,2.239408344030380249e-01,4.975008592009544373e-02,7.834295183420181274e-02,2.008291929960250854e-01,-2.681045532226562500e-01,1.145117163658142090e+00,9.341950714588165283e-02,-2.102919667959213257e-01,1.140865236520767212e-01,-7.539061903953552246e-01,-1.269349694252014160e+00,-3.645325899124145508e-01,-3.495527207851409912e-01,-2.116401344537734985e-01,-1.509530991315841675e-01,-1.068814873695373535e+00
-3.670635446906089783e-02,2.914747595787048340e-01,7.037846446037292480e-01,-1.087403483688831329e-02,-2.411963045597076416e-02,8.162117600440979004e-01,5.771467685699462891e-01,6.697614490985870361e-02,-7.621356844902038574e-02,2.795055210590362549e-01,7.972227931022644043e-01,-5.813748240470886230e-01,4.530707001686096191e-02,-4.819039106369018555e-01,1.032886207103729248e-01,-2.982303798198699951e-01,7.660694122314453125e-01,-4.048113822937011719e-01,1.050001680850982666e-01,-4.572947323322296143e-01,2.316415160894393921e-01,5.008089169859886169e-02,1.081290468573570251e-01,1.944350600242614746e-01,-2.540557980537414551e-01,1.171100258827209473e+00,1.071185022592544556e-01,-2.063062489032745361e-01,1.263006776571273804e-01,-4.751900434494018555e-01,-1.096776366233825684e+00,-5.814558267593383789e-01,-3.089578449726104736e-01,-1.394275128841400146e-01,-1.730870306491851807e-01,-1.111040115356445312e+00
-4.838524758815765381e-02,3.092277348041534424e-01,6.997354030609130859e-01,-1.615384593605995178e-02,-4.238425940275192261e-02,8.173602819442749023e-01,5.743386149406433105e-01,-2.381233684718608856e-02,2.670570043846964836e-03,2.615543007850646973e-01,1.078746438026428223e+00,-4.804265201091766357e-01,-1.669972948729991913e-02,-4.467127025127410889e-01,1.368518769741058350e-01,-3.125803470611572266e-01,8.055137991905212402e-01,-4.563492536544799805e-01,5.520759895443916321e-02,-4.311518967151641846e-01,2.502140402793884277e-01,6.614895164966583252e-02,1.254254728555679321e-01,1.897483021020889282e-01,-2.719338238239288330e-01,1.175679206848144531e+00,1.275273263454437256e-01,-1.943945288658142090e-01,1.447680890560150146e-01,-2.748710215091705322e-01,-9.444020390510559082e-01,-6.866230964660644531e-01,-2.196552604436874390e-01,6.877724546939134598e-03,-2.334018498659133911e-01,-1.128255963325500488e+00
-5.947847291827201843e-02,3.242290318012237549e-01,6.974694132804870605e-01,-2.415848337113857269e-02,-5.367751419544219971e-02,8.164922595024108887e-01,5.743479132652282715e-01,-1.495116055011749268e-01,6.430651247501373291e-02,2.292257100343704224e-01,1.331587672233581543e+00,-3.734931945800781250e-01,-8.301132917404174805e-02,-4.259765744209289551e-01,1.730215251445770264e-01,-3.137690424919128418e-01,8.245498538017272949e-01,-4.881693422794342041e-01,1.203779410570859909e-02,-3.639786541461944580e-01,2.649366557598114014e-01,6.756424158811569214e-02,1.276867836713790894e-01,2.000612020492553711e-01,-3.132969439029693604e-01,1.157606959342956543e+00,1.533710360527038574e-01,-1.832330226898193359e-01,1.550740599632263184e-01,-9.878253936767578125e-02,-7.911421060562133789e-01,-7.351145744323730469e-01,-7.275782525539398193e-02,1.995992511510848999e-01,-3.149100840091705322e-01,-1.089367866516113281e+00
-6.933853030204772949e-02,3.357230424880981445e-01,6.971983909606933594e-01,-2.659763209521770477e-02,-5.495093017816543579e-02,8.164319992065429688e-01,5.742052793502807617e-01,-2.984663248062133789e-01,1.104063317179679871e-01,1.977091431617736816e-01,1.552993178367614746e+00,-3.157842457294464111e-01,-1.107907444238662720e-01,-4.165332019329071045e-01,1.910867691040039062e-01,-2.944963574409484863e-01,8.377424478530883789e-01,-5.081679821014404297e-01,-2.052348479628562927e-02,-2.907893657684326172e-01,2.622596919536590576e-01,5.805172026157379150e-02,1.179163157939910889e-01,2.172399014234542847e-01,-3.602235913276672363e-01,1.118434906005859375e+00,1.627146005630493164e-01,-1.801261156797409058e-01,1.416787505149841309e-01,1.836386881768703461e-02,-7.003733515739440918e-01,-6.953555345535278320e-01,1.839960962533950806e-01,4.239043891429901123e-01,-3.731560409069061279e-01,-9.624430537223815918e-01
-7.789486646652221680e-02,3.447552323341369629e-01,6.986190080642700195e-01,-2.358138374984264374e-02,-4.663323611021041870e-02,8.184288144111633301e-01,5.722268223762512207e-01,-4.340218305587768555e-01,1.430763602256774902e-01,1.767709553241729736e-01,1.740454554557800293e+00,-3.230448067188262939e-01,-1.074196919798851013e-01,-4.147800505161285400e-01,1.782661080360412598e-01,-2.724672257900238037e-01,8.562659025192260742e-01,-5.357833504676818848e-01,-3.783522173762321472e-02,-2.137747406959533691e-01,2.357145249843597412e-01,4.061381146311759949e-02,1.073042973875999451e-01,2.476181983947753906e-01,-4.057386517524719238e-01,1.065130710601806641e+00,1.482823342084884644e-01,-1.770531982183456421e-01,1.183306574821472168e-01,5.847301334142684937e-02,-6.457160711288452148e-01,-6.216270327568054199e-01,5.577828884124755859e-01,6.440088748931884766e-01,-3.640439510345458984e-01,-8.124641776084899902e-01
-7.711497694253921509e-02,3.497408926486968994e-01,7.030022740364074707e-01,-1.806190609931945801e-02,-3.300029411911964417e-02,8.191220164299011230e-01,5.723844170570373535e-01,-5.569155216217041016e-01,1.805187761783599854e-01,1.524339020252227783e-01,1.916599988937377930e+00,-3.305578529834747314e-01,-9.044345468282699585e-02,-4.017080068588256836e-01,1.598135083913803101e-01,-2.545838952064514160e-01,8.339391946792602539e-01,-5.467495918273925781e-01,-5.191777646541595459e-02,-1.445189267396926880e-01,2.011878788471221924e-01,2.588629163801670074e-02,1.005150899291038513e-01,2.812291979789733887e-01,-4.385120272636413574e-01,1.030743598937988281e+00,1.346220821142196655e-01,-1.637459993362426758e-01,8.581028878688812256e-02,6.207556650042533875e-02,-5.945255160331726074e-01,-5.016765594482421875e-01,9.180306792259216309e-01,7.702155709266662598e-01,-2.688744664192199707e-01,-6.166210770606994629e-01
-8.323143422603607178e-02,3.574874997138977051e-01,7.091534137725830078e-01,-1.138608716428279877e-02,-1.751990243792533875e-02,8.180360794067382812e-01,5.747872591018676758e-01,-6.419888734817504883e-01,1.721609532833099365e-01,1.166095733642578125e-01,1.996218204498291016e+00,-3.570325076580047607e-01,-8.274978399276733398e-02,-3.744835853576660156e-01,1.314953267574310303e-01,-2.219696640968322754e-01,8.002525568008422852e-01,-5.548104047775268555e-01,-4.853010922670364380e-02,-7.618843019008636475e-02,1.613202244043350220e-01,8.876289241015911102e-03,1.057922765612602234e-01,3.159887492656707764e-01,-4.440153837203979492e-01,9.901577234268188477e-01,1.257093548774719238e-01,-1.633510291576385498e-01,5.699926242232322693e-02,2.467675507068634033e-02,-5.175430774688720703e-01,-3.430441617965698242e-01,1.165363788604736328e+00,8.065873980522155762e-01,-1.607843041419982910e-01,-4.175331890583038330e-01
-9.017150104045867920e-02,3.631077408790588379e-01,7.165558338165283203e-01,-6.648735143244266510e-03,-5.215375218540430069e-03,8.162784576416015625e-01,5.775967836380004883e-01,-6.742523312568664551e-01,1.545239090919494629e-01,8.881793171167373657e-02,2.008225202560424805e+00,-3.689655363559722900e-01,-7.511590421199798584e-02,-3.450894951820373535e-01,1.068336516618728638e-01,-1.942906230688095093e-01,7.532942891120910645e-01,-5.318994522094726562e-01,-2.851837873458862305e-02,-3.116688318550586700e-02,1.232744082808494568e-01,-7.006101310253143311e-03,1.150221973657608032e-01,3.283101320266723633e-01,-4.281886518001556396e-01,9.976829886436462402e-01,1.487901210784912109e-01,-1.565754711627960205e-01,2.500491403043270111e-02,-1.964230835437774658e-02,-4.379049837589263916e-01,-1.797758936882019043e-01,1.303251385688781738e+00,7.299931645393371582e-01,-9.066744893789291382e-02,-2.647227346897125244e-01
-9.688150137662887573e-02,3.644934296607971191e-01,7.228335738182067871e-01,5.833564209751784801e-04,2.473743224982172251e-04,8.069370985031127930e-01,5.906370282173156738e-01,-6.189427971839904785e-01,1.427087634801864624e-01,7.616811245679855347e-02,1.944131255149841309e+00,-3.836253285408020020e-01,-6.227375566959381104e-02,-3.374077379703521729e-01,9.243422746658325195e-02,-1.634738445281982422e-01,7.504858970642089844e-01,-4.794786870479583740e-01,4.332143813371658325e-03,2.293029829161241651e-04,9.134498983621597290e-02,-1.576244458556175232e-02,1.223864704370498657e-01,3.191543519496917725e-01,-4.030266404151916504e-01,1.046488642692565918e+00,1.627020537853240967e-01,-1.537611931562423706e-01,-1.093049440532922745e-02,-5.663667246699333191e-02,-3.605054914951324463e-01,-3.591554984450340271e-02,1.316763997077941895e+00,6.222996711730957031e-01,-6.412810832262039185e-02,-1.885124742984771729e-01
-1.026853695511817932e-01,3.634234964847564697e-01,7.286085486412048340e-01,5.582074169069528580e-03,1.015663961879909039e-03,7.983258366584777832e-01,6.021990776062011719e-01,-5.326142311096191406e-01,1.323695331811904907e-01,7.328450679779052734e-02,1.841434597969055176e+00,-4.016107320785522461e-01,-4.745932295918464661e-02,-3.420204222202301025e-01,8.730969578027725220e-02,-1.326305568218231201e-01,7.584998011589050293e-01,-4.216550290584564209e-01,3.949031233787536621e-02,1.197143271565437317e-02,7.350809872150421143e-02,-1.602798141539096832e-02,1.377303302288055420e-01,3.041136860847473145e-01,-3.918550014495849609e-01,1.096460223197937012e+00,1.711237579584121704e-01,-1.527318507432937622e-01,-5.295901745557785034e-02,-8.093044906854629517e-02,-3.014193773269653320e-01,4.937238618731498718e-02,1.294086217880249023e+00,5.793068408966064453e-01,-5.685531347990036011e-02,-1.303419470787048340e-01
-1.077319905161857605e-01,3.587028384208679199e-01,7.326046228408813477e-01,9.491209872066974640e-03,-2.353036310523748398e-03,7.875605821609497070e-01,6.161596179008483887e-01,-4.250314235687255859e-01,1.081653833389282227e-01,5.442384257912635803e-02,1.703591346740722656e+00,-4.155957102775573730e-01,-3.682184591889381409e-02,-3.560814857482910156e-01,9.665020555257797241e-02,-9.459829330444335938e-02,7.694698572158813477e-01,-3.758119940757751465e-01,6.494908034801483154e-02,7.749760989099740982e-03,6.959649175405502319e-02,-1.284757256507873535e-02,1.725037395954132080e-01,3.025477826595306396e-01,-4.221325516700744629e-01,1.093931913375854492e+00,2.004008889198303223e-01,-1.553571075201034546e-01,-1.101943328976631165e-01,-7.821027189493179321e-02,-2.640413641929626465e-01,1.339726895093917847e-01,1.259174942970275879e+00,5.151185989379882812e-01,-4.176395013928413391e-02,-6.562918424606323242e-02
-1.116658449172973633e-01,3.499765694141387939e-01,7.335270643234252930e-01,1.111360732465982437e-02,-4.328232724219560623e-03,7.771989107131958008e-01,6.291419863700866699e-01,-2.955808639526367188e-01,8.041740208864212036e-02,3.890481963753700256e-02,1.511304974555969238e+00,-4.264020621776580811e-01,-1.695862226188182831e-02,-3.881694674491882324e-01,1.093094199895858765e-01,-6.247615069150924683e-02,7.962046861648559570e-01,-3.514370024204254150e-01,7.817430049180984497e-02,-3.424908732995390892e-03,6.980284303426742554e-02,-1.118293870240449905e-02,2.250751703977584839e-01,3.343296945095062256e-01,-4.946429133415222168e-01,1.017134189605712891e+00,2.404531985521316528e-01,-1.803322583436965942e-01,-1.777484565973281860e-01,-6.689232587814331055e-02,-2.437586635351181030e-01,2.050394117832183838e-01,1.221352338790893555e+00,4.582687914371490479e-01,-4.170154407620429993e-02,-4.492120351642370224e-03
-1.150310561060905457e-01,3.379804491996765137e-01,7.326971888542175293e-01,1.701314374804496765e-02,-1.908225705847144127e-03,7.639747858047485352e-01,6.450189352035522461e-01,-1.449127793312072754e-01,2.876011840999126434e-02,2.568380720913410187e-02,1.269271373748779297e+00,-4.561521410942077637e-01,-1.903469674289226532e-02,-4.143152236938476562e-01,9.798365831375122070e-02,-5.968549847602844238e-02,8.154672384262084961e-01,-3.406367003917694092e-01,9.261423349380493164e-02,-2.652971446514129639e-02,6.237397342920303345e-02,-6.736878771334886551e-03,2.765421569347381592e-01,4.015641808509826660e-01,-5.805175304412841797e-01,9.044837355613708496e-01,2.873719334602355957e-01,-2.165555208921432495e-01,-2.458470165729522705e-01,-3.779332339763641357e-02,-2.483707964420318604e-01,2.555338442325592041e-01,1.162595629692077637e+00,4.014419913291931152e-01,-4.669793322682380676e-02,2.030123025178909302e-02
-1.185261532664299011e-01,3.229779601097106934e-01,7.316501736640930176e-01,2.042503468692302704e-02,6.333383731544017792e-03,7.523841857910156250e-01,6.583773493766784668e-01,-1.815645582973957062e-02,-3.165049850940704346e-02,1.047233119606971741e-02,1.043292760848999023e+00,-5.227684974670410156e-01,-2.065779082477092743e-02,-4.485498666763305664e-01,7.657447457313537598e-02,-6.119379028677940369e-02,8.175427913665771484e-01,-3.303994238376617432e-01,1.109394654631614685e-01,-6.026743352413177490e-02,4.434601962566375732e-02,6.385687738656997681e-03,2.936744391918182373e-01,4.916636943817138672e-01,-6.581799387931823730e-01,7.846606969833374023e-01,3.239326775074005127e-01,-2.653007209300994873e-01,-3.200704753398895264e-01,-1.405475940555334091e-02,-2.618363499641418457e-01,2.826238274574279785e-01,1.126130938529968262e+00,3.760551214218139648e-01,-6.073388829827308655e-02,2.917361445724964142e-02
-1.227411776781082153e-01,3.051965236663818359e-01,7.288971543312072754e-01,2.682771347463130951e-02,1.289029791951179504e-02,7.445988059043884277e-01,6.668483614921569824e-01,5.337459966540336609e-02,-7.000035792589187622e-02,3.719816915690898895e-03,9.038053750991821289e-01,-5.768588781356811523e-01,-5.328840110450983047e-03,-4.823555052280426025e-01,5.341073870658874512e-02,-6.594971567392349243e-02,8.371571302413940430e-01,-3.320303559303283691e-01,1.164020448923110962e-01,-9.462507069110870361e-02,3.242367878556251526e-02,2.720590867102146149e-02,2.744035124778747559e-01,6.411870121955871582e-01,-7.323279380798339844e-01,6.042129993438720703e-01,3.233530521392822266e-01,-3.216550946235656738e-01,-3.813181221485137939e-01,1.865701563656330109e-02,-2.838471233844757080e-01,2.716183066368103027e-01,1.123900175094604492e+00,3.549649715423583984e-01,-6.471144407987594604e-02,2.615911699831485748e-02
-1.272953301668167114e-01,2.853607237339019775e-01,7.262657880783081055e-01,3.327294811606407166e-02,1.589730568230152130e-02,7.418255209922790527e-01,6.695783138275146484e-01,7.627369463443756104e-02,-9.567886590957641602e-02,-4.845261108130216599e-03,8.358513712882995605e-01,-6.110419034957885742e-01,1.450513396412134171e-02,-5.149088501930236816e-01,4.104690626263618469e-02,-6.454736739397048950e-02,8.595181107521057129e-01,-3.154347538948059082e-01,1.250098943710327148e-01,-1.120788007974624634e-01,2.743295952677726746e-02,5.257011950016021729e-02,2.148464322090148926e-01,8.120113611221313477e-01,-7.740038633346557617e-01,4.340450167655944824e-01,2.888203263282775879e-01,-3.588956892490386963e-01,-4.486550092697143555e-01,5.174676328897476196e-02,-3.059350252151489258e-01,2.423721849918365479e-01,1.146642684936523438e+00,3.313179016113281250e-01,-5.821191892027854919e-02,3.087974898517131805e-02
-1.312973946332931519e-01,2.644659578800201416e-01,7.245082259178161621e-01,3.951055184006690979e-02,1.611047051846981049e-02,7.430803179740905762e-01,6.678405404090881348e-01,7.323452085256576538e-02,-1.128868162631988525e-01,-2.200813731178641319e-03,7.989370226860046387e-01,-6.131222248077392578e-01,2.550765126943588257e-02,-5.475195050239562988e-01,4.338822141289710999e-02,-4.926617071032524109e-02,8.955637216567993164e-01,-2.759057879447937012e-01,1.541458666324615479e-01,-1.287835240364074707e-01,1.445468980818986893e-02,6.756024807691574097e-02,1.239021122455596924e-01,9.911397099494934082e-01,-7.887892723083496094e-01,2.927395701408386230e-01,2.217689901590347290e-01,-3.692259192466735840e-01,-4.732321798801422119e-01,8.376655727624893188e-02,-3.121277093887329102e-01,2.011199891567230225e-01,1.181734442710876465e+00,3.139157593250274658e-01,-4.844512045383453369e-02,2.194651588797569275e-02
-1.338251680135726929e-01,2.418651431798934937e-01,7.232409715652465820e-01,4.730806499719619751e-02,1.367526780813932419e-02,7.459015846252441406e-01,6.642332077026367188e-01,5.886524170637130737e-02,-1.250479370355606079e-01,-4.394038114696741104e-04,7.936174869537353516e-01,-6.139875054359436035e-01,3.980243578553199768e-02,-5.827096104621887207e-01,2.856424637138843536e-02,-4.835854470729827881e-02,9.729520082473754883e-01,-2.356545329093933105e-01,1.742049455642700195e-01,-1.485954374074935913e-01,2.284680027514696121e-03,7.949013262987136841e-02,3.314065048471093178e-03,1.149301886558532715e+00,-7.988733053207397461e-01,1.986806094646453857e-01,1.747173368930816650e-01,-3.708686828613281250e-01,-4.566919505596160889e-01,1.254285722970962524e-01,-3.109175860881805420e-01,1.762535572052001953e-01,1.198855161666870117e+00,3.179897069931030273e-01,-3.747979924082756042e-02,1.145854126662015915e-02
-1.350079178810119629e-01,2.173642069101333618e-01,7.221118807792663574e-01,5.679884180426597595e-02,1.640373282134532928e-02,7.477084994316101074e-01,6.613900661468505859e-01,4.465714842081069946e-02,-1.508422791957855225e-01,2.524679293856024742e-03,7.711912393569946289e-01,-6.121727228164672852e-01,6.072794273495674133e-02,-6.235625743865966797e-01,-9.776110760867595673e-03,-5.519485846161842346e-02,1.087160944938659668e+00,-2.028075158596038818e-01,1.868661195039749146e-01,-1.677408665418624878e-01,-2.285687811672687531e-02,8.445737510919570923e-02,-1.483559608459472656e-01,1.285703301429748535e+00,-8.194802403450012207e-01,1.383756250143051147e-01,1.521479934453964233e-01,-3.710786104202270508e-01,-4.169016480445861816e-01,1.660055816173553467e-01,-3.083832859992980957e-01,1.882524192333221436e-01,1.198394179344177246e+00,2.776809632778167725e-01,-2.932747639715671539e-02,1.847452856600284576e-02
-1.353948414325714111e-01,1.925703138113021851e-01,7.187148928642272949e-01,6.854487955570220947e-02,1.603047922253608704e-02,7.498741149902343750e-01,6.578247547149658203e-01,3.431195020675659180e-02,-1.706409305334091187e-01,1.233604270964860916e-02,7.551898956298828125e-01,-6.248057484626770020e-01,9.385082125663757324e-02,-6.420129537582397461e-01,-5.956686288118362427e-02,-7.743637263774871826e-02,1.251841783523559570e+00,-1.800623238086700439e-01,1.845625936985015869e-01,-1.829441934823989868e-01,-4.258669167757034302e-02,8.134926110506057739e-02,-2.988156378269195557e-01,1.370355010032653809e+00,-7.918937802314758301e-01,1.232310757040977478e-01,1.599210202693939209e-01,-3.567193150520324707e-01,-3.392272591590881348e-01,2.034058272838592529e-01,-3.041746914386749268e-01,2.061755359172821045e-01,1.206922292709350586e+00,2.506056129932403564e-01,-2.047279663383960724e-02,2.555611915886402130e-02
-1.352000087499618530e-01,1.703145951032638550e-01,7.157270908355712891e-01,8.418572694063186646e-02,2.671531774103641510e-02,7.558333277702331543e-01,6.487796902656555176e-01,4.540545865893363953e-02,-2.171769142150878906e-01,-1.521619036793708801e-03,6.523163914680480957e-01,-6.059096455574035645e-01,1.336886733770370483e-01,-6.913971900939941406e-01,-9.257423132658004761e-02,-3.249700367450714111e-02,1.470880508422851562e+00,-1.681441813707351685e-01,1.885496675968170166e-01,-1.785800904035568237e-01,-8.686796575784683228e-02,6.718549132347106934e-02,-5.747044682502746582e-01,1.424373149871826172e+00,-8.262722492218017578e-01,1.422724425792694092e-01,1.726255118846893311e-01,-3.263536095619201660e-01,-2.252663224935531616e-01,2.309678196907043457e-01,-2.824696004390716553e-01,2.127504646778106689e-01,1.214746356010437012e+00,2.010381668806076050e-01,-9.122353978455066681e-03,6.027692928910255432e-02
-1.345314085483551025e-01,1.529499292373657227e-01,7.087932229042053223e-01,9.058766067028045654e-02,2.194977365434169769e-02,7.587316632270812988e-01,6.447001695632934570e-01,1.955534704029560089e-02,-2.214244455099105835e-01,-2.568551525473594666e-02,6.679306030273437500e-01,-6.385682821273803711e-01,1.665630340576171875e-01,-7.102540135383605957e-01,-8.303944766521453857e-02,-6.102293729782104492e-03,1.684735298156738281e+00,-1.882344186305999756e-01,1.712262779474258423e-01,-1.882674396038055420e-01,-8.838958293199539185e-02,5.931920930743217468e-02,-7.757444381713867188e-01,1.413628101348876953e+00,-7.681034207344055176e-01,1.703234910964965820e-01,2.255150675773620605e-01,-2.916269302368164062e-01,-1.036069616675376892e-01,2.694690823554992676e-01,-2.818299829959869385e-01,2.604052722454071045e-01,1.219489455223083496e+00,1.493853926658630371e-01,-3.214009804651141167e-03,1.261730045080184937e-01
-1.349384784698486328e-01,1.385078728199005127e-01,7.048652768135070801e-01,8.053730428218841553e-02,2.809711918234825134e-02,7.549243569374084473e-01,6.502411365509033203e-01,-2.735947445034980774e-02,-2.169711440801620483e-01,-1.560769975185394287e-02,6.475533843040466309e-01,-6.531166434288024902e-01,1.998590081930160522e-01,-7.665154933929443359e-01,-6.510343402624130249e-02,3.230934590101242065e-02,1.864495754241943359e+00,-1.790818125009536743e-01,1.572307646274566650e-01,-1.507211178541183472e-01,-1.014964655041694641e-01,4.485230520367622375e-02,-1.106987476348876953e+00,1.317830204963684082e+00,-7.982041239738464355e-01,2.340410351753234863e-01,2.711716294288635254e-01,-2.540267109870910645e-01,1.440294086933135986e-01,2.661083042621612549e-01,-2.536135911941528320e-01,2.986775338649749756e-01,1.221921086311340332e+00,1.029981970787048340e-01,-3.810466732829809189e-03,1.460359990596771240e-01
-1.255154460668563843e-01,1.200270727276802063e-01,7.027031779289245605e-01,7.919143885374069214e-02,3.184609860181808472e-02,7.544863820075988770e-01,6.507417559623718262e-01,-7.456582784652709961e-02,-2.155763804912567139e-01,-3.036553412675857544e-02,6.582684516906738281e-01,-6.579973697662353516e-01,2.080091238021850586e-01,-7.673201560974121094e-01,-3.896061331033706665e-02,5.931635573506355286e-02,1.955933570861816406e+00,-1.851644366979598999e-01,1.445473283529281616e-01,-1.327178627252578735e-01,-1.216988414525985718e-01,2.809842117130756378e-02,-1.319341897964477539e+00,1.201268792152404785e+00,-7.349740266799926758e-01,2.161277532577514648e-01,2.597824037075042725e-01,-2.226580530405044556e-01,3.432239294052124023e-01,2.604477703571319580e-01,-2.268125861883163452e-01,3.450453877449035645e-01,1.213440656661987305e+00,4.058647900819778442e-02,-5.836625583469867706e-03,1.290972232818603516e-01
-1.209257245063781738e-01,1.095418930053710938e-01,7.043291330337524414e-01,7.567376643419265747e-02,3.396738693118095398e-02,7.553051114082336426e-01,6.501029729843139648e-01,-1.142914295196533203e-01,-2.123545557260513306e-01,-4.190204665064811707e-02,6.792520880699157715e-01,-6.317800283432006836e-01,1.931488662958145142e-01,-7.481845617294311523e-01,-2.081395685672760010e-02,7.799850404262542725e-02,1.977951169013977051e+00,-1.857317239046096802e-01,1.409955024719238281e-01,-1.281130462884902954e-01,-1.347785443067550659e-01,9.272634051740169525e-03,-1.465359210968017578e+00,1.086536526679992676e+00,-6.791956424713134766e-01,2.206603139638900757e-01,2.454266697168350220e-01,-2.034797370433807373e-01,4.957845807075500488e-01,2.490898370742797852e-01,-2.054562121629714966e-01,3.872649669647216797e-01,1.210853457450866699e+00,-1.277935504913330078e-02,-1.331502571702003479e-02,1.010357737541198730e-01
-1.187290623784065247e-01,1.040958389639854431e-01,7.111225724220275879e-01,7.213400304317474365e-02,3.906565532088279724e-02,7.585619688034057617e-01,6.464164853096008301e-01,-1.475762873888015747e-01,-2.213544249534606934e-01,-6.776437908411026001e-02,6.891968250274658203e-01,-5.586429834365844727e-01,1.625112593173980713e-01,-6.782616972923278809e-01,-1.805009879171848297e-02,1.022008135914802551e-01,1.928926944732666016e+00,-1.987626701593399048e-01,1.395736783742904663e-01,-1.302789151668548584e-01,-1.450994312763214111e-01,-1.408816035836935043e-02,-1.547661542892456055e+00,1.005470514297485352e+00,-6.478081941604614258e-01,2.683402001857757568e-01,2.347707152366638184e-01,-1.942151784896850586e-01,5.777945518493652344e-01,2.389623522758483887e-01,-1.967616677284240723e-01,4.183216691017150879e-01,1.218984365463256836e+00,-3.329671919345855713e-02,-2.603421546518802643e-02,9.848865121603012085e-02
-1.129147708415985107e-01,9.667696058750152588e-02,7.218410372734069824e-01,7.169563323259353638e-02,4.245087131857872009e-02,7.640495896339416504e-01,6.397545337677001953e-01,-1.729527562856674194e-01,-2.282865047454833984e-01,-7.500090450048446655e-02,6.898958086967468262e-01,-4.704584777355194092e-01,1.366650462150573730e-01,-5.834237337112426758e-01,-4.172085225582122803e-02,1.272618919610977173e-01,1.828332901000976562e+00,-2.172695994377136230e-01,1.382007747888565063e-01,-1.380529850721359253e-01,-1.524128615856170654e-01,-3.937480598688125610e-02,-1.629908800125122070e+00,9.529269933700561523e-01,-6.422969698905944824e-01,3.287486732006072998e-01,2.286108434200286865e-01,-1.887706965208053589e-01,6.352391839027404785e-01,2.428440153598785400e-01,-2.079405933618545532e-01,4.559026062488555908e-01,1.215082526206970215e+00,-4.646295681595802307e-02,-4.395650699734687805e-02,1.072911098599433899e-01
-1.067026033997535706e-01,8.843541890382766724e-02,7.340739369392395020e-01,7.306714355945587158e-02,5.105583369731903076e-02,7.670323252677917480e-01,6.353864669799804688e-01,-1.821656674146652222e-01,-2.610448896884918213e-01,-9.376811236143112183e-02,6.603518724441528320e-01,-3.947778940200805664e-01,1.038453951478004456e-01,-4.688687920570373535e-01,-7.680678367614746094e-02,1.614423990249633789e-01,1.689677476882934570e+00,-2.591079175472259521e-01,1.387451738119125366e-01,-1.436905264854431152e-01,-1.695186942815780640e-01,-6.442099809646606445e-02,-1.710869908332824707e+00,9.297406077384948730e-01,-6.485423445701599121e-01,4.033502042293548584e-01,1.930692940950393677e-01,-2.025223374366760254e-01,6.829113960266113281e-01,2.498215436935424805e-01,-2.296638637781143188e-01,5.040487647056579590e-01,1.200711846351623535e+00,-6.777481734752655029e-02,-5.883926525712013245e-02,1.369829177856445312e-01
-9.967377781867980957e-02,7.890366017818450928e-02,7.447355985641479492e-01,7.099165022373199463e-02,6.215111911296844482e-02,7.666541337966918945e-01,6.350896954536437988e-01,-2.157373875379562378e-01,-2.946483194828033447e-01,-1.134309917688369751e-01,6.683549880981445312e-01,-3.102289736270904541e-01,6.539039313793182373e-02,-3.503965139389038086e-01,-9.966481477022171021e-02,1.924350112676620483e-01,1.519451737403869629e+00,-2.940029501914978027e-01,1.528067141771316528e-01,-1.216147914528846741e-01,-1.870036870241165161e-01,-8.938474953174591064e-02,-1.845186471939086914e+00,9.483051300048828125e-01,-7.075513601303100586e-01,4.405373632907867432e-01,1.720813065767288208e-01,-2.170526087284088135e-01,7.350326180458068848e-01,2.596600949764251709e-01,-2.560153901576995850e-01,5.525535345077514648e-01,1.175724983215332031e+00,-8.928354829549789429e-02,-8.206987380981445312e-02,1.309775114059448242e-01
-9.291592240333557129e-02,6.796173006296157837e-02,7.533282637596130371e-01,6.710704416036605835e-02,6.847301870584487915e-02,7.668179869651794434e-01,6.346639394760131836e-01,-2.628604173660278320e-01,-3.157468736171722412e-01,-1.190306395292282104e-01,6.963290572166442871e-01,-2.132983654737472534e-01,2.430296875536441803e-02,-2.277283817529678345e-01,-9.491824358701705933e-02,2.446794062852859497e-01,1.317274212837219238e+00,-3.207402229309082031e-01,1.821441799402236938e-01,-9.916496276855468750e-02,-1.971383839845657349e-01,-9.974330663681030273e-02,-1.983590245246887207e+00,9.829947352409362793e-01,-8.096444606781005859e-01,4.847024977207183838e-01,1.353477239608764648e-01,-2.385041266679763794e-01,7.526851892471313477e-01,2.735188901424407959e-01,-2.884365320205688477e-01,5.838958621025085449e-01,1.141229152679443359e+00,-8.323726803064346313e-02,-1.033987626433372498e-01,1.232097297906875610e-01
-8.644094318151473999e-02,5.507844686508178711e-02,7.585992813110351562e-01,6.116071715950965881e-02,7.377610355615615845e-02,7.652639150619506836e-01,6.365434527397155762e-01,-3.109823763370513916e-01,-3.199864029884338379e-01,-1.274573653936386108e-01,7.196573615074157715e-01,-1.767779439687728882e-01,-2.281824359670281410e-03,-1.651090979576110840e-01,-7.786945998668670654e-02,2.815265953540802002e-01,1.163045406341552734e+00,-3.409332931041717529e-01,2.032775878906250000e-01,-7.794252783060073853e-02,-1.983377188444137573e-01,-9.937968850135803223e-02,-2.091739892959594727e+00,1.017119526863098145e+00,-9.055466055870056152e-01,4.599952995777130127e-01,1.153425052762031555e-01,-2.575705945491790771e-01,7.792444825172424316e-01,2.721171379089355469e-01,-3.103283643722534180e-01,6.076214313507080078e-01,1.099734306335449219e+00,-9.529328346252441406e-02,-1.117240712046623230e-01,1.295582503080368042e-01
-7.936637848615646362e-02,4.078636690974235535e-02,7.618448734283447266e-01,5.482019856572151184e-02,7.536835968494415283e-02,7.626886367797851562e-01,6.400159597396850586e-01,-3.507865071296691895e-01,-3.089789748191833496e-01,-1.439796388149261475e-01,7.383099198341369629e-01,-1.948400735855102539e-01,-2.055462077260017395e-02,-1.445529311895370483e-01,-6.177827715873718262e-02,2.948883771896362305e-01,1.058378934860229492e+00,-3.600827753543853760e-01,2.100908309221267700e-01,-5.727381259202957153e-02,-1.926002651453018188e-01,-8.756519854068756104e-02,-2.150055885314941406e+00,1.061428546905517578e+00,-9.537277817726135254e-01,3.991856276988983154e-01,1.280913800001144409e-01,-2.679612040519714355e-01,8.111344575881958008e-01,2.584282159805297852e-01,-3.307732641696929932e-01,6.249684095382690430e-01,1.054696917533874512e+00,-8.877735584974288940e-02,-1.166004240512847900e-01,1.545282900333404541e-01
-7.100792974233627319e-02,2.544736117124557495e-02,7.645218372344970703e-01,4.897903278470039368e-02,7.424778491258621216e-02,7.646308541297912598e-01,6.383008360862731934e-01,-3.992579281330108643e-01,-2.781732380390167236e-01,-1.383753567934036255e-01,7.504827380180358887e-01,-2.036263048648834229e-01,-4.311089217662811279e-02,-1.469245254993438721e-01,-5.211477354168891907e-02,2.653516829013824463e-01,9.853238463401794434e-01,-3.659511804580688477e-01,2.084566801786422729e-01,-3.711711615324020386e-02,-1.818267256021499634e-01,-7.066795974969863892e-02,-2.148909091949462891e+00,1.112791895866394043e+00,-9.463772177696228027e-01,3.215200304985046387e-01,1.503483057022094727e-01,-2.660059630870819092e-01,8.548383116722106934e-01,2.373830676078796387e-01,-3.549641668796539307e-01,6.501703858375549316e-01,1.005328774452209473e+00,-8.952590823173522949e-02,-1.303736865520477295e-01,1.699015498161315918e-01
-6.266820430755615234e-02,1.066829264163970947e-02,7.666574716567993164e-01,3.987282887101173401e-02,7.600362598896026611e-02,7.707934975624084473e-01,6.312772631645202637e-01,-4.531884789466857910e-01,-2.408998757600784302e-01,-1.149247437715530396e-01,7.726331353187561035e-01,-2.197143882513046265e-01,-5.546972528100013733e-02,-1.593958288431167603e-01,-4.786464199423789978e-02,2.238143831491470337e-01,9.258371591567993164e-01,-3.744640052318572998e-01,2.073617279529571533e-01,-1.616834849119186401e-02,-1.750672757625579834e-01,-6.127573177218437195e-02,-2.091412305831909180e+00,1.174383044242858887e+00,-9.047697782516479492e-01,2.357974499464035034e-01,1.792074441909790039e-01,-2.617314755916595459e-01,9.002339839935302734e-01,2.224171161651611328e-01,-3.811276257038116455e-01,6.656629443168640137e-01,9.460881948471069336e-01,-1.038027554750442505e-01,-1.456996500492095947e-01,1.616388410329818726e-01
-5.519437789916992188e-02,-1.884473115205764771e-02,7.657510042190551758e-01,3.517040610313415527e-02,7.364976406097412109e-02,7.766019701957702637e-01,6.246824264526367188e-01,-4.956857562065124512e-01,-2.020364850759506226e-01,-8.144223690032958984e-02,8.428475260734558105e-01,-2.676203250885009766e-01,-5.325219035148620605e-02,-1.787374615669250488e-01,-5.094325914978981018e-02,1.672008782625198364e-01,8.994780778884887695e-01,-4.097721278667449951e-01,1.995779722929000854e-01,4.683683160692453384e-03,-1.787837147712707520e-01,-5.001449584960937500e-02,-2.005585908889770508e+00,1.241233468055725098e+00,-8.609516620635986328e-01,1.712929606437683105e-01,2.179639041423797607e-01,-2.527523338794708252e-01,9.161193370819091797e-01,2.090947628021240234e-01,-3.945285677909851074e-01,6.701311469078063965e-01,9.023073911666870117e-01,-9.975212812423706055e-02,-1.529993265867233276e-01,1.641550809144973755e-01
-4.834146797657012939e-02,-4.701492562890052795e-02,7.601499557495117188e-01,3.317866101861000061e-02,7.271941006183624268e-02,7.854973673820495605e-01,6.136814951896667480e-01,-5.357559919357299805e-01,-1.702413558959960938e-01,-4.358788952231407166e-02,9.688459634780883789e-01,-3.298805058002471924e-01,-3.994896635413169861e-02,-2.027639150619506836e-01,-5.925833806395530701e-02,1.044199168682098389e-01,9.077399969100952148e-01,-4.723668694496154785e-01,1.801192164421081543e-01,2.635743096470832825e-02,-1.958150118589401245e-01,-2.832604013383388519e-02,-1.899055242538452148e+00,1.284427285194396973e+00,-8.133097887039184570e-01,1.353647261857986450e-01,2.354521602392196655e-01,-2.445542961359024048e-01,9.135752320289611816e-01,1.958005428314208984e-01,-3.959350883960723877e-01,6.752834916114807129e-01,8.627662658691406250e-01,-9.799198806285858154e-02,-1.588436812162399292e-01,1.664949208498001099e-01
-4.325687885284423828e-02,-7.236836850643157959e-02,7.506286501884460449e-01,3.036380000412464142e-02,6.978800892829895020e-02,7.933806180953979492e-01,6.039494276046752930e-01,-5.801458358764648438e-01,-1.403151154518127441e-01,-2.266048081219196320e-02,1.141316771507263184e+00,-3.964992761611938477e-01,-2.200070582330226898e-02,-2.233618497848510742e-01,-5.418918281793594360e-02,6.470168381929397583e-02,9.219105243682861328e-01,-5.664586424827575684e-01,1.448176503181457520e-01,4.304311424493789673e-02,-2.153335362672805786e-01,-1.602839119732379913e-02,-1.752878546714782715e+00,1.324203252792358398e+00,-7.481674551963806152e-01,1.076880767941474915e-01,2.495813667774200439e-01,-2.466630637645721436e-01,8.859627842903137207e-01,1.724132746458053589e-01,-4.031355082988739014e-01,6.741614937782287598e-01,8.226652741432189941e-01,-7.170925289392471313e-02,-1.551725566387176514e-01,1.900825202465057373e-01
-3.959992900490760803e-02,-9.585026651620864868e-02,7.402377724647521973e-01,1.797590404748916626e-02,6.987309455871582031e-02,8.089706301689147949e-01,5.834048390388488770e-01,-6.361049413681030273e-01,-1.007345169782638550e-01,-3.466801019385457039e-03,1.321313261985778809e+00,-4.452267885208129883e-01,-1.336096972227096558e-02,-2.582126259803771973e-01,-4.679903760552406311e-02,1.605081744492053986e-02,9.387164711952209473e-01,-6.494176983833312988e-01,9.884885698556900024e-02,7.162913680076599121e-02,-1.873695105314254761e-01,-4.102998971939086914e-02,-1.331556320190429688e+00,1.306986093521118164e+00,-4.436997175216674805e-01,4.913712292909622192e-02,2.336777299642562866e-01,-2.715166509151458740e-01,8.157460093498229980e-01,1.614345461130142212e-01,-4.815042912960052490e-01,6.415211558341979980e-01,7.555523514747619629e-01,-2.201565075665712357e-03,-1.328913569450378418e-01,2.560627460479736328e-01
-3.583643585443496704e-02,-1.203230768442153931e-01,7.298871278762817383e-01,1.405680645257234573e-02,6.420376151800155640e-02,8.286231756210327148e-01,5.559351444244384766e-01,-6.507440805435180664e-01,-6.975154578685760498e-02,1.931414380669593811e-02,1.470209479331970215e+00,-4.754720926284790039e-01,2.232307801023125648e-03,-2.876552939414978027e-01,-5.019377917051315308e-02,-2.141022868454456329e-02,9.847865700721740723e-01,-7.465822696685791016e-01,4.367210716009140015e-02,9.611245989799499512e-02,-1.656221598386764526e-01,-5.414446815848350525e-02,-8.828961849212646484e-01,1.210936903953552246e+00,-1.555341333150863647e-01,2.909665554761886597e-02,1.404292881488800049e-01,-3.118425011634826660e-01,7.059057354927062988e-01,1.445631533861160278e-01,-5.758774876594543457e-01,5.919730663299560547e-01,7.026044130325317383e-01,6.124150380492210388e-02,-1.209001466631889343e-01,3.132168650627136230e-01
-3.225381299853324890e-02,-1.466537564992904663e-01,7.230831980705261230e-01,8.317775093019008636e-03,5.883851647377014160e-02,8.470712304115295410e-01,5.281469225883483887e-01,-6.509805321693420410e-01,-3.465913236141204834e-02,4.357246309518814087e-02,1.547151327133178711e+00,-5.033219456672668457e-01,1.182859204709529877e-02,-3.076947331428527832e-01,-6.681513041257858276e-02,-7.072949409484863281e-02,1.000704646110534668e+00,-8.002847433090209961e-01,1.234195847064256668e-02,1.165717691183090210e-01,-1.412745714187622070e-01,-6.992101669311523438e-02,-4.818077087402343750e-01,1.071599841117858887e+00,3.303438425064086914e-02,5.553451552987098694e-02,2.695433050394058228e-02,-3.363661766052246094e-01,5.427154302597045898e-01,1.106822714209556580e-01,-6.482282876968383789e-01,5.521255731582641602e-01,6.887280941009521484e-01,8.168101310729980469e-02,-1.149476170539855957e-01,3.409416973590850830e-01
-3.123098239302635193e-02,-1.739280670881271362e-01,7.187054157257080078e-01,-8.383580483496189117e-03,5.330866575241088867e-02,8.639139533042907715e-01,5.007400512695312500e-01,-6.392726898193359375e-01,1.835283706896007061e-03,5.540667101740837097e-02,1.560996770858764648e+00,-5.339897274971008301e-01,1.523250993341207504e-02,-3.176655173301696777e-01,-9.189681708812713623e-02,-1.319902241230010986e-01,9.928085207939147949e-01,-8.186631202697753906e-01,5.278695840388536453e-03,1.432437598705291748e-01,-1.128462627530097961e-01,-8.869551122188568115e-02,-1.417769193649291992e-01,9.232326149940490723e-01,9.273269027471542358e-02,1.723752617835998535e-01,-3.512564674019813538e-02,-3.212467730045318604e-01,3.644306957721710205e-01,5.973378196358680725e-02,-6.764224171638488770e-01,5.228922367095947266e-01,7.148464918136596680e-01,6.022499129176139832e-02,-1.136221736669540405e-01,3.228837549686431885e-01
-3.312476351857185364e-02,-2.005914747714996338e-01,7.167193293571472168e-01,-2.921985089778900146e-02,1.628607511520385742e-02,8.973060250282287598e-01,4.401395916938781738e-01,-5.708969235420227051e-01,1.154894158244132996e-01,4.398665949702262878e-02,1.521154403686523438e+00,-6.482077240943908691e-01,1.045859977602958679e-01,-2.688367068767547607e-01,-9.554826468229293823e-02,-2.575073838233947754e-01,9.606125354766845703e-01,-8.088519573211669922e-01,3.869675099849700928e-03,2.010672688484191895e-01,-3.404792025685310364e-02,-6.991706788539886475e-02,6.009902339428663254e-03,4.461940526962280273e-01,6.266538402996957302e-04,9.293673634529113770e-01,-6.129157543182373047e-02,-1.926152557134628296e-01,2.193419486284255981e-01,-1.867053508758544922e-01,-4.073562324047088623e-01,4.305565953254699707e-01,1.267463803291320801e+00,-5.416448041796684265e-02,-4.876598343253135681e-02,5.220095440745353699e-02
-3.713830932974815369e-02,-2.299057096242904663e-01,7.126462459564208984e-01,-3.224965929985046387e-02,-1.004283688962459564e-02,9.132766127586364746e-01,4.059370458126068115e-01,-5.232596993446350098e-01,1.820387095212936401e-01,6.542246788740158081e-02,1.437272667884826660e+00,-7.021270394325256348e-01,1.248481571674346924e-01,-2.266170084476470947e-01,-9.142351150512695312e-02,-3.078930377960205078e-01,9.245104789733886719e-01,-8.073965311050415039e-01,1.846655271947383881e-03,2.263906300067901611e-01,2.379852719604969025e-02,-6.728745251893997192e-02,1.091611851006746292e-02,3.083111643791198730e-01,-5.690419301390647888e-02,1.242211937904357910e+00,-1.630281098186969757e-02,-1.548519879579544067e-01,1.301211863756179810e-01,-3.625604510307312012e-01,-3.556070923805236816e-01,4.085243940353393555e-01,1.390194654464721680e+00,2.883054129779338837e-02,-5.604903027415275574e-02,-4.243492335081100464e-02
-4.419966787099838257e-02,-2.589952349662780762e-01,7.098734974861145020e-01,-4.036031290888786316e-02,-2.265160530805587769e-02,9.284666776657104492e-01,3.685208261013031006e-01,-4.940764904022216797e-01,2.141025662422180176e-01,1.022438332438468933e-01,1.345728516578674316e+00,-7.352496385574340820e-01,1.209420710802078247e-01,-2.102876454591751099e-01,-1.033570691943168640e-01,-3.393056690692901611e-01,8.922446370124816895e-01,-7.925478219985961914e-01,5.520704668015241623e-03,2.521439790725708008e-01,6.344883888959884644e-02,-7.420241832733154297e-02,2.823770791292190552e-02,2.756159007549285889e-01,-9.313203394412994385e-02,1.348038196563720703e+00,5.205022916197776794e-02,-1.414873003959655762e-01,6.866688281297683716e-02,-5.220674276351928711e-01,-3.349654376506805420e-01,4.489476978778839111e-01,1.366782188415527344e+00,7.933188974857330322e-02,-6.224353983998298645e-02,-5.028472840785980225e-02
-5.286806076765060425e-02,-2.875390946865081787e-01,7.056482434272766113e-01,-4.879480227828025818e-02,-3.082702308893203735e-02,9.367293119430541992e-01,3.452635407447814941e-01,-4.747304320335388184e-01,2.452283054590225220e-01,1.603679507970809937e-01,1.284802079200744629e+00,-7.947766184806823730e-01,1.300627142190933228e-01,-2.156069725751876831e-01,-1.363279819488525391e-01,-3.745397627353668213e-01,9.005218744277954102e-01,-7.870520949363708496e-01,1.909320615231990814e-02,2.450597286224365234e-01,7.965419441461563110e-02,-8.183129876852035522e-02,7.213485240936279297e-02,2.824189960956573486e-01,-1.319402605295181274e-01,1.375884652137756348e+00,1.196563467383384705e-01,-1.390034854412078857e-01,-9.581589256413280964e-04,-6.794896125793457031e-01,-3.860473930835723877e-01,5.048528313636779785e-01,1.180466413497924805e+00,1.353447288274765015e-01,-1.032945141196250916e-01,-4.348968714475631714e-02
-6.423594057559967041e-02,-3.142586648464202881e-01,7.049575448036193848e-01,-5.976251512765884399e-02,-2.367694489657878876e-02,9.445003271102905273e-01,3.221597969532012939e-01,-4.700939357280731201e-01,2.116183787584304810e-01,2.091819345951080322e-01,1.224871516227722168e+00,-8.244655132293701172e-01,1.523151695728302002e-01,-2.553644776344299316e-01,-1.961385756731033325e-01,-3.861611485481262207e-01,9.658420085906982422e-01,-7.617561817169189453e-01,3.538358584046363831e-02,2.280426323413848877e-01,7.600030303001403809e-02,-9.358240664005279541e-02,1.020211800932884216e-01,2.924093008041381836e-01,-1.652238368988037109e-01,1.371408939361572266e+00,1.616851538419723511e-01,-1.260008215904235840e-01,-1.413742452859878540e-02,-7.931542992591857910e-01,-5.031529664993286133e-01,5.507768988609313965e-01,8.539661169052124023e-01,1.681879162788391113e-01,-1.404180079698562622e-01,-6.554473936557769775e-02
-7.674438506364822388e-02,-3.393857181072235107e-01,7.115496993064880371e-01,-5.897908657789230347e-02,-5.951226688921451569e-03,9.520789384841918945e-01,3.000528812408447266e-01,-4.535264372825622559e-01,9.888095408678054810e-02,2.077577561140060425e-01,1.141867041587829590e+00,-7.933822274208068848e-01,1.729262024164199829e-01,-3.321717977523803711e-01,-2.720332443714141846e-01,-3.457534909248352051e-01,1.117253422737121582e+00,-6.720028519630432129e-01,4.486734792590141296e-02,1.781089305877685547e-01,5.888275429606437683e-02,-1.015506908297538757e-01,1.256598532199859619e-01,2.959388196468353271e-01,-2.014570087194442749e-01,1.334583401679992676e+00,1.670710742473602295e-01,-1.119001731276512146e-01,-2.124490402638912201e-02,-8.583652973175048828e-01,-7.211122512817382812e-01,5.521623492240905762e-01,3.826272785663604736e-01,1.934496462345123291e-01,-1.810249835252761841e-01,-1.089173778891563416e-01
-8.805782347917556763e-02,-3.644016981124877930e-01,7.230556011199951172e-01,-4.765406996011734009e-02,1.820333860814571381e-02,9.639723300933837891e-01,2.610653638839721680e-01,-4.223478436470031738e-01,-3.135700896382331848e-02,1.887096166610717773e-01,1.045368313789367676e+00,-6.937646865844726562e-01,1.810113936662673950e-01,-4.493360519409179688e-01,-3.522175848484039307e-01,-2.653748691082000732e-01,1.346465229988098145e+00,-5.128571987152099609e-01,3.469769284129142761e-02,1.071015298366546631e-01,2.875585108995437622e-02,-9.394542127847671509e-02,1.231504008173942566e-01,3.093284666538238525e-01,-2.345401793718338013e-01,1.303879022598266602e+00,1.506535410881042480e-01,-9.708071500062942505e-02,-2.428104542195796967e-02,-9.397943615913391113e-01,-9.691841006278991699e-01,5.122390389442443848e-01,-3.800375387072563171e-02,1.937656402587890625e-01,-2.077811062335968018e-01,-1.684367656707763672e-01
-9.477527439594268799e-02,-3.887594044208526611e-01,7.356204390525817871e-01,-4.528927803039550781e-02,2.364905923604965210e-02,9.756234884262084961e-01,2.134207487106323242e-01,-4.029928743839263916e-01,-9.810206294059753418e-02,1.663384586572647095e-01,9.822991490364074707e-01,-6.032923460006713867e-01,1.701547056436538696e-01,-5.839513540267944336e-01,-3.735143840312957764e-01,-2.089708298444747925e-01,1.569625139236450195e+00,-3.542096316814422607e-01,4.553401470184326172e-02,2.717715874314308167e-02,2.132729440927505493e-02,-8.748011291027069092e-02,1.281331181526184082e-01,3.516228795051574707e-01,-2.165616899728775024e-01,1.284578084945678711e+00,1.020175293087959290e-01,-1.032842695713043213e-01,-4.270179197192192078e-02,-1.025694966316223145e+00,-1.224130153656005859e+00,4.599582850933074951e-01,-3.296593427658081055e-01,2.259066551923751831e-01,-2.533190548419952393e-01,-2.183388024568557739e-01
-9.366761147975921631e-02,-4.116161465644836426e-01,7.443565130233764648e-01,-5.602038651704788208e-02,2.192917279899120331e-02,9.838268756866455078e-01,1.687171459197998047e-01,-4.215995073318481445e-01,-1.065051108598709106e-01,1.363629698753356934e-01,9.588371515274047852e-01,-5.443629026412963867e-01,1.495333164930343628e-01,-7.756585478782653809e-01,-3.363468945026397705e-01,-1.726267784833908081e-01,1.808577537536621094e+00,-2.716344594955444336e-01,6.986016780138015747e-02,-4.639728367328643799e-02,5.057604238390922546e-02,-1.184647753834724426e-01,1.492597013711929321e-01,4.563915133476257324e-01,-1.559253334999084473e-01,1.189803719520568848e+00,6.279339641332626343e-02,-9.338853508234024048e-02,3.264619410037994385e-02,-1.063531637191772461e+00,-1.525504469871520996e+00,4.331150054931640625e-01,-5.739539861679077148e-01,1.562893986701965332e-01,-3.281455636024475098e-01,-4.353139698505401611e-01
-8.644799888134002686e-02,-4.351125955581665039e-01,7.492843270301818848e-01,-9.214511513710021973e-02,2.973412047140300274e-04,9.880788326263427734e-01,1.233262494206428528e-01,-4.767241179943084717e-01,-4.879195243120193481e-02,1.386538743972778320e-01,9.190846681594848633e-01,-5.153223276138305664e-01,1.564695984125137329e-01,-9.952281713485717773e-01,-3.265804946422576904e-01,-1.714489012956619263e-01,2.040529727935791016e+00,-3.221795260906219482e-01,2.464001066982746124e-02,-8.368501067161560059e-02,9.461934864521026611e-02,-1.569898724555969238e-01,2.770978510379791260e-01,8.230537176132202148e-01,1.097207665443420410e-01,9.360775947570800781e-01,-3.915796428918838501e-02,-1.643540114164352417e-01,8.281490951776504517e-02,-1.200178980827331543e+00,-1.862658500671386719e+00,3.373740613460540771e-01,-6.424164772033691406e-01,-1.472508758306503296e-01,-3.280380070209503174e-01,-7.036501765251159668e-01
-7.614241540431976318e-02,-4.535452425479888916e-01,7.464805245399475098e-01,-1.283025145530700684e-01,-2.295134216547012329e-02,9.862445592880249023e-01,1.016533821821212769e-01,-5.424035191535949707e-01,1.681519113481044769e-02,1.391397714614868164e-01,8.913639187812805176e-01,-5.018259286880493164e-01,1.419215798377990723e-01,-1.239849090576171875e+00,-2.514345645904541016e-01,-1.750710457563400269e-01,2.238260746002197266e+00,-3.423937261104583740e-01,2.602948620915412903e-02,-2.444533631205558777e-02,1.562993079423904419e-01,-2.200573086738586426e-01,5.376741290092468262e-01,1.341066956520080566e+00,5.946004986763000488e-01,5.514053106307983398e-01,-2.430908754467964172e-02,-2.600862979888916016e-01,2.925501465797424316e-01,-1.096143007278442383e+00,-2.181787729263305664e+00,2.289411872625350952e-01,-6.326974034309387207e-01,-3.472695946693420410e-01,-3.412074744701385498e-01,-8.426485061645507812e-01
-6.903462857007980347e-02,-4.680127203464508057e-01,7.387650012969970703e-01,-1.238881722092628479e-01,-3.622863441705703735e-02,9.879290461540222168e-01,8.564694970846176147e-02,-5.526745319366455078e-01,7.729049772024154663e-02,1.653508991003036499e-01,9.125257134437561035e-01,-4.893900156021118164e-01,1.192341521382331848e-01,-1.402606248855590820e+00,-2.192306965589523315e-01,-2.063541710376739502e-01,2.377708196640014648e+00,-3.320451080799102783e-01,4.095682874321937561e-02,2.322591841220855713e-02,1.876379400491714478e-01,-3.117702901363372803e-01,6.392561793327331543e-01,1.744332790374755859e+00,9.171286225318908691e-01,4.492155611515045166e-01,1.986847370862960815e-01,-3.222277164459228516e-01,6.885132789611816406e-01,-9.301592707633972168e-01,-2.251499891281127930e+00,1.094990372657775879e-01,-6.358717679977416992e-01,-5.418652892112731934e-01,-3.046549558639526367e-01,-8.667261600494384766e-01
-6.638491898775100708e-02,-4.793481826782226562e-01,7.313809990882873535e-01,-1.204077303409576416e-01,-4.792112857103347778e-02,9.876241087913513184e-01,8.834111690521240234e-02,-5.678133368492126465e-01,9.896960109472274780e-02,1.093744412064552307e-01,9.421901702880859375e-01,-4.817857742309570312e-01,7.895906269550323486e-02,-1.517292022705078125e+00,-1.839726865291595459e-01,-2.257263660430908203e-01,2.454517602920532227e+00,-3.047388792037963867e-01,6.871710717678070068e-02,9.072789549827575684e-02,1.746297627687454224e-01,-3.956001102924346924e-01,4.177218079566955566e-01,2.046716690063476562e+00,7.409856915473937988e-01,4.412662684917449951e-01,3.537961840629577637e-01,-3.001188039779663086e-01,8.498207926750183105e-01,-7.950456142425537109e-01,-2.251499891281127930e+00,2.668190747499465942e-02,-6.771219372749328613e-01,-6.572140455245971680e-01,-2.564061582088470459e-01,-9.094586372375488281e-01
-6.695679575204849243e-02,-4.913337826728820801e-01,7.261511683464050293e-01,-1.187505722045898438e-01,-5.313809961080551147e-02,9.874955415725708008e-01,8.903495967388153076e-02,-5.832262039184570312e-01,7.539247721433639526e-02,4.515174776315689087e-02,9.644721150398254395e-01,-4.740496277809143066e-01,4.964360594749450684e-02,-1.568060517311096191e+00,-1.500879824161529541e-01,-2.209894210100173950e-01,2.473642587661743164e+00,-2.735052108764648438e-01,8.281758427619934082e-02,6.508867442607879639e-02,1.400320380926132202e-01,-3.464176058769226074e-01,-1.331760138273239136e-01,2.251499891281127930e+00,3.488323986530303955e-01,3.067571818828582764e-01,3.317044973373413086e-01,-3.120383620262145996e-01,9.191197752952575684e-01,-7.794277667999267578e-01,-2.251499891281127930e+00,-9.375774860382080078e-02,-6.895585656166076660e-01,-6.569979190826416016e-01,-1.964892745018005371e-01,-1.004675626754760742e+00
-6.938165426254272461e-02,-5.049656629562377930e-01,7.238048315048217773e-01,-1.239015385508537292e-01,-5.772159993648529053e-02,9.869349002838134766e-01,8.530014753341674805e-02,-6.384057998657226562e-01,5.169428512454032898e-02,4.683337174355983734e-03,1.032584190368652344e+00,-3.942650854587554932e-01,8.957283571362495422e-03,-1.515659332275390625e+00,-1.562591940164566040e-01,-2.111445814371109009e-01,2.382146596908569336e+00,-2.588023245334625244e-01,9.731096774339675903e-02,5.999908223748207092e-02,1.491220146417617798e-01,-2.694420218467712402e-01,-3.929127752780914307e-01,2.251499891281127930e+00,2.796311974525451660e-01,1.557765007019042969e-01,2.722573578357696533e-01,-2.895511984825134277e-01,9.711424112319946289e-01,-7.491666078567504883e-01,-2.251499891281127930e+00,-3.049301803112030029e-01,-7.126002311706542969e-01,-5.558139681816101074e-01,-1.845228075981140137e-01,-1.072079181671142578e+00
-7.453148066997528076e-02,-5.190390944480895996e-01,7.252206802368164062e-01,-1.323897689580917358e-01,-5.001699179410934448e-02,9.871469736099243164e-01,7.424342632293701172e-02,-6.560069322586059570e-01,1.139889098703861237e-02,-1.849351823329925537e-02,1.024342536926269531e+00,-3.236880302429199219e-01,-1.718256808817386627e-02,-1.389460682868957520e+00,-1.802850961685180664e-01,-1.995094120502471924e-01,2.258514165878295898e+00,-2.196703404188156128e-01,1.160584390163421631e-01,5.279185622930526733e-02,1.097644791007041931e-01,-2.224072068929672241e-01,-4.371341466903686523e-01,2.251499891281127930e+00,3.846970200538635254e-01,1.296555250883102417e-01,2.255552560091018677e-01,-2.583837211132049561e-01,9.720009565353393555e-01,-6.512454748153686523e-01,-2.185081005096435547e+00,-5.390298366546630859e-01,-7.053043246269226074e-01,-4.757532775402069092e-01,-1.689525991678237915e-01,-1.138828754425048828e+00
-8.179462701082229614e-02,-5.356671214103698730e-01,7.272454500198364258e-01,-1.170692890882492065e-01,-2.767311967909336090e-02,9.905002117156982422e-01,6.662033498287200928e-02,-6.379328370094299316e-01,-3.103267028927803040e-02,5.359933711588382721e-03,1.048203587532043457e+00,-2.865848243236541748e-01,-2.512048929929733276e-03,-1.199678659439086914e+00,-2.201682776212692261e-01,-1.718216836452484131e-01,2.038861036300659180e+00,-2.037893384695053101e-01,1.142000332474708557e-01,2.843908406794071198e-02,4.709967598319053650e-02,-1.742495298385620117e-01,-3.061302900314331055e-01,2.214584827423095703e+00,6.023286581039428711e-01,1.331617981195449829e-01,1.690092533826828003e-01,-2.234962731599807739e-01,9.373362660408020020e-01,-4.523681402206420898e-01,-2.098512887954711914e+00,-8.167411088943481445e-01,-6.894879937171936035e-01,-4.257187545299530029e-01,-1.352362930774688721e-01,-1.170438766479492188e+00
-9.014488756656646729e-02,-5.503601431846618652e-01,7.286487817764282227e-01,-9.380003809928894043e-02,-1.162524148821830750e-02,9.928215742111206055e-01,7.329200208187103271e-02,-6.213660836219787598e-01,-6.558208167552947998e-02,5.188285559415817261e-02,1.109165668487548828e+00,-2.963415980339050293e-01,-2.096586860716342926e-03,-9.566295742988586426e-01,-2.623408734798431396e-01,-2.054256796836853027e-01,1.724352598190307617e+00,-2.504510581493377686e-01,1.107766553759574890e-01,8.036345243453979492e-02,-5.529034417122602463e-03,-1.160182505846023560e-01,-9.765651077032089233e-03,2.106286048889160156e+00,9.139518737792968750e-01,1.412399560213088989e-01,2.217161096632480621e-02,-2.057090848684310913e-01,7.966519594192504883e-01,-2.461884170770645142e-01,-1.967294692993164062e+00,-1.028627038002014160e+00,-7.123541235923767090e-01,-2.294192761182785034e-01,-1.564426273107528687e-01,-1.116079211235046387e+00
-9.803903102874755859e-02,-5.462610125541687012e-01,7.338286042213439941e-01,-6.978987157344818115e-02,3.799220779910683632e-03,9.952155351638793945e-01,6.827127933502197266e-02,-5.599499344825744629e-01,-8.042126893997192383e-02,9.928973764181137085e-02,1.124993920326232910e+00,-3.596103191375732422e-01,-7.231556810438632965e-03,-7.032675743103027344e-01,-2.460578680038452148e-01,-2.703486382961273193e-01,1.402637839317321777e+00,-3.491035103797912598e-01,1.070350632071495056e-01,1.023535281419754028e-01,-1.636796295642852783e-01,-4.160398989915847778e-02,4.314484000205993652e-01,2.195283174514770508e+00,1.283503532409667969e+00,3.725364804267883301e-01,-7.129026204347610474e-02,-1.293427199125289917e-01,5.563716292381286621e-01,-4.932269155979156494e-01,-1.629289865493774414e+00,-8.637856841087341309e-01,-6.737995743751525879e-01,-1.920982003211975098e-01,-1.160964518785476685e-01,-1.068109869956970215e+00
-1.071046367287635803e-01,-5.438814163208007812e-01,7.367249727249145508e-01,-4.010697081685066223e-02,9.774897247552871704e-03,9.977151751518249512e-01,5.348204821348190308e-02,-4.457437992095947266e-01,-1.076179668307304382e-01,8.559651672840118408e-02,1.066597938537597656e+00,-4.149119257926940918e-01,2.372162271058186889e-04,-5.804688930511474609e-01,-2.271337211132049561e-01,-2.575072944164276123e-01,1.316715359687805176e+00,-4.015581309795379639e-01,8.999276906251907349e-02,-4.350252076983451843e-02,-2.154632210731506348e-01,-1.258477270603179932e-01,1.148997783660888672e+00,2.251499891281127930e+00,1.760742425918579102e+00,7.269048094749450684e-01,-7.142715156078338623e-02,-1.228789761662483215e-01,3.954469263553619385e-01,-1.239658117294311523e+00,-1.037585616111755371e+00,-6.993244588375091553e-02,-4.865621328353881836e-01,-2.835446894168853760e-01,-1.265362203121185303e-01,-8.601787686347961426e-01
-1.095192655920982361e-01,-5.378754734992980957e-01,7.401949167251586914e-01,-5.008636787533760071e-02,-6.801194697618484497e-02,9.961113929748535156e-01,2.505633234977722168e-02,-3.862088918685913086e-01,9.462868794798851013e-03,-2.861706167459487915e-02,1.037733554840087891e+00,-6.328857541084289551e-01,6.535264849662780762e-02,-5.784301161766052246e-01,-5.535124614834785461e-02,-3.061608076095581055e-01,1.244079709053039551e+00,-3.222696781158447266e-01,3.014625795185565948e-02,-2.010749131441116333e-01,-4.194234609603881836e-01,3.206478059291839600e-02,1.149000048637390137e+00,1.964135169982910156e+00,1.425307750701904297e+00,1.115513920783996582e+00,-2.543286681175231934e-01,1.355069130659103394e-02,-4.581826031208038330e-01,-1.386512756347656250e+00,-8.030628561973571777e-01,-3.968550562858581543e-01,-8.717303723096847534e-02,-1.073277220129966736e-01,-6.853092461824417114e-02,-5.332044959068298340e-01
-1.167640760540962219e-01,-5.350175499916076660e-01,7.401800751686096191e-01,-2.538526244461536407e-02,-6.128962710499763489e-02,9.977449774742126465e-01,1.020560134202241898e-02,-2.811305224895477295e-01,-1.694232807494699955e-03,-1.067453436553478241e-02,9.824071526527404785e-01,-6.752402186393737793e-01,8.169286698102951050e-02,-5.586971640586853027e-01,-3.458771482110023499e-02,-2.674011588096618652e-01,1.286970257759094238e+00,-2.661054432392120361e-01,4.305964708328247070e-02,-3.389306068420410156e-01,-4.106541275978088379e-01,-1.554176658391952515e-01,9.728567004203796387e-01,1.477525115013122559e+00,9.205298423767089844e-01,9.496807456016540527e-01,-2.107496857643127441e-01,-7.877171784639358521e-02,-5.006079673767089844e-01,-1.299761295318603516e+00,-5.648643374443054199e-01,-3.487600088119506836e-01,3.150312602519989014e-02,2.044614776968955994e-02,-1.148747950792312622e-01,-4.371306598186492920e-01
-1.207169592380523682e-01,-5.410178303718566895e-01,7.375456094741821289e-01,-6.782593205571174622e-03,2.778642810881137848e-02,9.988266229629516602e-01,-3.908129036426544189e-02,-1.926552057266235352e-01,-2.459125220775604248e-01,6.411234848201274872e-03,8.517695069313049316e-01,-5.747641324996948242e-01,1.354127228260040283e-01,-5.607215762138366699e-01,-2.434459775686264038e-01,-1.565462946891784668e-01,1.423614621162414551e+00,-3.408652842044830322e-01,9.865304082632064819e-02,-1.421934217214584351e-01,-6.380400061607360840e-02,-1.821820735931396484e-01,6.683777552098035812e-03,4.287785291671752930e-01,-2.382698506116867065e-01,1.196318864822387695e+00,5.831847339868545532e-02,-7.204897701740264893e-02,-8.228921145200729370e-02,-1.352943897247314453e+00,-7.979547977447509766e-01,2.788517475128173828e-01,2.385009638965129852e-02,5.506235361099243164e-02,-1.461874693632125854e-01,-3.857560753822326660e-01
-1.233348771929740906e-01,-5.384013056755065918e-01,7.387968897819519043e-01,-7.916757836937904358e-03,3.209370002150535583e-02,9.987486600875854492e-01,-3.752931579947471619e-02,-1.756338328123092651e-01,-2.532946169376373291e-01,1.788747683167457581e-02,8.375337123870849609e-01,-5.631728768348693848e-01,1.187113001942634583e-01,-5.529242157936096191e-01,-2.260833382606506348e-01,-1.531459689140319824e-01,1.418367981910705566e+00,-3.654025793075561523e-01,8.726826310157775879e-02,-6.023344770073890686e-02,1.750235632061958313e-02,-1.470711231231689453e-01,-9.178601950407028198e-02,2.506305277347564697e-01,-3.201973140239715576e-01,1.328981399536132812e+00,6.160817295312881470e-02,-1.035269051790237427e-01,-4.792031645774841309e-02,-1.513117432594299316e+00,-9.124198555946350098e-01,4.729561507701873779e-01,5.722035840153694153e-02,1.026357188820838928e-01,-1.471953690052032471e-01,-3.660622239112854004e-01
-1.263474673032760620e-01,-5.338852405548095703e-01,7.409538030624389648e-01,-9.402739815413951874e-03,2.776856720447540283e-02,9.989387392997741699e-01,-3.552228584885597229e-02,-1.774890273809432983e-01,-2.395040392875671387e-01,2.766578085720539093e-02,8.642655014991760254e-01,-5.477515459060668945e-01,9.185514599084854126e-02,-5.308018326759338379e-01,-2.052956223487854004e-01,-1.650087833404541016e-01,1.385591268539428711e+00,-4.064936935901641846e-01,6.308739632368087769e-02,-5.957036837935447693e-02,4.003778845071792603e-02,-1.495436131954193115e-01,-7.165544480085372925e-02,2.316630929708480835e-01,-3.143143355846405029e-01,1.340377688407897949e+00,6.312065571546554565e-02,-1.097500398755073547e-01,-7.411855459213256836e-02,-1.574926614761352539e+00,-9.120501279830932617e-01,5.314644575119018555e-01,4.947977140545845032e-02,1.183796972036361694e-01,-1.396473050117492676e-01,-3.238680064678192139e-01
-1.283508390188217163e-01,-5.291922688484191895e-01,7.441205978393554688e-01,-1.365737151354551315e-02,2.148131653666496277e-02,9.990327954292297363e-01,-3.585409373044967651e-02,-1.953148990869522095e-01,-2.208771705627441406e-01,3.315120935440063477e-02,9.054007530212402344e-01,-5.239648222923278809e-01,5.259840935468673706e-02,-5.115800499916076660e-01,-1.767727285623550415e-01,-1.798786222934722900e-01,1.343653798103332520e+00,-4.370121061801910400e-01,5.220010504126548767e-02,-6.111563369631767273e-02,6.445172429084777832e-02,-1.589584797620773315e-01,-5.978265404701232910e-02,2.337095290422439575e-01,-3.067944943904876709e-01,1.337690234184265137e+00,5.157817900180816650e-02,-1.126237884163856506e-01,-9.408185631036758423e-02,-1.611869931221008301e+00,-9.075664281845092773e-01,5.656119585037231445e-01,3.655882179737091064e-02,1.140384748578071594e-01,-1.316873580217361450e-01,-3.080683648586273193e-01
-1.291683167219161987e-01,-5.250807404518127441e-01,7.475374341011047363e-01,-1.613387838006019592e-02,1.805249415338039398e-02,9.990102648735046387e-01,-3.731286153197288513e-02,-2.093037366867065430e-01,-2.115811109542846680e-01,3.407919034361839294e-02,9.295508265495300293e-01,-4.956474900245666504e-01,2.078484557569026947e-02,-5.104026198387145996e-01,-1.610280275344848633e-01,-1.897473186254501343e-01,1.327394008636474609e+00,-4.220102131366729736e-01,4.812468588352203369e-02,-6.044214963912963867e-02,8.197666704654693604e-02,-1.694895476102828979e-01,-4.852083325386047363e-02,2.324053049087524414e-01,-3.014073967933654785e-01,1.326479315757751465e+00,4.993370920419692993e-02,-1.167553812265396118e-01,-1.125538349151611328e-01,-1.643323421478271484e+00,-9.047166109085083008e-01,5.904306769371032715e-01,9.252958931028842926e-03,9.275498241186141968e-02,-1.312519311904907227e-01,-2.988137602806091309e-01
-1.297033131122589111e-01,-5.218111276626586914e-01,7.485759258270263672e-01,-1.932382769882678986e-02,7.721213623881340027e-03,9.991201162338256836e-01,-3.641408681869506836e-02,-2.458003759384155273e-01,-1.858958005905151367e-01,4.164558276534080505e-02,9.876691102981567383e-01,-4.821101427078247070e-01,1.062053721398115158e-03,-4.956592917442321777e-01,-1.281278282403945923e-01,-2.039546221494674683e-01,1.275366067886352539e+00,-4.397149980068206787e-01,5.225238949060440063e-02,-5.752048641443252563e-02,1.010933667421340942e-01,-1.778422147035598755e-01,-4.389938339591026306e-02,2.314269989728927612e-01,-3.191402256488800049e-01,1.320211172103881836e+00,4.847931861877441406e-02,-1.143089309334754944e-01,-1.269661933183670044e-01,-1.655125975608825684e+00,-9.177624583244323730e-01,6.172255873680114746e-01,4.838398017454892397e-04,7.989517599344253540e-02,-1.197560876607894897e-01,-2.967733442783355713e-01
-1.300019770860671997e-01,-5.204390287399291992e-01,7.471858263015747070e-01,-1.742302067577838898e-02,-1.031389110721647739e-03,9.991313815116882324e-01,-3.784001246094703674e-02,-2.552847862243652344e-01,-1.859763711690902710e-01,2.694860659539699554e-02,1.011309981346130371e+00,-4.871516525745391846e-01,-6.837734952569007874e-03,-4.962752461433410645e-01,-9.137427806854248047e-02,-1.884945183992385864e-01,1.253635048866271973e+00,-4.198459088802337646e-01,7.170205563306808472e-02,-5.042362958192825317e-02,1.031186729669570923e-01,-1.831984668970108032e-01,-3.645904362201690674e-02,2.089807391166687012e-01,-3.280192017555236816e-01,1.325921654701232910e+00,6.879229098558425903e-02,-1.085687875747680664e-01,-1.336940377950668335e-01,-1.642610192298889160e+00,-9.076392650604248047e-01,6.113061308860778809e-01,1.700156019069254398e-03,4.962289333343505859e-02,-1.182470172643661499e-01,-3.170894980430603027e-01
-1.302727311849594116e-01,-5.198954343795776367e-01,7.428978681564331055e-01,-1.813617907464504242e-02,-6.729878950864076614e-03,9.990432858467102051e-01,-3.922157362103462219e-02,-2.589247226715087891e-01,-1.853623390197753906e-01,2.188867330551147461e-02,1.022291421890258789e+00,-5.144159197807312012e-01,8.711799979209899902e-03,-5.105647444725036621e-01,-6.883519142866134644e-02,-1.771273165941238403e-01,1.252562403678894043e+00,-4.103094041347503662e-01,8.474849909543991089e-02,-5.264157429337501526e-02,1.024302542209625244e-01,-1.850483864545822144e-01,-3.854499012231826782e-02,1.893826127052307129e-01,-3.506817221641540527e-01,1.335946798324584961e+00,7.759460061788558960e-02,-1.054987162351608276e-01,-1.287587881088256836e-01,-1.628950476646423340e+00,-9.054855108261108398e-01,6.118918061256408691e-01,1.556443888694047928e-02,2.857708744704723358e-02,-1.178610101342201233e-01,-3.278079330921173096e-01
-1.302732974290847778e-01,-5.197250843048095703e-01,7.365786433219909668e-01,-2.059954963624477386e-02,-5.058138631284236908e-03,9.988557100296020508e-01,-4.286372661590576172e-02,-2.244663238525390625e-01,-2.056829035282135010e-01,2.181539498269557953e-02,9.822241067886352539e-01,-5.678912997245788574e-01,4.761047288775444031e-02,-5.491053462028503418e-01,-7.991282641887664795e-02,-1.752639114856719971e-01,1.301402926445007324e+00,-3.862572610378265381e-01,9.452139586210250854e-02,-5.629483237862586975e-02,9.004132449626922607e-02,-1.929648071527481079e-01,-5.082039535045623779e-02,1.662774831056594849e-01,-3.721579611301422119e-01,1.350745320320129395e+00,1.068951636552810669e-01,-1.016610711812973022e-01,-1.108751967549324036e-01,-1.631818413734436035e+00,-8.823447227478027344e-01,6.108428835868835449e-01,4.564702883362770081e-02,-1.155159808695316315e-02,-1.165941655635833740e-01,-3.394353687763214111e-01
-1.287764012813568115e-01,-5.186859965324401855e-01,7.292958498001098633e-01,-2.082181163132190704e-02,1.903106924146413803e-03,9.987180233001708984e-01,-4.609981551766395569e-02,-1.909421980381011963e-01,-2.347293943166732788e-01,1.854661852121353149e-02,9.395585060119628906e-01,-6.073080301284790039e-01,9.039424359798431396e-02,-5.930888056755065918e-01,-9.440168738365173340e-02,-1.698422878980636597e-01,1.371682405471801758e+00,-3.538224399089813232e-01,1.021742522716522217e-01,-5.898113176226615906e-02,7.472609728574752808e-02,-1.936520636081695557e-01,-6.701891869306564331e-02,1.514392644166946411e-01,-3.880513012409210205e-01,1.360730886459350586e+00,1.297833472490310669e-01,-1.087301075458526611e-01,-9.928090870380401611e-02,-1.631658673286437988e+00,-8.571889400482177734e-01,5.974188446998596191e-01,7.276406884193420410e-02,-2.886806428432464600e-02,-1.286303251981735229e-01,-3.603243827819824219e-01
-1.272521913051605225e-01,-5.165652632713317871e-01,7.226521968841552734e-01,-1.561118662357330322e-02,1.146423351019620895e-02,9.987578392028808594e-01,-4.590918868780136108e-02,-1.530208736658096313e-01,-2.603375911712646484e-01,2.392150275409221649e-02,8.890566229820251465e-01,-6.609445214271545410e-01,1.439526230096817017e-01,-6.342121958732604980e-01,-1.089063510298728943e-01,-1.510595977306365967e-01,1.449302554130554199e+00,-3.331037759780883789e-01,1.191536635160446167e-01,-6.364007294178009033e-02,5.408909171819686890e-02,-1.871636062860488892e-01,-8.430694788694381714e-02,1.481360644102096558e-01,-4.092656970024108887e-01,1.357770919799804688e+00,1.439394205808639526e-01,-1.135614961385726929e-01,-8.394317328929901123e-02,-1.631135821342468262e+00,-8.337554931640625000e-01,5.755364298820495605e-01,1.026802137494087219e-01,7.240894716233015060e-03,-1.451482176780700684e-01,-3.924782276153564453e-01
-1.271921992301940918e-01,-5.141898393630981445e-01,7.175974249839782715e-01,-1.154796592891216278e-02,2.108566649258136749e-02,9.986436963081359863e-01,-4.618250578641891479e-02,-1.387314796447753906e-01,-2.765791714191436768e-01,4.036799445748329163e-02,8.674326539039611816e-01,-7.029770016670227051e-01,1.877886056900024414e-01,-6.607319712638854980e-01,-1.420213431119918823e-01,-1.468042433261871338e-01,1.505132913589477539e+00,-3.328775763511657715e-01,1.093906760215759277e-01,-6.548020243644714355e-02,3.721408173441886902e-02,-1.779144406318664551e-01,-9.969256818294525146e-02,1.574623733758926392e-01,-4.178556203842163086e-01,1.345243334770202637e+00,1.204494833946228027e-01,-1.128891706466674805e-01,-7.638164609670639038e-02,-1.635193943977355957e+00,-8.314458131790161133e-01,5.533329248428344727e-01,1.068604588508605957e-01,8.620285242795944214e-02,-1.558441817760467529e-01,-4.055598378181457520e-01
-1.247971057891845703e-01,-5.093184709548950195e-01,7.151958942413330078e-01,-8.678221143782138824e-03,2.885815501213073730e-02,9.982218742370605469e-01,-5.142918229103088379e-02,-1.292482614517211914e-01,-2.885715067386627197e-01,3.775759786367416382e-02,8.539226055145263672e-01,-7.259141206741333008e-01,2.071942090988159180e-01,-6.658075451850891113e-01,-1.612674295902252197e-01,-1.316142827272415161e-01,1.540880084037780762e+00,-3.512458801269531250e-01,9.760634601116180420e-02,-7.128519564867019653e-02,3.055174835026264191e-02,-1.701473593711853027e-01,-1.038051173090934753e-01,1.828554719686508179e-01,-4.298932850360870361e-01,1.321838855743408203e+00,1.114801913499832153e-01,-1.149926856160163879e-01,-7.638186216354370117e-02,-1.625862598419189453e+00,-8.447194099426269531e-01,5.274772644042968750e-01,1.035361737012863159e-01,1.332687139511108398e-01,-1.726143360137939453e-01,-4.175128936767578125e-01
-1.237798482179641724e-01,-5.028320550918579102e-01,7.165387868881225586e-01,-8.198702707886695862e-03,3.238466754555702209e-02,9.983012080192565918e-01,-4.773557931184768677e-02,-1.375316530466079712e-01,-2.836082279682159424e-01,4.309380054473876953e-02,8.642863035202026367e-01,-7.078500390052795410e-01,1.992845088243484497e-01,-6.403579711914062500e-01,-1.679930090904235840e-01,-1.231361776590347290e-01,1.518742918968200684e+00,-3.808502256870269775e-01,8.650513738393783569e-02,-6.761600822210311890e-02,2.311613783240318298e-02,-1.576395481824874878e-01,-1.019566133618354797e-01,2.122257649898529053e-01,-4.233998060226440430e-01,1.303321242332458496e+00,1.059799864888191223e-01,-1.097370609641075134e-01,-6.493782997131347656e-02,-1.604858756065368652e+00,-8.888691067695617676e-01,5.132645368576049805e-01,8.860260993242263794e-02,1.731162369251251221e-01,-1.850537806749343872e-01,-4.194821417331695557e-01
-1.274197697639465332e-01,-4.987265467643737793e-01,7.229031324386596680e-01,-1.136228442192077637e-02,3.332472220063209534e-02,9.984746575355529785e-01,-4.252928867936134338e-02,-1.599772721529006958e-01,-2.638191580772399902e-01,5.500503629446029663e-02,8.880252242088317871e-01,-6.262133121490478516e-01,1.405973285436630249e-01,-5.984835624694824219e-01,-1.680753678083419800e-01,-1.281453222036361694e-01,1.466232180595397949e+00,-3.948839604854583740e-01,7.339909672737121582e-02,-6.756420433521270752e-02,2.721274644136428833e-02,-1.509101837873458862e-01,-8.713124692440032959e-02,2.468135207891464233e-01,-4.114364981651306152e-01,1.280798912048339844e+00,9.841576218605041504e-02,-1.047836095094680786e-01,-5.983394756913185120e-02,-1.583233475685119629e+00,-9.641318321228027344e-01,5.193493962287902832e-01,3.860971331596374512e-02,2.030272334814071655e-01,-2.007857263088226318e-01,-4.237646758556365967e-01
-1.316185444593429565e-01,-4.939221739768981934e-01,7.347044348716735840e-01,-1.702865771949291229e-02,3.311818093061447144e-02,9.987437129020690918e-01,-3.352994099259376526e-02,-1.982977390289306641e-01,-2.160690277814865112e-01,7.982207089662551880e-02,9.236405491828918457e-01,-5.435431599617004395e-01,8.751670271158218384e-02,-5.381036400794982910e-01,-1.658077389001846313e-01,-1.566110253334045410e-01,1.381388783454895020e+00,-4.434933662414550781e-01,5.458680912852287292e-02,-6.602017581462860107e-02,3.399307653307914734e-02,-1.521080285310745239e-01,-6.445762515068054199e-02,2.824648916721343994e-01,-3.896568417549133301e-01,1.273061275482177734e+00,8.576088398694992065e-02,-9.610921144485473633e-02,-6.847359985113143921e-02,-1.598319649696350098e+00,-1.069032788276672363e+00,5.669588446617126465e-01,-4.818104952573776245e-02,1.692464351654052734e-01,-1.962549537420272827e-01,-3.991588950157165527e-01
-1.352571845054626465e-01,-4.889664351940155029e-01,7.494973540306091309e-01,-1.944340951740741730e-02,3.105945698916912079e-02,9.991406202316284180e-01,-1.937312446534633636e-02,-2.552185356616973877e-01,-1.536189764738082886e-01,1.162524074316024780e-01,9.800965785980224609e-01,-4.470259249210357666e-01,1.853281073272228241e-02,-4.712959527969360352e-01,-1.474968194961547852e-01,-1.873025447130203247e-01,1.268367528915405273e+00,-4.511457383632659912e-01,5.765856802463531494e-02,-5.559930205345153809e-02,4.888988658785820007e-02,-1.517786830663681030e-01,-3.844789415597915649e-02,3.128739595413208008e-01,-3.612445890903472900e-01,1.261967897415161133e+00,6.457840651273727417e-02,-8.946624398231506348e-02,-7.846760004758834839e-02,-1.622091412544250488e+00,-1.188194513320922852e+00,6.404985785484313965e-01,-1.832060664892196655e-01,1.616015881299972534e-01,-2.010053843259811401e-01,-3.699067533016204834e-01
-1.372681260108947754e-01,-4.843374788761138916e-01,7.631272077560424805e-01,-2.038883790373802185e-02,2.238654531538486481e-02,9.995411634445190430e-01,-7.642145501449704170e-04,-3.214026689529418945e-01,-9.027604758739471436e-02,1.443073898553848267e-01,1.061767339706420898e+00,-3.640926480293273926e-01,-4.123333469033241272e-02,-4.402895569801330566e-01,-1.122947633266448975e-01,-2.092824578285217285e-01,1.180043697357177734e+00,-4.026585519313812256e-01,7.974647730588912964e-02,-5.693972110748291016e-02,7.069336622953414917e-02,-1.476666927337646484e-01,-5.814301781356334686e-03,3.568522930145263672e-01,-3.190644383430480957e-01,1.234064221382141113e+00,3.117077238857746124e-02,-9.616348147392272949e-02,-1.088949888944625854e-01,-1.660936117172241211e+00,-1.310069322586059570e+00,7.080705761909484863e-01,-3.190235197544097900e-01,1.562476307153701782e-01,-2.322917133569717407e-01,-3.458339869976043701e-01
-1.394012570381164551e-01,-4.801101982593536377e-01,7.741382718086242676e-01,-2.485571801662445068e-02,1.693843491375446320e-02,9.993501901626586914e-01,1.986012235283851624e-02,-3.866299390792846680e-01,-5.102421715855598450e-02,1.494114845991134644e-01,1.119240999221801758e+00,-2.854298651218414307e-01,-8.471121639013290405e-02,-4.436834752559661865e-01,-7.932787388563156128e-02,-2.024593353271484375e-01,1.130071520805358887e+00,-3.064320087432861328e-01,1.109612956643104553e-01,-6.228186562657356262e-02,8.005917817354202271e-02,-1.579735726118087769e-01,4.339931160211563110e-02,4.329513609409332275e-01,-2.638970911502838135e-01,1.191672205924987793e+00,3.096577525138854980e-02,-1.038118302822113037e-01,-1.359913349151611328e-01,-1.729182481765747070e+00,-1.443607449531555176e+00,8.011460304260253906e-01,-4.756180346012115479e-01,1.073094531893730164e-01,-2.622691988945007324e-01,-3.467146754264831543e-01
-1.432955712080001831e-01,-4.765630364418029785e-01,7.811640501022338867e-01,-3.534327447414398193e-02,2.181842364370822906e-02,9.985047578811645508e-01,3.553929552435874939e-02,-4.243246614933013916e-01,-1.414645742624998093e-02,1.877129375934600830e-01,1.124957084655761719e+00,-2.924171090126037598e-01,-7.787546515464782715e-02,-4.674386084079742432e-01,-7.054074108600616455e-02,-2.022916525602340698e-01,1.113689541816711426e+00,-2.351883798837661743e-01,1.261341869831085205e-01,-8.801119774580001831e-02,8.922211080789566040e-02,-1.722459197044372559e-01,1.142325475811958313e-01,5.147415995597839355e-01,-1.921990215778350830e-01,1.108108997344970703e+00,-3.725585713982582092e-02,-1.412829309701919556e-01,-1.344617605209350586e-01,-1.744455456733703613e+00,-1.563045263290405273e+00,8.719935417175292969e-01,-6.082199811935424805e-01,1.049012765288352966e-01,-3.168181180953979492e-01,-3.400077819824218750e-01
