-8.971883915364742279e-03,-3.041572635993361473e-03,7.427150607109069824e-01,-7.584983855485916138e-02,-5.046256259083747864e-02,4.480459094047546387e-01,8.893566131591796875e-01,1.408229917287826538e-01,4.053544998168945312e-01,5.111767649650573730e-01,3.317753374576568604e-01,-4.264004230499267578e-01,2.625976130366325378e-02,-3.167783021926879883e-01,-5.158213526010513306e-02,-2.824659645557403564e-01,3.560245931148529053e-01,-2.794120833277702332e-02,5.791256949305534363e-02,2.650183439254760742e-01,-5.199999809265136719e-01,1.640599220991134644e-03,9.109863638877868652e-01,-6.000000238418579102e-01,3.354965522885322571e-02,8.260273933410644531e-01,-3.643926084041595459e-01,2.730626165866851807e-01,8.746273070573806763e-02,-2.553510069847106934e-01,-5.350897312164306641e-01,-3.821433484554290771e-01,1.444014906883239746e-01,2.650881111621856689e-01,1.413626313209533691e+00,2.352684140205383301e-01
-1.028633024543523788e-02,3.696976462379097939e-03,7.219831943511962891e-01,-1.368529498577117920e-01,-1.154124736785888672e-01,4.809971451759338379e-01,8.582499623298645020e-01,3.814392164349555969e-02,6.548905968666076660e-01,3.374628722667694092e-01,6.540148258209228516e-01,-6.401355862617492676e-01,-5.224516149610280991e-03,-3.525008559226989746e-01,2.019141800701618195e-02,-4.132515788078308105e-01,6.649264097213745117e-01,-2.191182374954223633e-01,6.119291856884956360e-02,4.579113125801086426e-01,-4.767350554466247559e-01,1.623563468456268311e-01,1.149000048637390137e+00,-6.000000238418579102e-01,-1.305847615003585815e-01,9.461255073547363281e-01,-2.922794222831726074e-01,1.022283732891082764e-01,1.849602311849594116e-01,-2.800253629684448242e-01,-8.397489786148071289e-01,-4.964439868927001953e-01,2.610741853713989258e-01,6.099177002906799316e-01,1.614429950714111328e+00,5.726268291473388672e-01
-1.221059635281562805e-02,-1.912196283228695393e-03,6.921530961990356445e-01,-1.283292025327682495e-01,-1.512966901063919067e-01,4.814639687538146973e-01,8.537173867225646973e-01,-1.416718512773513794e-01,7.617312669754028320e-01,1.787146031856536865e-01,1.091657876968383789e+00,-8.157597780227661133e-01,-5.112156644463539124e-02,-3.992879688739776611e-01,-1.566671580076217651e-02,-4.261017739772796631e-01,9.401174187660217285e-01,-3.629102706909179688e-01,4.782773926854133606e-02,6.664385199546813965e-01,-4.557450711727142334e-01,3.660006821155548096e-01,1.149000048637390137e+00,-6.000000238418579102e-01,-2.004029154777526855e-01,9.887843728065490723e-01,-2.145383059978485107e-01,-7.384780049324035645e-02,3.127412199974060059e-01,-3.333244025707244873e-01,-1.011017322540283203e+00,-4.458020031452178955e-01,1.565914303064346313e-01,9.631965756416320801e-01,1.614429950714111328e+00,9.048538804054260254e-01
-1.510833017528057098e-02,-1.122531015425920486e-02,6.682583689689636230e-01,-1.078241094946861267e-01,-1.587727218866348267e-01,4.870991408824920654e-01,8.519974350929260254e-01,-3.036669194698333740e-01,7.723677754402160645e-01,6.703291088342666626e-02,1.349119544029235840e+00,-8.726699948310852051e-01,-6.451959908008575439e-02,-4.686901271343231201e-01,-7.673988491296768188e-02,-3.847679793834686279e-01,1.145108699798583984e+00,-4.614968299865722656e-01,3.558452427387237549e-02,7.994789481163024902e-01,-4.464359879493713379e-01,4.668809771537780762e-01,1.149000048637390137e+00,-6.000000238418579102e-01,-2.180058807134628296e-01,1.048586368560791016e+00,-1.493963301181793213e-01,-1.877435296773910522e-01,4.187018275260925293e-01,-4.247367680072784424e-01,-1.182401180267333984e+00,-3.752420246601104736e-01,-2.003243416547775269e-01,1.405586600303649902e+00,1.614429950714111328e+00,1.323127627372741699e+00
-2.087702043354511261e-02,-1.318717841058969498e-02,6.569052934646606445e-01,-9.938076138496398926e-02,-1.393463760614395142e-01,5.033448338508605957e-01,8.469651937484741211e-01,-4.306409955024719238e-01,7.261638641357421875e-01,1.971806585788726807e-02,1.449015855789184570e+00,-8.726699948310852051e-01,-4.721276089549064636e-02,-5.522202849388122559e-01,-1.429001986980438232e-01,-3.416901230812072754e-01,1.265161156654357910e+00,-5.112916827201843262e-01,3.737301379442214966e-02,8.097341656684875488e-01,-4.355230033397674561e-01,4.649897217750549316e-01,1.149000048637390137e+00,-6.000000238418579102e-01,-1.870216876268386841e-01,1.162269830703735352e+00,-1.059125065803527832e-01,-2.341550588607788086e-01,4.974614977836608887e-01,-5.885627865791320801e-01,-1.341975450515747070e+00,-4.679819643497467041e-01,-7.300563454627990723e-01,1.972132444381713867e+00,1.614429950714111328e+00,1.614429950714111328e+00
-2.604971081018447876e-02,-1.691104099154472351e-02,6.506091952323913574e-01,-1.051043719053268433e-01,-9.577145427465438843e-02,5.256102085113525391e-01,8.387579321861267090e-01,-5.847820043563842773e-01,6.492699980735778809e-01,-7.878975942730903625e-03,1.488508462905883789e+00,-8.726699948310852051e-01,-7.786626229062676430e-04,-6.730619072914123535e-01,-1.965814381837844849e-01,-2.913504838943481445e-01,1.323144197463989258e+00,-5.411348342895507812e-01,3.088978305459022522e-02,7.959971427917480469e-01,-4.422060847282409668e-01,4.656091630458831787e-01,1.149000048637390137e+00,-6.000000238418579102e-01,-1.814172714948654175e-01,1.288890242576599121e+00,-9.059118479490280151e-02,-2.467625439167022705e-01,5.184940099716186523e-01,-6.552685499191284180e-01,-1.195893526077270508e+00,-5.344027280807495117e-01,-1.030871391296386719e+00,1.972219944000244141e+00,1.614429950714111328e+00,1.614429950714111328e+00
-3.050635010004043579e-02,-2.342194505035877228e-02,6.467227339744567871e-01,-1.086556538939476013e-01,-6.913717836141586304e-02,5.524126291275024414e-01,8.235619664192199707e-01,-6.893340349197387695e-01,5.707439780235290527e-01,-3.787247836589813232e-02,1.492315292358398438e+00,-8.726699948310852051e-01,4.093066602945327759e-02,-7.401453852653503418e-01,-2.309422194957733154e-01,-2.471351772546768188e-01,1.344954609870910645e+00,-5.699871778488159180e-01,2.622894570231437683e-02,8.370986580848693848e-01,-4.523439705371856689e-01,4.664375782012939453e-01,1.149000048637390137e+00,-6.000000238418579102e-01,-1.576002389192581177e-01,1.385032057762145996e+00,-8.174072206020355225e-02,-2.399058341979980469e-01,5.462858080863952637e-01,-7.533064484596252441e-01,-1.019513130187988281e+00,-5.181037187576293945e-01,-1.047199964523315430e+00,1.972219944000244141e+00,1.614429950714111328e+00,1.614429950714111328e+00
-3.392922505736351013e-02,-2.888267859816551208e-02,6.427236795425415039e-01,-1.068257018923759460e-01,-5.380100011825561523e-02,5.836454033851623535e-01,8.031511306762695312e-01,-7.669137716293334961e-01,4.852811992168426514e-01,-6.943963468074798584e-02,1.499428629875183105e+00,-8.726699948310852051e-01,7.937422394752502441e-02,-7.734102010726928711e-01,-2.690887749195098877e-01,-2.037482708692550659e-01,1.374144077301025391e+00,-5.984364748001098633e-01,2.172042988240718842e-02,8.758041858673095703e-01,-4.619055986404418945e-01,4.688169956207275391e-01,1.149000048637390137e+00,-6.000000238418579102e-01,-1.133951321244239807e-01,1.457140922546386719e+00,-5.094636231660842896e-02,-2.444507330656051636e-01,5.948284864425659180e-01,-9.094406962394714355e-01,-8.085986375808715820e-01,-4.378570616245269775e-01,-1.047199964523315430e+00,1.972219944000244141e+00,1.614429950714111328e+00,1.614429950714111328e+00
-4.022446274757385254e-02,-2.568341232836246490e-02,6.434459686279296875e-01,-1.081459298729896545e-01,-4.196416214108467102e-02,6.157096624374389648e-01,7.793876528739929199e-01,-8.060988783836364746e-01,4.085848629474639893e-01,-7.784187048673629761e-02,1.477741956710815430e+00,-8.726699948310852051e-01,1.009978055953979492e-01,-7.776873707771301270e-01,-3.084158599376678467e-01,-1.730127334594726562e-01,1.388341426849365234e+00,-6.080557107925415039e-01,1.013297960162162781e-02,9.028255939483642578e-01,-4.694294929504394531e-01,4.718359410762786865e-01,1.149000048637390137e+00,-6.000000238418579102e-01,-5.766653269529342651e-02,1.488184571266174316e+00,-3.402506560087203979e-02,-2.556000053882598877e-01,6.252859830856323242e-01,-1.026686787605285645e+00,-6.358225941658020020e-01,-3.409488201141357422e-01,-1.047199964523315430e+00,1.972219944000244141e+00,1.614429950714111328e+00,1.614429950714111328e+00
-4.044914990663528442e-02,-9.764638729393482208e-03,6.495459675788879395e-01,-1.128580644726753235e-01,-2.592909894883632660e-02,6.467471718788146973e-01,7.538626194000244141e-01,-8.121225237846374512e-01,3.330492079257965088e-01,-9.043416380882263184e-02,1.427994489669799805e+00,-8.726699948310852051e-01,1.182301342487335205e-01,-7.742925286293029785e-01,-3.350270986557006836e-01,-1.595874577760696411e-01,1.394444108009338379e+00,-5.904315710067749023e-01,3.219915088266134262e-03,9.292731881141662598e-01,-4.771947264671325684e-01,4.739286601543426514e-01,1.149000048637390137e+00,-6.000000238418579102e-01,2.510541118681430817e-02,1.491622924804687500e+00,-4.256625100970268250e-02,-2.796264886856079102e-01,6.406430602073669434e-01,-1.055112957954406738e+00,-4.970359504222869873e-01,-2.143021225929260254e-01,-1.047199964523315430e+00,1.972219944000244141e+00,1.614429950714111328e+00,1.614429950714111328e+00
-3.023793175816535950e-02,3.160604974254965782e-04,6.572621464729309082e-01,-1.075190827250480652e-01,-2.259474620223045349e-02,6.819185018539428711e-01,7.231295108795166016e-01,-7.832958698272705078e-01,2.657641768455505371e-01,-1.306349337100982666e-01,1.389235138893127441e+00,-8.726699948310852051e-01,1.163212582468986511e-01,-7.672465443611145020e-01,-2.973939478397369385e-01,-1.111190021038055420e-01,1.384807944297790527e+00,-5.462162494659423828e-01,2.261116355657577515e-02,9.277644753456115723e-01,-4.827147722244262695e-01,4.720847606658935547e-01,1.149000048637390137e+00,-6.000000238418579102e-01,1.711580604314804077e-01,1.502643942832946777e+00,-4.219976440072059631e-02,-3.034951686859130859e-01,6.510494947433471680e-01,-9.321366548538208008e-01,-3.306309878826141357e-01,-7.708210963755846024e-03,-1.033276081085205078e+00,1.972219944000244141e+00,1.614429950714111328e+00,1.614429950714111328e+00
-2.076364494860172272e-02,1.883228868246078491e-02,6.702040433883666992e-01,-9.586266428232192993e-02,-2.379139326512813568e-02,7.242296338081359863e-01,6.824483275413513184e-01,-7.076765894889831543e-01,1.946452111005783081e-01,-1.777133494615554810e-01,1.312737345695495605e+00,-8.726699948310852051e-01,1.161792278289794922e-01,-7.394457459449768066e-01,-2.247161567211151123e-01,-5.190198123455047607e-02,1.395900845527648926e+00,-4.582290947437286377e-01,4.262399300932884216e-02,1.006712436676025391e+00,-4.916491508483886719e-01,4.709034562110900879e-01,1.149000048637390137e+00,-6.000000238418579102e-01,3.463149666786193848e-01,1.460417270660400391e+00,-3.948647528886795044e-02,-3.456352353096008301e-01,5.653921365737915039e-01,-6.864776015281677246e-01,-3.662120699882507324e-01,2.420106381177902222e-01,-8.772653937339782715e-01,1.972219944000244141e+00,1.614429950714111328e+00,1.614429950714111328e+00
-1.733840815722942352e-02,3.035321086645126343e-02,6.837798953056335449e-01,-7.469716668128967285e-02,-2.413477376103401184e-02,7.590356469154357910e-01,6.462993025779724121e-01,-6.115494370460510254e-01,1.230795904994010925e-01,-2.058151364326477051e-01,1.225415229797363281e+00,-8.726699948310852051e-01,1.188654899597167969e-01,-7.332679629325866699e-01,-1.446558088064193726e-01,2.718304656445980072e-02,1.428978323936462402e+00,-3.803945779800415039e-01,5.839413776993751526e-02,1.087417602539062500e+00,-5.001881122589111328e-01,4.697586596012115479e-01,1.149000048637390137e+00,-6.000000238418579102e-01,5.487192869186401367e-01,1.414476633071899414e+00,-3.409967944025993347e-02,-3.807930350303649902e-01,4.675568938255310059e-01,-4.393967986106872559e-01,-4.219805598258972168e-01,3.998929262161254883e-01,-7.245253920555114746e-01,1.972219944000244141e+00,1.614429950714111328e+00,1.614429950714111328e+00
-2.054697647690773010e-02,5.020334944128990173e-02,6.962954401969909668e-01,-5.149585753679275513e-02,-2.485257945954799652e-02,7.895804643630981445e-01,6.109772920608520508e-01,-4.960561394691467285e-01,6.453514844179153442e-02,-2.246546745300292969e-01,1.151476860046386719e+00,-8.726699948310852051e-01,1.231778487563133240e-01,-7.226285338401794434e-01,-5.362739413976669312e-02,8.956395834684371948e-02,1.480176329612731934e+00,-3.368847966194152832e-01,7.090368866920471191e-02,1.157223224639892578e+00,-5.075628161430358887e-01,4.721525311470031738e-01,1.149000048637390137e+00,-6.000000238418579102e-01,7.247321009635925293e-01,1.404428362846374512e+00,-4.125423729419708252e-02,-3.956089615821838379e-01,3.823850750923156738e-01,-2.433996200561523438e-01,-4.349417090415954590e-01,4.142816364765167236e-01,-6.666822433471679688e-01,1.972219944000244141e+00,1.614429950714111328e+00,1.614429950714111328e+00
-1.806186139583587646e-02,5.662633478641510010e-02,7.088526487350463867e-01,-2.908759936690330505e-02,-3.046500682830810547e-02,8.165472745895385742e-01,5.757398009300231934e-01,-4.021879136562347412e-01,3.943686932325363159e-02,-2.252102047204971313e-01,1.094322443008422852e+00,-8.248221874237060547e-01,1.049530282616615295e-01,-6.832401752471923828e-01,3.160919994115829468e-02,1.323630511760711670e-01,1.481535792350769043e+00,-3.454990088939666748e-01,7.653059065341949463e-02,1.217130303382873535e+00,-5.107021331787109375e-01,4.804354608058929443e-01,1.149000048637390137e+00,-6.000000238418579102e-01,8.628608584403991699e-01,1.418439984321594238e+00,-7.870348542928695679e-02,-3.998150229454040527e-01,3.427352607250213623e-01,-7.999557256698608398e-02,-4.278124570846557617e-01,2.934501767158508301e-01,-7.090482115745544434e-01,1.972219944000244141e+00,1.614429950714111328e+00,1.614429950714111328e+00
-1.246620249003171921e-02,5.847666412591934204e-02,7.218974232673645020e-01,-9.993153624236583710e-03,-3.979605436325073242e-02,8.406950831413269043e-01,5.399520397186279297e-01,-3.363574147224426270e-01,1.629562117159366608e-02,-2.339151501655578613e-01,1.028502345085144043e+00,-7.535364627838134766e-01,8.074814081192016602e-02,-6.120402812957763672e-01,1.253171712160110474e-01,1.585317850112915039e-01,1.418291568756103516e+00,-3.680478632450103760e-01,7.408145070075988770e-02,1.261432170867919922e+00,-5.107500553131103516e-01,4.902777671813964844e-01,1.149000048637390137e+00,-6.000000238418579102e-01,9.290582537651062012e-01,1.472707748413085938e+00,-1.287469416856765747e-01,-3.923166394233703613e-01,3.376392424106597900e-01,1.091241315007209778e-01,-3.789254128932952881e-01,4.438904672861099243e-02,-7.897514104843139648e-01,1.972219944000244141e+00,1.614429950714111328e+00,1.614429950714111328e+00
-5.151771940290927887e-03,6.057328358292579651e-02,7.325397729873657227e-01,2.180212875828146935e-03,-5.341563746333122253e-02,8.666549921035766602e-01,4.960353672504425049e-01,-2.966233193874359131e-01,1.950546726584434509e-02,-2.348363846540451050e-01,9.703614711761474609e-01,-7.164726853370666504e-01,5.151798948645591736e-02,-5.222525596618652344e-01,2.176669090986251831e-01,1.744139045476913452e-01,1.292657136917114258e+00,-4.075062274932861328e-01,8.465603739023208618e-02,1.283017158508300781e+00,-5.093993544578552246e-01,4.989623129367828369e-01,1.149000048637390137e+00,-6.000000238418579102e-01,9.145526885986328125e-01,1.563387393951416016e+00,-1.550490111112594604e-01,-3.776781857013702393e-01,3.462333083152770996e-01,3.219137787818908691e-01,-2.413613051176071167e-01,-2.550515830516815186e-01,-8.439186215400695801e-01,1.972219944000244141e+00,1.614429950714111328e+00,1.614429950714111328e+00
2.946039603557437658e-04,6.485482305288314819e-02,7.395460009574890137e-01,3.532710252329707146e-03,-6.476256996393203735e-02,8.937227725982666016e-01,4.439064264297485352e-01,-2.964329421520233154e-01,4.306689649820327759e-02,-2.246150970458984375e-01,9.256989359855651855e-01,-6.909585595130920410e-01,2.362872473895549774e-02,-4.413855373859405518e-01,2.885018289089202881e-01,1.873303353786468506e-01,1.149244785308837891e+00,-4.195004999637603760e-01,9.554214030504226685e-02,1.299540519714355469e+00,-5.093571543693542480e-01,5.034692287445068359e-01,1.149000048637390137e+00,-6.000000238418579102e-01,8.862049579620361328e-01,1.655214071273803711e+00,-1.784512698650360107e-01,-3.812296390533447266e-01,3.648320436477661133e-01,4.895155727863311768e-01,-1.495207566767930984e-02,-4.584543406963348389e-01,-8.791973590850830078e-01,1.972219944000244141e+00,1.614429950714111328e+00,1.614429950714111328e+00
5.964112468063831329e-03,6.959668546915054321e-02,7.428870797157287598e-01,2.023365581408143044e-03,-7.328251749277114868e-02,9.226235747337341309e-01,3.786704838275909424e-01,-3.157745599746704102e-01,6.950304657220840454e-02,-2.150718569755554199e-01,9.000410437583923340e-01,-6.807945966720581055e-01,3.110991092398762703e-03,-3.677686154842376709e-01,3.429641127586364746e-01,2.058456689119338989e-01,1.021990656852722168e+00,-4.155240058898925781e-01,9.856649488210678101e-02,1.330619573593139648e+00,-5.103559494018554688e-01,5.059605836868286133e-01,1.149000048637390137e+00,-6.000000238418579102e-01,9.127455949783325195e-01,1.700000047683715820e+00,-2.428390681743621826e-01,-3.696000576019287109e-01,4.228643178939819336e-01,5.449585318565368652e-01,2.805858254432678223e-01,-6.119828224182128906e-01,-9.237779378890991211e-01,1.972219944000244141e+00,1.614429950714111328e+00,1.614429950714111328e+00
1.150210667401552200e-02,7.347056269645690918e-02,7.424877882003784180e-01,4.613391589373350143e-03,-9.463857114315032959e-02,9.466537237167358398e-01,3.080081343650817871e-01,-3.314124643802642822e-01,1.333486139774322510e-01,-1.777596920728683472e-01,9.046429991722106934e-01,-6.675991415977478027e-01,-1.550824008882045746e-02,-2.758102715015411377e-01,3.689750134944915771e-01,1.743696033954620361e-01,9.137740135192871094e-01,-4.210547208786010742e-01,8.590220659971237183e-02,1.391891479492187500e+00,-5.105926990509033203e-01,5.075910687446594238e-01,1.149000048637390137e+00,-6.000000238418579102e-01,1.017821192741394043e+00,1.700000047683715820e+00,-3.267371058464050293e-01,-2.931037545204162598e-01,5.741355419158935547e-01,5.378049015998840332e-01,5.939537286758422852e-01,-7.815687656402587891e-01,-9.637126326560974121e-01,1.972219944000244141e+00,1.614429950714111328e+00,1.614429950714111328e+00
1.731360331177711487e-02,7.643660157918930054e-02,7.387796640396118164e-01,7.060961797833442688e-03,-9.617355465888977051e-02,9.657565951347351074e-01,2.408629953861236572e-01,-3.523513078689575195e-01,1.994598507881164551e-01,-5.152790620923042297e-02,9.311536550521850586e-01,-6.415874958038330078e-01,-2.231989242136478424e-02,-2.051980644464492798e-01,3.274408280849456787e-01,1.019771173596382141e-01,8.294125795364379883e-01,-4.622424244880676270e-01,6.903181970119476318e-02,1.436747550964355469e+00,-5.104506611824035645e-01,5.041601657867431641e-01,1.149000048637390137e+00,-6.000000238418579102e-01,1.201246857643127441e+00,1.700000047683715820e+00,-3.970899283885955811e-01,-1.331930309534072876e-01,8.286840915679931641e-01,4.742691814899444580e-01,6.000000238418579102e-01,-1.027097463607788086e+00,-8.350413441658020020e-01,1.972219944000244141e+00,1.614429950714111328e+00,1.614429950714111328e+00
2.277685515582561493e-02,7.885681837797164917e-02,7.334138751029968262e-01,-5.575350369326770306e-04,-7.987035810947418213e-02,9.795175194740295410e-01,1.848401725292205811e-01,-3.940551578998565674e-01,2.127099335193634033e-01,3.602582961320877075e-02,9.734291434288024902e-01,-6.286632418632507324e-01,-1.087334286421537399e-02,-1.784680485725402832e-01,2.405934631824493408e-01,-1.304800901561975479e-02,7.673043012619018555e-01,-5.369668006896972656e-01,5.800001695752143860e-02,1.480622172355651855e+00,-5.091032981872558594e-01,4.213783144950866699e-01,1.149000048637390137e+00,-6.000000238418579102e-01,1.533412694931030273e+00,1.700000047683715820e+00,-4.868849217891693115e-01,3.254610672593116760e-02,1.139667391777038574e+00,3.685446083545684814e-01,6.000000238418579102e-01,-1.392726778984069824e+00,-5.981707572937011719e-01,1.972219944000244141e+00,1.614429950714111328e+00,1.614429950714111328e+00
2.605614811182022095e-02,7.943138480186462402e-02,7.266518473625183105e-01,-1.543847098946571350e-02,-6.162834167480468750e-02,9.897112250328063965e-01,1.282000690698623657e-01,-4.496372640132904053e-01,1.794087290763854980e-01,7.138039171695709229e-02,1.056651711463928223e+00,-6.425653696060180664e-01,1.391140837222337723e-02,-1.799639463424682617e-01,1.426362544298171997e-01,-1.712238937616348267e-01,7.446218132972717285e-01,-6.122643351554870605e-01,4.208674281835556030e-02,1.487733602523803711e+00,-4.994846880435943604e-01,2.000087052583694458e-01,1.149000048637390137e+00,-6.000000238418579102e-01,1.999994754791259766e+00,1.700000047683715820e+00,-6.180403828620910645e-01,2.798373252153396606e-02,1.468259692192077637e+00,2.621186971664428711e-01,6.000000238418579102e-01,-1.819572448730468750e+00,-4.266864955425262451e-01,1.972219944000244141e+00,1.614429950714111328e+00,1.614429950714111328e+00
3.229984641075134277e-02,8.041005581617355347e-02,7.187766432762145996e-01,-2.954701334238052368e-02,-6.851827353239059448e-02,9.950570464134216309e-01,6.552603840827941895e-02,-5.058012604713439941e-01,1.789000183343887329e-01,6.272143125534057617e-02,1.198463082313537598e+00,-7.001558542251586914e-01,4.916283860802650452e-02,-1.983483731746673584e-01,1.057070717215538025e-01,-3.281098008155822754e-01,7.637751102447509766e-01,-6.589221954345703125e-01,2.324977330863475800e-02,1.490425109863281250e+00,-4.830926954746246338e-01,1.339217275381088257e-01,1.149000048637390137e+00,-6.000000238418579102e-01,2.000000000000000000e+00,1.700000047683715820e+00,-8.678312301635742188e-01,-1.061595603823661804e-01,1.614429950714111328e+00,1.393761187791824341e-01,5.752738714218139648e-01,-2.000000000000000000e+00,-3.565638065338134766e-01,1.972219944000244141e+00,1.614429950714111328e+00,1.614429950714111328e+00
3.296681866049766541e-02,7.779793441295623779e-02,7.080510258674621582e-01,-4.818513989448547363e-02,-8.063346147537231445e-02,9.955169558525085449e-01,1.106556132435798645e-02,-5.462163090705871582e-01,1.848547458648681641e-01,4.234899953007698059e-02,1.324986100196838379e+00,-7.506799101829528809e-01,8.354879915714263916e-02,-2.302004098892211914e-01,8.118898421525955200e-02,-4.474214315414428711e-01,7.984655499458312988e-01,-7.008119225502014160e-01,-1.129378215409815311e-03,1.494380354881286621e+00,-4.263843595981597900e-01,1.065936386585235596e-01,1.149000048637390137e+00,-6.000000238418579102e-01,2.000000000000000000e+00,1.700000047683715820e+00,-1.152739763259887695e+00,-2.496498376131057739e-01,1.614429950714111328e+00,2.837989851832389832e-02,4.502455592155456543e-01,-2.000000000000000000e+00,-3.238357305526733398e-01,1.972219944000244141e+00,1.614429950714111328e+00,1.614429950714111328e+00
3.280479460954666138e-02,6.703496724367141724e-02,6.974092125892639160e-01,-7.425746321678161621e-02,-9.467481821775436401e-02,9.919611811637878418e-01,-3.918564692139625549e-02,-5.849580764770507812e-01,1.557617634534835815e-01,-8.620134554803371429e-03,1.395937085151672363e+00,-7.968704700469970703e-01,1.017827913165092468e-01,-2.798376977443695068e-01,4.293335229158401489e-02,-5.532705187797546387e-01,8.494155406951904297e-01,-7.354687452316284180e-01,-2.811504155397415161e-02,1.501862883567810059e+00,-3.036071956157684326e-01,7.957685738801956177e-02,1.149000048637390137e+00,-6.000000238418579102e-01,2.000000000000000000e+00,1.700000047683715820e+00,-1.459604144096374512e+00,-4.221349656581878662e-01,1.614429950714111328e+00,-1.450876891613006592e-01,2.364766597747802734e-01,-2.000000000000000000e+00,-3.432220816612243652e-01,1.972219944000244141e+00,1.614429950714111328e+00,1.614429950714111328e+00
3.342521190643310547e-02,6.583400815725326538e-02,6.876375079154968262e-01,-1.113360375165939331e-01,-9.780520945787429810e-02,9.846336841583251953e-01,-9.238459169864654541e-02,-6.369726657867431641e-01,8.094980567693710327e-02,-7.128993421792984009e-02,1.386270046234130859e+00,-8.431933522224426270e-01,1.170044615864753723e-01,-3.706414401531219482e-01,-4.708060063421726227e-03,-6.176075339317321777e-01,9.230958223342895508e-01,-7.688763737678527832e-01,-5.037009716033935547e-02,1.502131581306457520e+00,-6.686111539602279663e-02,8.753042668104171753e-02,1.149000048637390137e+00,-6.000000238418579102e-01,2.000000000000000000e+00,1.700000047683715820e+00,-1.758577585220336914e+00,-6.076624989509582520e-01,1.614429950714111328e+00,-4.540498554706573486e-01,-7.985412329435348511e-02,-2.000000000000000000e+00,-4.139713943004608154e-01,1.972219944000244141e+00,1.614429950714111328e+00,1.614429950714111328e+00
3.770165145397186279e-02,7.244369387626647949e-02,6.819652915000915527e-01,-1.367908418178558350e-01,-8.259589970111846924e-02,9.775369167327880859e-01,-1.374328583478927612e-01,-6.723889708518981934e-01,7.239518687129020691e-03,-8.712967485189437866e-02,1.324027419090270996e+00,-8.726699948310852051e-01,1.450859308242797852e-01,-4.518993496894836426e-01,-9.068353474140167236e-02,-6.613331437110900879e-01,1.023750901222229004e+00,-7.964785099029541016e-01,-5.012992024421691895e-02,1.494810461997985840e+00,1.438407897949218750e-01,1.872972100973129272e-01,1.149000048637390137e+00,-6.000000238418579102e-01,2.000000000000000000e+00,1.700000047683715820e+00,-1.908164978027343750e+00,-7.240505218505859375e-01,1.614429950714111328e+00,-8.054283261299133301e-01,-3.964663147926330566e-01,-2.000000000000000000e+00,-4.610345363616943359e-01,1.972219944000244141e+00,1.614429950714111328e+00,1.614429950714111328e+00
4.655218124389648438e-02,7.166783511638641357e-02,6.829811930656433105e-01,-1.409956812858581543e-01,-5.496825277805328369e-02,9.754503369331359863e-01,-1.599854081869125366e-01,-6.601408720016479492e-01,-5.363899096846580505e-02,-4.080546274781227112e-02,1.230734944343566895e+00,-8.726699948310852051e-01,1.834038347005844116e-01,-5.071732401847839355e-01,-2.188318669795989990e-01,-6.723621487617492676e-01,1.167031288146972656e+00,-7.446922063827514648e-01,-4.065813496708869934e-02,1.490292429924011230e+00,2.445321977138519287e-01,2.905155718326568604e-01,1.149000048637390137e+00,-6.000000238418579102e-01,2.000000000000000000e+00,1.700000047683715820e+00,-1.852596521377563477e+00,-6.483713388442993164e-01,1.496665358543395996e+00,-9.987721443176269531e-01,-5.533846020698547363e-01,-1.957794666290283203e+00,-3.709645569324493408e-01,1.972219944000244141e+00,1.614429950714111328e+00,1.614429950714111328e+00
4.330754652619361877e-02,6.601858884096145630e-02,6.858465075492858887e-01,-1.362859159708023071e-01,-2.760415710508823395e-02,9.753077030181884766e-01,-1.715781539678573608e-01,-5.947167277336120605e-01,-9.328664094209671021e-02,2.973920106887817383e-02,1.150988698005676270e+00,-8.726699948310852051e-01,2.102985084056854248e-01,-5.928180217742919922e-01,-3.144367635250091553e-01,-6.032828688621520996e-01,1.312463164329528809e+00,-6.170817613601684570e-01,-3.947976510971784592e-03,1.480384469032287598e+00,3.251637220382690430e-01,3.142671883106231689e-01,1.149000048637390137e+00,-6.000000238418579102e-01,2.000000000000000000e+00,1.700000047683715820e+00,-1.727046370506286621e+00,-4.312745034694671631e-01,1.274037122726440430e+00,-1.062883138656616211e+00,-5.680146217346191406e-01,-1.785437345504760742e+00,-2.015887200832366943e-01,1.972219944000244141e+00,1.614429950714111328e+00,1.614429950714111328e+00
3.570607304573059082e-02,5.774164944887161255e-02,6.914348006248474121e-01,-1.215255185961723328e-01,-9.798687882721424103e-03,9.756464958190917969e-01,-1.823442131280899048e-01,-4.987677633762359619e-01,-1.150042116641998291e-01,8.232460916042327881e-02,1.097818970680236816e+00,-8.726699948310852051e-01,2.162660360336303711e-01,-6.979583501815795898e-01,-3.588255345821380615e-01,-4.924156665802001953e-01,1.434038996696472168e+00,-5.020258426666259766e-01,4.296508803963661194e-02,1.469476461410522461e+00,3.862743377685546875e-01,2.736049592494964600e-01,1.149000048637390137e+00,-6.000000238418579102e-01,2.000000000000000000e+00,1.700000047683715820e+00,-1.584911584854125977e+00,-1.908556520938873291e-01,1.033821940422058105e+00,-1.050984025001525879e+00,-5.014768242835998535e-01,-1.643878579139709473e+00,-1.731331646442413330e-02,1.972219944000244141e+00,1.614429950714111328e+00,1.614429950714111328e+00
2.477310784161090851e-02,5.033749714493751526e-02,7.005948424339294434e-01,-1.067233160138130188e-01,-3.654210013337433338e-04,9.760812520980834961e-01,-1.894079893827438354e-01,-4.037171900272369385e-01,-1.181933507323265076e-01,1.174757853150367737e-01,1.036341309547424316e+00,-8.471297025680541992e-01,2.010164260864257812e-01,-7.814704775810241699e-01,-3.526715934276580811e-01,-3.840036094188690186e-01,1.495979785919189453e+00,-3.759296834468841553e-01,1.004464477300643921e-01,1.460145831108093262e+00,4.223254024982452393e-01,1.790177077054977417e-01,1.149000048637390137e+00,-6.000000238418579102e-01,2.000000000000000000e+00,1.700000047683715820e+00,-1.400596976280212402e+00,3.925168886780738831e-02,7.895277738571166992e-01,-9.471302032470703125e-01,-3.462888896465301514e-01,-1.575731515884399414e+00,2.189583480358123779e-01,1.972219944000244141e+00,1.614429950714111328e+00,1.614429950714111328e+00
2.057906053960323334e-02,4.760056361556053162e-02,7.163033485412597656e-01,-9.188567101955413818e-02,5.062013515271246433e-04,9.739522933959960938e-01,-2.073009908199310303e-01,-3.181459009647369385e-01,-1.026580557227134705e-01,1.357408910989761353e-01,9.540709257125854492e-01,-7.963300347328186035e-01,1.685316115617752075e-01,-8.324210047721862793e-01,-3.274730443954467773e-01,-2.949075400829315186e-01,1.493747591972351074e+00,-2.578535676002502441e-01,1.586704105138778687e-01,1.453146219253540039e+00,4.117865562438964844e-01,6.655685603618621826e-02,1.149000048637390137e+00,-6.000000238418579102e-01,2.000000000000000000e+00,1.700000047683715820e+00,-1.208863139152526855e+00,1.987211853265762329e-01,5.650614500045776367e-01,-8.093966245651245117e-01,-1.934593468904495239e-01,-1.585393428802490234e+00,4.254230856895446777e-01,1.972219944000244141e+00,1.614429950714111328e+00,1.614429950714111328e+00
1.493456773459911346e-02,4.327204450964927673e-02,7.358428239822387695e-01,-8.795596659183502197e-02,-2.017156453803181648e-03,9.693167805671691895e-01,-2.295314371585845947e-01,-2.444625645875930786e-01,-7.629477977752685547e-02,1.588107347488403320e-01,8.693785667419433594e-01,-7.198260426521301270e-01,1.237677037715911865e-01,-8.447952866554260254e-01,-3.154163658618927002e-01,-2.375467121601104736e-01,1.440851688385009766e+00,-1.939607113599777222e-01,1.946359276771545410e-01,1.447756886482238770e+00,3.643670380115509033e-01,-2.997668460011482239e-02,1.149000048637390137e+00,-6.000000238418579102e-01,2.000000000000000000e+00,1.700000047683715820e+00,-1.059229135513305664e+00,2.610713839530944824e-01,3.648252487182617188e-01,-6.867409348487854004e-01,-6.202191486954689026e-02,-1.636065840721130371e+00,5.761167407035827637e-01,1.972219944000244141e+00,1.614429950714111328e+00,1.614429950714111328e+00
5.291713867336511612e-03,4.023266956210136414e-02,7.534103393554687500e-01,-8.766600489616394043e-02,-3.678579116240143776e-03,9.641482830047607422e-01,-2.504379749298095703e-01,-1.935832947492599487e-01,-5.642734095454216003e-02,1.644464284181594849e-01,8.044931292533874512e-01,-6.149103045463562012e-01,6.556194275617599487e-02,-8.291558027267456055e-01,-3.004488050937652588e-01,-2.015274763107299805e-01,1.357989549636840820e+00,-1.489241719245910645e-01,2.178589254617691040e-01,1.441585540771484375e+00,3.044206202030181885e-01,-1.109514832496643066e-01,1.149000048637390137e+00,-6.000000238418579102e-01,2.000000000000000000e+00,1.700000047683715820e+00,-9.575211405754089355e-01,2.562613189220428467e-01,1.907698363065719604e-01,-5.908742547035217285e-01,3.747515752911567688e-02,-1.689979553222656250e+00,6.588250994682312012e-01,1.972219944000244141e+00,1.614429950714111328e+00,1.614429950714111328e+00
-5.292952526360750198e-03,3.842645883560180664e-02,7.673068046569824219e-01,-8.992687612771987915e-02,-1.413519494235515594e-03,9.582560658454895020e-01,-2.713972926139831543e-01,-1.594732254743576050e-01,-4.320119693875312805e-02,1.632556468248367310e-01,7.596953511238098145e-01,-5.132942199707031250e-01,9.555055294185876846e-04,-7.936928868293762207e-01,-2.946402132511138916e-01,-1.778309643268585205e-01,1.247958302497863770e+00,-1.171913072466850281e-01,2.315957844257354736e-01,1.438564419746398926e+00,2.356541603803634644e-01,-1.754773557186126709e-01,1.149000048637390137e+00,-6.000000238418579102e-01,2.000000000000000000e+00,1.700000047683715820e+00,-8.918107748031616211e-01,2.034669667482376099e-01,3.810298070311546326e-02,-5.213927030563354492e-01,1.281532496213912964e-01,-1.728800415992736816e+00,6.824783086776733398e-01,1.972219944000244141e+00,1.614429950714111328e+00,1.614429950714111328e+00
-1.690553314983844757e-02,2.302088774740695953e-02,7.751665711402893066e-01,-9.266047924757003784e-02,7.469802629202604294e-03,9.544442892074584961e-01,-2.835390269756317139e-01,-1.316996365785598755e-01,-3.907959535717964172e-02,1.716127842664718628e-01,7.301232218742370605e-01,-4.104387462139129639e-01,-6.232468411326408386e-02,-7.403736114501953125e-01,-2.858670353889465332e-01,-1.765330731868743896e-01,1.135125517845153809e+00,-8.859817683696746826e-02,2.416300177574157715e-01,1.433304786682128906e+00,1.494769752025604248e-01,-2.254489809274673462e-01,1.149000048637390137e+00,-6.000000238418579102e-01,2.000000000000000000e+00,1.700000047683715820e+00,-8.350947499275207520e-01,1.291926354169845581e-01,-7.367190718650817871e-02,-4.623643457889556885e-01,2.227730005979537964e-01,-1.750116705894470215e+00,6.579102873802185059e-01,1.972219944000244141e+00,1.614429950714111328e+00,1.614429950714111328e+00
-2.743645943701267242e-02,9.865823201835155487e-03,7.782915830612182617e-01,-9.611340612173080444e-02,1.484835892915725708e-02,9.519938826560974121e-01,-2.902573943138122559e-01,-1.093847006559371948e-01,-3.079914301633834839e-02,1.929223239421844482e-01,7.089978456497192383e-01,-3.415255546569824219e-01,-1.094957739114761353e-01,-6.801315546035766602e-01,-2.864561080932617188e-01,-1.904525160789489746e-01,1.033868432044982910e+00,-6.693813204765319824e-02,2.447257637977600098e-01,1.439015269279479980e+00,6.194943189620971680e-02,-2.513462305068969727e-01,1.149000048637390137e+00,-6.000000238418579102e-01,2.000000000000000000e+00,1.700000047683715820e+00,-8.003187775611877441e-01,5.146550759673118591e-02,-1.599562913179397583e-01,-4.062356650829315186e-01,3.250209093093872070e-01,-1.759634852409362793e+00,6.005186438560485840e-01,1.972219944000244141e+00,1.614429950714111328e+00,1.614429950714111328e+00
-3.716986253857612610e-02,-3.605551028158515692e-04,7.760527133941650391e-01,-9.957476705312728882e-02,1.910008676350116730e-02,9.512058496475219727e-01,-2.914231419563293457e-01,-9.386193007230758667e-02,-2.005314640700817108e-02,2.179784029722213745e-01,7.060787081718444824e-01,-3.103190958499908447e-01,-1.276197582483291626e-01,-6.273186802864074707e-01,-2.869224250316619873e-01,-2.154347598552703857e-01,9.575378298759460449e-01,-5.680657550692558289e-02,2.373978346586227417e-01,1.452364444732666016e+00,-6.731024477630853653e-03,-2.586608827114105225e-01,1.149000048637390137e+00,-6.000000238418579102e-01,2.000000000000000000e+00,1.699936985969543457e+00,-7.969481348991394043e-01,-1.364023052155971527e-02,-2.311033904552459717e-01,-3.664695024490356445e-01,4.278634786605834961e-01,-1.759413599967956543e+00,5.277390480041503906e-01,1.972219944000244141e+00,1.614429950714111328e+00,1.614429950714111328e+00
-4.405877739191055298e-02,-8.653137832880020142e-03,7.682383060455322266e-01,-9.790571033954620361e-02,2.209433540701866150e-02,9.534778594970703125e-01,-2.842643857002258301e-01,-8.612822741270065308e-02,-2.755590714514255524e-03,2.557110190391540527e-01,7.399022579193115234e-01,-3.052393794059753418e-01,-1.256106942892074585e-01,-5.830804109573364258e-01,-2.938272356986999512e-01,-2.506678700447082520e-01,9.024284482002258301e-01,-8.581476658582687378e-02,2.220217883586883545e-01,1.462085723876953125e+00,-6.610567122697830200e-02,-2.530721426010131836e-01,1.149000048637390137e+00,-6.000000238418579102e-01,2.000000000000000000e+00,1.700000047683715820e+00,-8.042684197425842285e-01,-5.288355052471160889e-02,-2.849580049514770508e-01,-3.340998589992523193e-01,5.298939347267150879e-01,-1.750188350677490234e+00,4.520623683929443359e-01,1.972219944000244141e+00,1.614429950714111328e+00,1.614429950714111328e+00
-4.913732036948204041e-02,-1.792133040726184845e-02,7.573099732398986816e-01,-9.326509386301040649e-02,2.515115402638912201e-02,9.576414227485656738e-01,-2.712782621383666992e-01,-9.300316125154495239e-02,7.152551319450139999e-03,2.820895910263061523e-01,8.103219270706176758e-01,-3.074921369552612305e-01,-1.088293492794036865e-01,-5.594781041145324707e-01,-3.020156323909759521e-01,-2.769987583160400391e-01,8.837764859199523926e-01,-1.318143159151077271e-01,1.852198988199234009e-01,1.467637658119201660e+00,-8.709292113780975342e-02,-2.402075678110122681e-01,1.149000048637390137e+00,-6.000000238418579102e-01,2.000000000000000000e+00,1.700000047683715820e+00,-8.096758723258972168e-01,-6.066294014453887939e-02,-3.038474023342132568e-01,-3.141749501228332520e-01,5.991209149360656738e-01,-1.732159256935119629e+00,4.219600856304168701e-01,1.972219944000244141e+00,1.614429950714111328e+00,1.614429950714111328e+00
-5.332416668534278870e-02,-2.785544097423553467e-02,7.464234828948974609e-01,-8.798277378082275391e-02,2.972696162760257721e-02,9.647951126098632812e-01,-2.460603713989257812e-01,-1.139787808060646057e-01,1.129118259996175766e-02,3.031143546104431152e-01,9.008951187133789062e-01,-3.141914308071136475e-01,-8.621740341186523438e-02,-5.512748956680297852e-01,-3.271630704402923584e-01,-3.211208581924438477e-01,8.977967500686645508e-01,-1.735281050205230713e-01,1.441575884819030762e-01,1.477420330047607422e+00,-7.196682691574096680e-02,-2.269594818353652954e-01,1.149000048637390137e+00,-6.000000238418579102e-01,2.000000000000000000e+00,1.700000047683715820e+00,-8.241251707077026367e-01,-4.425334185361862183e-02,-3.121324777603149414e-01,-3.084256947040557861e-01,6.000000238418579102e-01,-1.702590584754943848e+00,4.221585392951965332e-01,1.972219944000244141e+00,1.614429950714111328e+00,1.614429950714111328e+00
-5.216589942574501038e-02,-3.664608672261238098e-02,7.320193052291870117e-01,-7.469578832387924194e-02,3.405894711613655090e-02,9.698641896247863770e-01,-2.293991148471832275e-01,-1.796132475137710571e-01,-1.554808462969958782e-03,2.574397921562194824e-01,1.040790915489196777e+00,-3.640159070491790771e-01,-4.932648688554763794e-02,-5.477155447006225586e-01,-3.843186199665069580e-01,-3.856989741325378418e-01,9.763970375061035156e-01,-2.168264538049697876e-01,1.023534834384918213e-01,1.485885024070739746e+00,-3.199849976226687431e-03,-2.130803465843200684e-01,1.149000048637390137e+00,-6.000000238418579102e-01,2.000000000000000000e+00,1.700000047683715820e+00,-8.664734959602355957e-01,2.623763121664524078e-02,-3.039973080158233643e-01,-3.088407218456268311e-01,6.000000238418579102e-01,-1.631585121154785156e+00,4.325138330459594727e-01,1.972219944000244141e+00,1.614429950714111328e+00,1.614429950714111328e+00
-3.421099483966827393e-02,-3.225238993763923645e-02,7.161964178085327148e-01,-6.149091944098472595e-02,4.328062385320663452e-02,9.677416682243347168e-01,-2.404613941907882690e-01,-2.601744532585144043e-01,-4.342148080468177795e-02,1.688124090433120728e-01,1.179311752319335938e+00,-4.488358795642852783e-01,6.839611567556858063e-03,-5.795749425888061523e-01,-4.519862234592437744e-01,-4.177342653274536133e-01,1.086637735366821289e+00,-2.846261560916900635e-01,8.366636931896209717e-02,1.486290931701660156e+00,1.130031123757362366e-01,-2.058290690183639526e-01,1.149000048637390137e+00,-6.000000238418579102e-01,2.000000000000000000e+00,1.700000047683715820e+00,-9.273555278778076172e-01,1.881612241268157959e-01,-2.807377576828002930e-01,-2.589223980903625488e-01,6.000000238418579102e-01,-1.527499079704284668e+00,4.440679848194122314e-01,1.972219944000244141e+00,1.614429950714111328e+00,1.614429950714111328e+00
-2.759956195950508118e-02,-3.490725159645080566e-02,7.007182240486145020e-01,-6.022628024220466614e-02,5.459217727184295654e-02,9.656502604484558105e-01,-2.468036264181137085e-01,-3.218203485012054443e-01,-1.189251765608787537e-01,9.876392036676406860e-02,1.263747215270996094e+00,-5.582706928253173828e-01,6.077247112989425659e-02,-6.280199885368347168e-01,-5.288966298103332520e-01,-4.265022277832031250e-01,1.206553936004638672e+00,-3.547118604183197021e-01,1.088372468948364258e-01,1.481429696083068848e+00,2.310551106929779053e-01,-1.776871681213378906e-01,1.149000048637390137e+00,-6.000000238418579102e-01,2.000000000000000000e+00,1.700000047683715820e+00,-9.412935972213745117e-01,3.841696083545684814e-01,-2.332804799079895020e-01,-1.430384367704391479e-01,5.842211842536926270e-01,-1.407104849815368652e+00,4.824723005294799805e-01,1.972219944000244141e+00,1.614429950714111328e+00,1.614429950714111328e+00
-1.031657774001359940e-02,-4.499101266264915466e-02,6.881125569343566895e-01,-5.051657184958457947e-02,6.518736481666564941e-02,9.685031771659851074e-01,-2.349473685026168823e-01,-3.102287054061889648e-01,-1.773331910371780396e-01,9.350693225860595703e-02,1.272526264190673828e+00,-6.445510387420654297e-01,9.681653231382369995e-02,-6.721219420433044434e-01,-6.253878474235534668e-01,-4.428406655788421631e-01,1.314000964164733887e+00,-3.731277585029602051e-01,1.382942795753479004e-01,1.480066537857055664e+00,2.266102731227874756e-01,-1.519085019826889038e-01,1.149000048637390137e+00,-6.000000238418579102e-01,2.000000000000000000e+00,1.700000047683715820e+00,-9.815682768821716309e-01,4.559953808784484863e-01,-2.194934487342834473e-01,-9.357853978872299194e-02,5.721433162689208984e-01,-1.240175724029541016e+00,5.040485858917236328e-01,1.972219944000244141e+00,1.614429950714111328e+00,1.614429950714111328e+00
-9.012042573885992169e-05,-5.429756268858909607e-02,6.805371642112731934e-01,-4.739754274487495422e-02,7.786124944686889648e-02,9.732480049133300781e-01,-2.109014689922332764e-01,-2.758660018444061279e-01,-2.179659754037857056e-01,9.948019683361053467e-02,1.227186441421508789e+00,-7.274327874183654785e-01,1.168668940663337708e-01,-7.136694788932800293e-01,-7.090761661529541016e-01,-4.643256664276123047e-01,1.374123334884643555e+00,-3.804318308830261230e-01,1.782726049423217773e-01,1.480370998382568359e+00,1.871949434280395508e-01,-1.021311283111572266e-01,1.149000048637390137e+00,-6.000000238418579102e-01,2.000000000000000000e+00,1.700000047683715820e+00,-9.983763694763183594e-01,4.563066065311431885e-01,-1.820676773786544800e-01,-5.478535220026969910e-02,5.941845774650573730e-01,-1.093773365020751953e+00,5.284961462020874023e-01,1.972219944000244141e+00,1.614429950714111328e+00,1.614429950714111328e+00
5.481562577188014984e-03,-6.057035550475120544e-02,6.788409352302551270e-01,-4.949066042900085449e-02,8.615826070308685303e-02,9.765504002571105957e-01,-1.909890025854110718e-01,-2.435853630304336548e-01,-2.340878248214721680e-01,1.096386387944221497e-01,1.159687638282775879e+00,-7.863242030143737793e-01,1.321250647306442261e-01,-7.495609521865844727e-01,-7.625764608383178711e-01,-4.860318601131439209e-01,1.407915592193603516e+00,-3.630391061305999756e-01,1.909185945987701416e-01,1.481335520744323730e+00,1.660196781158447266e-01,-5.061357095837593079e-02,1.149000048637390137e+00,-6.000000238418579102e-01,2.000000000000000000e+00,1.700000047683715820e+00,-1.004073381423950195e+00,4.471879303455352783e-01,-1.334813535213470459e-01,-2.578803338110446930e-02,6.000000238418579102e-01,-1.005386471748352051e+00,5.466660261154174805e-01,1.972219944000244141e+00,1.614429950714111328e+00,1.614429950714111328e+00
8.977139368653297424e-03,-8.380020409822463989e-02,6.820544004440307617e-01,-4.917368292808532715e-02,8.980765193700790405e-02,9.795804619789123535e-01,-1.730280667543411255e-01,-2.011908143758773804e-01,-2.544049620628356934e-01,1.202789992094039917e-01,1.085534095764160156e+00,-8.013734817504882812e-01,1.282567083835601807e-01,-7.793766260147094727e-01,-8.100591897964477539e-01,-5.013886094093322754e-01,1.431523799896240234e+00,-3.337238729000091553e-01,1.838236004114151001e-01,1.480387926101684570e+00,1.251934915781021118e-01,5.249776691198348999e-02,1.149000048637390137e+00,-6.000000238418579102e-01,2.000000000000000000e+00,1.700000047683715820e+00,-1.000887632369995117e+00,3.750996291637420654e-01,-3.012911882251501083e-03,-2.906578406691551208e-02,6.000000238418579102e-01,-9.052001833915710449e-01,5.286999940872192383e-01,1.972219944000244141e+00,1.614429950714111328e+00,1.614429950714111328e+00
1.477923709899187088e-02,-9.836985915899276733e-02,6.899327635765075684e-01,-4.244953766465187073e-02,8.053182810544967651e-02,9.832013249397277832e-01,-1.582016497850418091e-01,-1.747424900531768799e-01,-2.352341264486312866e-01,1.195161491632461548e-01,1.033943772315979004e+00,-7.971019744873046875e-01,1.021023690700531006e-01,-8.003839254379272461e-01,-7.238662242889404297e-01,-4.771952629089355469e-01,1.405680894851684570e+00,-3.147717416286468506e-01,2.071677893400192261e-01,1.467545866966247559e+00,9.235256165266036987e-02,2.493263334035873413e-01,1.149000048637390137e+00,-6.000000238418579102e-01,2.000000000000000000e+00,1.700000047683715820e+00,-1.055826783180236816e+00,1.561415791511535645e-01,1.893869191408157349e-01,-1.408121734857559204e-01,6.000000238418579102e-01,-8.281813263893127441e-01,4.268696308135986328e-01,1.972219944000244141e+00,1.614429950714111328e+00,1.614429950714111328e+00
1.778206415474414825e-02,-9.480114281177520752e-02,7.025781869888305664e-01,-3.732804954051971436e-02,6.328995525836944580e-02,9.884803295135498047e-01,-1.323163062334060669e-01,-1.319581568241119385e-01,-1.624765843152999878e-01,1.498726159334182739e-01,9.643245935440063477e-01,-8.029135465621948242e-01,7.483527064323425293e-02,-8.125727176666259766e-01,-5.740948915481567383e-01,-4.197050333023071289e-01,1.358213424682617188e+00,-2.503662705421447754e-01,2.269487529993057251e-01,1.444464802742004395e+00,2.655286714434623718e-02,4.285944402217864990e-01,1.149000048637390137e+00,-6.000000238418579102e-01,2.000000000000000000e+00,1.700000047683715820e+00,-1.042312622070312500e+00,-1.590516865253448486e-01,2.712484896183013916e-01,-2.504371404647827148e-01,6.000000238418579102e-01,-7.413728833198547363e-01,3.412073552608489990e-01,1.972219944000244141e+00,1.614429950714111328e+00,1.614429950714111328e+00
1.833539456129074097e-02,-1.103977262973785400e-01,7.178287506103515625e-01,-3.801571950316429138e-02,3.479594737291336060e-02,9.903987646102905273e-01,-1.282745301723480225e-01,-9.101254492998123169e-02,-1.014054119586944580e-01,1.492198258638381958e-01,8.991879224777221680e-01,-7.602525949478149414e-01,2.456760779023170471e-02,-8.072608113288879395e-01,-4.288232922554016113e-01,-3.436588644981384277e-01,1.305137753486633301e+00,-1.640448868274688721e-01,2.310894429683685303e-01,1.319292902946472168e+00,-3.008226305246353149e-02,5.000284910202026367e-01,1.149000048637390137e+00,-6.000000238418579102e-01,2.000000000000000000e+00,1.572968244552612305e+00,-9.619336724281311035e-01,-4.365608394145965576e-01,2.695149779319763184e-01,-2.914943993091583252e-01,6.000000238418579102e-01,-6.588628292083740234e-01,2.975940108299255371e-01,1.972219944000244141e+00,1.614429950714111328e+00,1.614429950714111328e+00
1.675327867269515991e-02,-1.098240613937377930e-01,7.343366742134094238e-01,-4.196136444807052612e-02,8.820562507025897503e-04,9.883621335029602051e-01,-1.462149471044540405e-01,-6.712887436151504517e-02,-5.065048858523368835e-02,1.070030108094215393e-01,8.460446596145629883e-01,-7.086517214775085449e-01,-2.236327342689037323e-02,-7.898967266082763672e-01,-2.782432436943054199e-01,-2.734394669532775879e-01,1.244177341461181641e+00,-8.103387057781219482e-02,2.448346167802810669e-01,1.149450659751892090e+00,-7.704031467437744141e-02,4.927115142345428467e-01,1.149000048637390137e+00,-6.000000238418579102e-01,2.000000000000000000e+00,1.367235183715820312e+00,-8.426309227943420410e-01,-6.439366936683654785e-01,2.201581299304962158e-01,-2.765992581844329834e-01,6.000000238418579102e-01,-5.965834856033325195e-01,2.657417058944702148e-01,1.972219944000244141e+00,1.614429950714111328e+00,1.614429950714111328e+00
1.320518739521503448e-02,-1.266520768404006958e-01,7.482792139053344727e-01,-4.265842214226722717e-02,-1.493508089333772659e-02,9.850743412971496582e-01,-1.660894155502319336e-01,-4.504328966140747070e-02,-3.087713569402694702e-02,8.751443773508071899e-02,7.960823178291320801e-01,-6.423305273056030273e-01,-6.077966094017028809e-02,-7.607971429824829102e-01,-1.897768825292587280e-01,-2.349666357040405273e-01,1.191327452659606934e+00,-1.784364879131317139e-02,2.561712563037872314e-01,9.911621212959289551e-01,-1.099663898348808289e-01,4.842204451560974121e-01,1.149000048637390137e+00,-6.000000238418579102e-01,2.000000000000000000e+00,1.174219727516174316e+00,-7.349331974983215332e-01,-7.511867880821228027e-01,1.611818522214889526e-01,-2.414038926362991333e-01,6.000000238418579102e-01,-5.272774100303649902e-01,2.306456267833709717e-01,1.972219944000244141e+00,1.614429950714111328e+00,1.614429950714111328e+00
7.859092205762863159e-03,-1.284607946872711182e-01,7.582364082336425781e-01,-4.055323824286460876e-02,-1.769777014851570129e-02,9.815640449523925781e-01,-1.859415322542190552e-01,-1.999384164810180664e-02,-2.988083660602569580e-02,8.870007097721099854e-02,7.401210665702819824e-01,-5.681342482566833496e-01,-9.505987912416458130e-02,-7.029137611389160156e-01,-1.345486938953399658e-01,-2.201629281044006348e-01,1.128856897354125977e+00,1.577537879347801208e-02,2.560770213603973389e-01,8.506324291229248047e-01,-1.463645845651626587e-01,4.467613399028778076e-01,1.149000048637390137e+00,-6.000000238418579102e-01,2.000000000000000000e+00,1.040370583534240723e+00,-6.253121495246887207e-01,-7.666125297546386719e-01,1.101185083389282227e-01,-1.727020442485809326e-01,6.000000238418579102e-01,-4.659552872180938721e-01,1.964342147111892700e-01,1.972219944000244141e+00,1.614429950714111328e+00,1.614429950714111328e+00
-1.128669362515211105e-03,-1.292049884796142578e-01,7.641352415084838867e-01,-4.125155135989189148e-02,-1.049657072871923447e-02,9.777159094810485840e-01,-2.055718451738357544e-01,6.818211637437343597e-03,-4.201058298349380493e-02,9.748024493455886841e-02,6.949934959411621094e-01,-4.971548020839691162e-01,-1.367776542901992798e-01,-6.399973630905151367e-01,-7.888463139533996582e-02,-2.101849913597106934e-01,1.026746034622192383e+00,4.554673656821250916e-02,2.617999911308288574e-01,7.430003881454467773e-01,-1.733350753784179688e-01,4.018521308898925781e-01,1.149000048637390137e+00,-6.000000238418579102e-01,2.000000000000000000e+00,9.470282793045043945e-01,-5.470897555351257324e-01,-7.491253614425659180e-01,8.205218613147735596e-02,-8.938020467758178711e-02,5.947642922401428223e-01,-4.086163043975830078e-01,1.653577089309692383e-01,1.972219944000244141e+00,1.614429950714111328e+00,1.614429950714111328e+00
-1.107148639857769012e-02,-1.291105896234512329e-01,7.656437754631042480e-01,-3.906167671084403992e-02,-3.863104386255145073e-03,9.762029647827148438e-01,-2.132770270109176636e-01,3.102704137563705444e-02,-4.700487479567527771e-02,1.203720048069953918e-01,6.615335345268249512e-01,-4.491548836231231689e-01,-1.641669720411300659e-01,-5.851723551750183105e-01,-4.360922425985336304e-02,-2.214537411928176880e-01,9.367781281471252441e-01,7.833723723888397217e-02,2.617999911308288574e-01,6.885337233543395996e-01,-1.973665058612823486e-01,3.725801408290863037e-01,1.149000048637390137e+00,-6.000000238418579102e-01,2.000000000000000000e+00,8.975477814674377441e-01,-5.005477070808410645e-01,-7.232415676116943359e-01,8.694412559270858765e-02,3.778044832870364189e-03,5.595071911811828613e-01,-3.628091216087341309e-01,1.287898868322372437e-01,1.972219944000244141e+00,1.614429950714111328e+00,1.614429950714111328e+00
-1.720894314348697662e-02,-1.322626173496246338e-01,7.619319558143615723e-01,-3.657165169715881348e-02,4.266758623998612165e-04,9.784262776374816895e-01,-2.033331543207168579e-01,4.528490081429481506e-02,-5.088273063302040100e-02,1.515503674745559692e-01,6.696547269821166992e-01,-4.466428756713867188e-01,-1.646989881992340088e-01,-5.499318242073059082e-01,-3.470351919531822205e-02,-2.319983094930648804e-01,8.910701274871826172e-01,4.711624607443809509e-02,2.617999911308288574e-01,6.608943343162536621e-01,-2.203601896762847900e-01,3.500156104564666748e-01,1.149000048637390137e+00,-6.000000238418579102e-01,2.000000000000000000e+00,9.049926400184631348e-01,-4.710434079170227051e-01,-7.010934352874755859e-01,1.028509959578514099e-01,5.700192600488662720e-02,5.370927453041076660e-01,-3.287480175495147705e-01,1.068388596177101135e-01,1.972219944000244141e+00,1.614429950714111328e+00,1.614429950714111328e+00
-2.473510615527629852e-02,-1.381359100341796875e-01,7.551767230033874512e-01,-3.342682495713233948e-02,1.007496539386920631e-04,9.812742471694946289e-01,-1.896930783987045288e-01,5.032561346888542175e-02,-4.808609560132026672e-02,1.708067804574966431e-01,7.213777303695678711e-01,-4.522352814674377441e-01,-1.623914539813995361e-01,-5.171198844909667969e-01,-3.948006406426429749e-02,-2.480912953615188599e-01,8.673316836357116699e-01,-5.271979607641696930e-03,2.617999911308288574e-01,6.688559651374816895e-01,-2.446439415216445923e-01,3.508667945861816406e-01,1.149000048637390137e+00,-6.000000238418579102e-01,2.000000000000000000e+00,9.286682605743408203e-01,-4.450153708457946777e-01,-6.834684014320373535e-01,1.426774263381958008e-01,9.250547736883163452e-02,5.230601429939270020e-01,-2.945400178432464600e-01,7.107657194137573242e-02,1.972219944000244141e+00,1.614429950714111328e+00,1.614429950714111328e+00
-3.311783075332641602e-02,-1.430830806493759155e-01,7.471004128456115723e-01,-2.860907278954982758e-02,1.620071008801460266e-03,9.847815632820129395e-01,-1.714182198047637939e-01,3.875808417797088623e-02,-3.470674902200698853e-02,1.877350509166717529e-01,8.289109468460083008e-01,-4.583190977573394775e-01,-1.601697653532028198e-01,-4.914583563804626465e-01,-5.327613279223442078e-02,-2.687146961688995361e-01,8.768194317817687988e-01,-8.279114216566085815e-02,2.371078133583068848e-01,7.128368616104125977e-01,-2.632180154323577881e-01,3.776975870132446289e-01,1.149000048637390137e+00,-6.000000238418579102e-01,2.000000000000000000e+00,9.628782272338867188e-01,-4.202467799186706543e-01,-6.663295030593872070e-01,1.958056241273880005e-01,1.186450198292732239e-01,5.330653190612792969e-01,-2.515512108802795410e-01,5.396943911910057068e-02,1.972219944000244141e+00,1.614429950714111328e+00,1.614429950714111328e+00
-3.511336818337440491e-02,-1.574741005897521973e-01,7.378737330436706543e-01,-2.216003835201263428e-02,2.663303865119814873e-03,9.892601370811462402e-01,-1.444515436887741089e-01,9.510585106909275055e-03,-6.491114385426044464e-03,2.057217061519622803e-01,9.858518838882446289e-01,-4.797002077102661133e-01,-1.590886712074279785e-01,-4.770005941390991211e-01,-8.827231079339981079e-02,-2.999696731567382812e-01,9.248139858245849609e-01,-1.792787015438079834e-01,1.817312836647033691e-01,7.892987132072448730e-01,-2.588900625705718994e-01,4.320626258850097656e-01,1.149000048637390137e+00,-6.000000238418579102e-01,2.000000000000000000e+00,9.857090711593627930e-01,-4.229105114936828613e-01,-6.662687063217163086e-01,2.726328372955322266e-01,1.222696006298065186e-01,5.670577883720397949e-01,-1.924141645431518555e-01,4.436660185456275940e-02,1.972219944000244141e+00,1.614429950714111328e+00,1.614429950714111328e+00
-2.961500734090805054e-02,-1.663689464330673218e-01,7.268312573432922363e-01,-1.261130534112453461e-02,6.944818887859582901e-04,9.930437207221984863e-01,-1.170667558908462524e-01,-2.106578648090362549e-02,1.620214432477951050e-02,1.966067552566528320e-01,1.117785096168518066e+00,-5.082086324691772461e-01,-1.495184451341629028e-01,-4.800654053688049316e-01,-1.048251166939735413e-01,-3.249431252479553223e-01,9.824069738388061523e-01,-2.563577294349670410e-01,1.383190006017684937e-01,8.686785101890563965e-01,-2.538760900497436523e-01,4.876968562602996826e-01,1.149000048637390137e+00,-6.000000238418579102e-01,2.000000000000000000e+00,1.014519810676574707e+00,-4.289450943470001221e-01,-6.761496663093566895e-01,3.583548069000244141e-01,1.174853444099426270e-01,5.849342942237854004e-01,-1.336957216262817383e-01,5.174161121249198914e-02,1.972219944000244141e+00,1.614429950714111328e+00,1.614429950714111328e+00
-2.136573195457458496e-02,-1.806139349937438965e-01,7.143196463584899902e-01,-1.235948223620653152e-02,-1.745882444083690643e-02,9.956312179565429688e-01,-9.088970720767974854e-02,-7.051974534988403320e-02,6.303816288709640503e-02,1.732518672943115234e-01,1.239312767982482910e+00,-5.601671934127807617e-01,-1.446823328733444214e-01,-5.141860842704772949e-01,-9.776630997657775879e-02,-3.547628521919250488e-01,1.044707059860229492e+00,-3.197191655635833740e-01,9.911055862903594971e-02,9.690675139427185059e-01,-2.268600463867187500e-01,4.955765008926391602e-01,1.149000048637390137e+00,-6.000000238418579102e-01,2.000000000000000000e+00,1.015325665473937988e+00,-4.223027229309082031e-01,-7.273140549659729004e-01,4.928251504898071289e-01,1.141808182001113892e-01,5.903677344322204590e-01,-5.489682406187057495e-02,7.335285842418670654e-02,1.972219944000244141e+00,1.614429950714111328e+00,1.614429950714111328e+00
-1.496706809848546982e-02,-1.834596246480941772e-01,7.037552595138549805e-01,-1.774615608155727386e-02,-3.184952214360237122e-02,9.975675344467163086e-01,-5.941106006503105164e-02,-1.054875180125236511e-01,1.083968654274940491e-01,1.598501205444335938e-01,1.299928545951843262e+00,-6.286490559577941895e-01,-1.397655606269836426e-01,-5.481326580047607422e-01,-9.023112803697586060e-02,-4.109014570713043213e-01,1.087064743041992188e+00,-3.667946159839630127e-01,6.171900406479835510e-02,1.062883496284484863e+00,-2.149828225374221802e-01,4.999375939369201660e-01,1.149000048637390137e+00,-6.000000238418579102e-01,2.000000000000000000e+00,1.031067967414855957e+00,-3.810392022132873535e-01,-7.660967707633972168e-01,6.237584352493286133e-01,1.141740679740905762e-01,5.942321419715881348e-01,1.877909898757934570e-02,8.577266335487365723e-02,1.972219944000244141e+00,1.614429950714111328e+00,1.614429950714111328e+00
-2.663644263520836830e-03,-1.914639174938201904e-01,6.956107616424560547e-01,-2.131264843046665192e-02,-4.391974955797195435e-02,9.983733296394348145e-01,-2.945299260318279266e-02,-1.183183193206787109e-01,1.517884582281112671e-01,1.515682488679885864e-01,1.294641733169555664e+00,-7.171145677566528320e-01,-1.390200257301330566e-01,-5.760945677757263184e-01,-9.259474277496337891e-02,-4.642856419086456299e-01,1.108481526374816895e+00,-3.913421630859375000e-01,3.784507140517234802e-02,1.149793505668640137e+00,-2.307469248771667480e-01,5.026181936264038086e-01,1.149000048637390137e+00,-6.000000238418579102e-01,2.000000000000000000e+00,1.065409421920776367e+00,-3.013257682323455811e-01,-7.755258679389953613e-01,7.637311220169067383e-01,1.133427470922470093e-01,5.969277024269104004e-01,8.410962671041488647e-02,6.769675761461257935e-02,1.972219944000244141e+00,1.614429950714111328e+00,1.614429950714111328e+00
9.229832328855991364e-03,-1.919770538806915283e-01,6.919946670532226562e-01,-2.379997633397579193e-02,-4.581381380558013916e-02,9.986474514007568359e-01,-6.155053619295358658e-03,-1.045302748680114746e-01,1.787019520998001099e-01,1.654883027076721191e-01,1.240770459175109863e+00,-8.157962560653686523e-01,-1.350006461143493652e-01,-5.964842438697814941e-01,-1.084075868129730225e-01,-5.182271003723144531e-01,1.126935362815856934e+00,-3.867629468441009521e-01,2.984018996357917786e-02,1.223082542419433594e+00,-2.650638818740844727e-01,5.049554705619812012e-01,1.149000048637390137e+00,-6.000000238418579102e-01,2.000000000000000000e+00,1.114031195640563965e+00,-1.887719780206680298e-01,-7.328822016716003418e-01,8.875622749328613281e-01,1.306981295347213745e-01,5.964909195899963379e-01,1.585064977407455444e-01,5.129459500312805176e-02,1.972219944000244141e+00,1.614429950714111328e+00,1.614429950714111328e+00
1.795652322471141815e-02,-1.974017769098281860e-01,6.950051784515380859e-01,-2.879727073013782501e-02,-4.116497561335563660e-02,9.986054301261901855e-01,1.622951775789260864e-02,-8.112736791372299194e-02,1.788913607597351074e-01,1.866664588451385498e-01,1.141171336174011230e+00,-8.726699948310852051e-01,-1.232607662677764893e-01,-6.167580485343933105e-01,-1.431650370359420776e-01,-5.572005510330200195e-01,1.141464829444885254e+00,-3.502826392650604248e-01,3.718398511409759521e-02,1.267379522323608398e+00,-2.868647873401641846e-01,5.065410137176513672e-01,1.149000048637390137e+00,-6.000000238418579102e-01,2.000000000000000000e+00,1.145328402519226074e+00,-9.784177690744400024e-02,-6.770119667053222656e-01,1.002491116523742676e+00,1.514206081628799438e-01,5.927590727806091309e-01,2.395607978105545044e-01,6.991848815232515335e-03,1.972219944000244141e+00,1.614429950714111328e+00,1.614429950714111328e+00
2.863843552768230438e-02,-2.029868215322494507e-01,7.047437429428100586e-01,-3.159315139055252075e-02,-2.928679995238780975e-02,9.987172484397888184e-01,2.660764753818511963e-02,-6.080628931522369385e-02,1.582823842763900757e-01,2.086455971002578735e-01,1.027339220046997070e+00,-8.726699948310852051e-01,-1.076330021023750305e-01,-6.375690698623657227e-01,-1.918427944183349609e-01,-5.725563764572143555e-01,1.152345776557922363e+00,-2.956272363662719727e-01,5.907553806900978088e-02,1.278961300849914551e+00,-3.032522201538085938e-01,5.079959034919738770e-01,1.149000048637390137e+00,-6.000000238418579102e-01,2.000000000000000000e+00,1.182060360908508301e+00,-4.285188391804695129e-02,-6.252615451812744141e-01,1.067706704139709473e+00,1.845351159572601318e-01,5.877116322517395020e-01,2.999380230903625488e-01,-4.924377799034118652e-02,1.972219944000244141e+00,1.614429950714111328e+00,1.614429950714111328e+00
3.737604990601539612e-02,-2.094283401966094971e-01,7.157447934150695801e-01,-3.350670635700225830e-02,-2.299265377223491669e-02,9.989578127861022949e-01,2.078197151422500610e-02,-3.006411343812942505e-02,1.373228132724761963e-01,2.239380031824111938e-01,9.316278100013732910e-01,-8.726699948310852051e-01,-8.756885677576065063e-02,-6.699030995368957520e-01,-2.321463227272033691e-01,-5.507912635803222656e-01,1.173155903816223145e+00,-2.601947784423828125e-01,7.378345727920532227e-02,1.256133913993835449e+00,-3.190600872039794922e-01,5.049142241477966309e-01,1.149000048637390137e+00,-6.000000238418579102e-01,2.000000000000000000e+00,1.219908475875854492e+00,-2.104636840522289276e-02,-5.884341597557067871e-01,1.080880522727966309e+00,2.341943234205245972e-01,5.812771320343017578e-01,3.368167579174041748e-01,-9.351743757724761963e-02,1.972219944000244141e+00,1.614429950714111328e+00,1.614429950714111328e+00
4.382076859474182129e-02,-2.163482606410980225e-01,7.256078124046325684e-01,-3.264465928077697754e-02,-1.976579427719116211e-02,9.992682933807373047e-01,2.552567049860954285e-03,1.020173076540231705e-02,1.038010194897651672e-01,2.200464010238647461e-01,8.494730591773986816e-01,-8.526905179023742676e-01,-6.832474470138549805e-02,-7.038732767105102539e-01,-2.628199160099029541e-01,-4.925055801868438721e-01,1.213849186897277832e+00,-2.211326658725738525e-01,8.920717239379882812e-02,1.196844458580017090e+00,-3.244783282279968262e-01,4.990652203559875488e-01,1.149000048637390137e+00,-6.000000238418579102e-01,2.000000000000000000e+00,1.276741147041320801e+00,-2.422737702727317810e-02,-5.534739494323730469e-01,1.036572217941284180e+00,3.047007024288177490e-01,5.758287310600280762e-01,3.368679285049438477e-01,-1.438451558351516724e-01,1.972219944000244141e+00,1.614429950714111328e+00,1.614429950714111328e+00
5.023846775293350220e-02,-2.214862704277038574e-01,7.357926368713378906e-01,-3.085774183273315430e-02,-1.668310351669788361e-02,9.991160631179809570e-01,-2.316480875015258789e-02,4.683626070618629456e-02,6.626953184604644775e-02,1.801091581583023071e-01,7.732436656951904297e-01,-7.923416495323181152e-01,-4.981205984950065613e-02,-7.277570962905883789e-01,-2.591987252235412598e-01,-4.069269001483917236e-01,1.248828291893005371e+00,-1.786267012357711792e-01,1.084384843707084656e-01,1.104799866676330566e+00,-3.186292946338653564e-01,4.824747741222381592e-01,1.149000048637390137e+00,-6.000000238418579102e-01,2.000000000000000000e+00,1.340797662734985352e+00,-4.950922727584838867e-02,-5.240362286567687988e-01,9.434459209442138672e-01,3.885932862758636475e-01,5.709491968154907227e-01,3.104730546474456787e-01,-1.887023597955703735e-01,1.972219944000244141e+00,1.614429950714111328e+00,1.614429950714111328e+00
5.486144125461578369e-02,-2.248432785272598267e-01,7.447616457939147949e-01,-3.105741553008556366e-02,-1.398530229926109314e-02,9.980338811874389648e-01,-5.261391401290893555e-02,6.469881534576416016e-02,4.109315574169158936e-02,1.358700394630432129e-01,7.193775177001953125e-01,-7.306883931159973145e-01,-4.171989485621452332e-02,-7.357901334762573242e-01,-2.090201973915100098e-01,-3.181935250759124756e-01,1.263763070106506348e+00,-1.617820411920547485e-01,1.230620890855789185e-01,1.012445926666259766e+00,-3.060851097106933594e-01,4.633260071277618408e-01,1.149000048637390137e+00,-6.000000238418579102e-01,2.000000000000000000e+00,1.403112530708312988e+00,-8.735628426074981689e-02,-5.022333860397338867e-01,8.727179765701293945e-01,4.550811648368835449e-01,5.488697290420532227e-01,2.913777530193328857e-01,-2.241023629903793335e-01,1.972219944000244141e+00,1.614429950714111328e+00,1.614429950714111328e+00
5.520841106772422791e-02,-2.246382087469100952e-01,7.494228482246398926e-01,-3.037560917437076569e-02,-9.562262333929538727e-03,9.957964420318603516e-01,-8.587991446256637573e-02,7.043732702732086182e-02,2.162382006645202637e-02,9.201847761869430542e-02,6.881555318832397461e-01,-6.913592815399169922e-01,-3.613571822643280029e-02,-7.213437557220458984e-01,-1.254859715700149536e-01,-2.202853411436080933e-01,1.257649064064025879e+00,-1.639949977397918701e-01,1.380605399608612061e-01,9.245779514312744141e-01,-3.051216006278991699e-01,4.485324323177337646e-01,1.149000048637390137e+00,-6.000000238418579102e-01,2.000000000000000000e+00,1.462211370468139648e+00,-1.201800033450126648e-01,-4.839412569999694824e-01,8.330188393592834473e-01,5.063164830207824707e-01,5.464728474617004395e-01,2.770364582538604736e-01,-2.625812888145446777e-01,1.972219944000244141e+00,1.614429950714111328e+00,1.614429950714111328e+00
5.084759742021560669e-02,-2.230311632156372070e-01,7.492907643318176270e-01,-3.184821829199790955e-02,-6.833120132796466351e-04,9.931021928787231445e-01,-1.128419935703277588e-01,6.523302942514419556e-02,3.682823153212666512e-03,6.787708401679992676e-02,6.810495257377624512e-01,-6.688631772994995117e-01,-3.743938356637954712e-02,-6.847985386848449707e-01,-4.705853015184402466e-02,-1.378790885210037231e-01,1.231410622596740723e+00,-1.809411942958831787e-01,1.520789116621017456e-01,8.580334186553955078e-01,-3.135604560375213623e-01,4.368914663791656494e-01,1.149000048637390137e+00,-6.000000238418579102e-01,2.000000000000000000e+00,1.518070220947265625e+00,-1.469872295856475830e-01,-4.678899347782135010e-01,8.193311095237731934e-01,5.428893566131591797e-01,5.411248803138732910e-01,2.682029306888580322e-01,-2.913512885570526123e-01,1.972219944000244141e+00,1.614429950714111328e+00,1.614429950714111328e+00
4.335545375943183899e-02,-2.222263962030410767e-01,7.449934482574462891e-01,-3.401974216103553772e-02,8.580856025218963623e-03,9.909298419952392578e-01,-1.297191679477691650e-01,5.374857410788536072e-02,-8.490669541060924530e-03,6.891018897294998169e-02,6.980933547019958496e-01,-6.548703908920288086e-01,-4.125292226672172546e-02,-6.337118744850158691e-01,-2.258458407595753670e-03,-8.801386505365371704e-02,1.183745861053466797e+00,-2.092928439378738403e-01,1.695426404476165771e-01,8.235066533088684082e-01,-3.363132178783416748e-01,4.342409968376159668e-01,1.149000048637390137e+00,-6.000000238418579102e-01,2.000000000000000000e+00,1.579396128654479980e+00,-1.730631440877914429e-01,-4.509170949459075928e-01,8.268141150474548340e-01,5.675264596939086914e-01,5.391866564750671387e-01,2.590192556381225586e-01,-3.246048390865325928e-01,1.972219944000244141e+00,1.614429950714111328e+00,1.614429950714111328e+00
3.608671575784683228e-02,-2.232802510261535645e-01,7.383126020431518555e-01,-3.458609804511070251e-02,1.739105954766273499e-02,9.901013970375061035e-01,-1.349093914031982422e-01,2.949107065796852112e-02,-1.474853511899709702e-02,8.702103793621063232e-02,7.540072202682495117e-01,-6.425923705101013184e-01,-4.710212349891662598e-02,-5.774534344673156738e-01,1.870101504027843475e-02,-5.879613757133483887e-02,1.116274833679199219e+00,-2.793630957603454590e-01,1.598739922046661377e-01,8.203328847885131836e-01,-3.643088638782501221e-01,4.422208666801452637e-01,1.149000048637390137e+00,-6.000000238418579102e-01,2.000000000000000000e+00,1.638394951820373535e+00,-2.017906606197357178e-01,-4.397072494029998779e-01,8.448699116706848145e-01,5.832200646400451660e-01,5.403339266777038574e-01,2.529915571212768555e-01,-3.570855259895324707e-01,1.972219944000244141e+00,1.614429950714111328e+00,1.614429950714111328e+00
2.895485982298851013e-02,-2.253715842962265015e-01,7.296949028968811035e-01,-2.921196818351745605e-02,2.159987017512321472e-02,9.918519854545593262e-01,-1.221055388450622559e-01,-1.487398613244295120e-02,-8.856120519340038300e-03,1.109651029109954834e-01,8.755977749824523926e-01,-6.236009597778320312e-01,-5.448937043547630310e-02,-5.192518234252929688e-01,1.904224790632724762e-02,-5.845935270190238953e-02,1.060173749923706055e+00,-3.916691541671752930e-01,1.118078753352165222e-01,8.548171520233154297e-01,-3.923916816711425781e-01,4.654786884784698486e-01,1.149000048637390137e+00,-6.000000238418579102e-01,2.000000000000000000e+00,1.683596372604370117e+00,-2.312722206115722656e-01,-4.453616738319396973e-01,8.667455315589904785e-01,5.906677842140197754e-01,5.475417375564575195e-01,2.512905895709991455e-01,-3.923696577548980713e-01,1.972219944000244141e+00,1.614429950714111328e+00,1.614429950714111328e+00
3.079609014093875885e-02,-2.273005694150924683e-01,7.174158692359924316e-01,-1.622701622545719147e-02,2.279048226773738861e-02,9.946190118789672852e-01,-9.975112229585647583e-02,-8.009880781173706055e-02,5.401712376624345779e-03,1.213606148958206177e-01,1.043430566787719727e+00,-6.038025617599487305e-01,-6.307416409254074097e-02,-4.754011631011962891e-01,2.846344374120235443e-02,-5.753818154335021973e-02,1.043308615684509277e+00,-5.154204368591308594e-01,5.518078804016113281e-02,9.037010073661804199e-01,-3.918274939060211182e-01,4.927784800529479980e-01,1.149000048637390137e+00,-6.000000238418579102e-01,2.000000000000000000e+00,1.699139356613159180e+00,-2.608501017093658447e-01,-4.711590707302093506e-01,8.715966343879699707e-01,5.872897505760192871e-01,5.532094836235046387e-01,2.598323523998260498e-01,-4.212261736392974854e-01,1.972219944000244141e+00,1.614429950714111328e+00,1.614429950714111328e+00
3.068155422806739807e-02,-2.315483838319778442e-01,7.044593691825866699e-01,-5.707223899662494659e-03,2.146565914154052734e-02,9.976206421852111816e-01,-6.526624411344528198e-02,-1.443720608949661255e-01,2.461355179548263550e-02,1.249480396509170532e-01,1.192021608352661133e+00,-6.142891645431518555e-01,-5.912199616432189941e-02,-4.532620012760162354e-01,3.297042474150657654e-02,-7.029253244400024414e-02,1.062177538871765137e+00,-6.200695037841796875e-01,4.503549542278051376e-03,9.478842616081237793e-01,-3.749665617942810059e-01,4.986610412597656250e-01,1.149000048637390137e+00,-6.000000238418579102e-01,2.000000000000000000e+00,1.699160337448120117e+00,-2.923215031623840332e-01,-5.041944980621337891e-01,8.706716895103454590e-01,5.793679356575012207e-01,5.388662815093994141e-01,2.653684914112091064e-01,-4.436781406402587891e-01,1.972219944000244141e+00,1.614429950714111328e+00,1.614429950714111328e+00
2.714558504521846771e-02,-2.425542026758193970e-01,6.921100020408630371e-01,1.117447274737060070e-03,1.555537804961204529e-02,9.993425011634826660e-01,-3.273212537169456482e-02,-2.047451585531234741e-01,4.981494322419166565e-02,1.183051392436027527e-01,1.307314038276672363e+00,-6.548983454704284668e-01,-4.141936823725700378e-02,-4.513435363769531250e-01,3.742112219333648682e-02,-7.715948671102523804e-02,1.117255210876464844e+00,-6.874340772628784180e-01,-2.737905271351337433e-02,9.873922467231750488e-01,-3.312025070190429688e-01,5.007476210594177246e-01,1.149000048637390137e+00,-6.000000238418579102e-01,2.000000000000000000e+00,1.682457208633422852e+00,-3.235774636268615723e-01,-5.440272688865661621e-01,8.516508936882019043e-01,5.677985548973083496e-01,5.090021491050720215e-01,2.718927264213562012e-01,-4.560035467147827148e-01,1.972219944000244141e+00,1.614429950714111328e+00,1.614429950714111328e+00
2.688462100923061371e-02,-2.530732452869415283e-01,6.807395815849304199e-01,7.149190176278352737e-03,1.158868428319692612e-02,9.999065399169921875e-01,1.208108034916222095e-03,-2.494957000017166138e-01,4.659539461135864258e-02,9.830178320407867432e-02,1.381041526794433594e+00,-7.167211771011352539e-01,-1.648116670548915863e-02,-4.733196794986724854e-01,4.377851635217666626e-02,-6.920083612203598022e-02,1.194743990898132324e+00,-7.187239527702331543e-01,-3.156278654932975769e-02,1.025143504142761230e+00,-2.534941732883453369e-01,4.985334575176239014e-01,1.149000048637390137e+00,-6.000000238418579102e-01,2.000000000000000000e+00,1.638411164283752441e+00,-3.358136117458343506e-01,-5.765547156333923340e-01,7.830207943916320801e-01,5.640714764595031738e-01,4.474025964736938477e-01,2.673276960849761963e-01,-4.439614117145538330e-01,1.972219944000244141e+00,1.614429950714111328e+00,1.614429950714111328e+00
2.937383018434047699e-02,-2.610689103603363037e-01,6.728069186210632324e-01,6.603534799069166183e-03,1.251880731433629990e-02,9.992259740829467773e-01,3.670276701450347900e-02,-2.611599862575531006e-01,2.422497607767581940e-02,9.589018672704696655e-02,1.391894459724426270e+00,-7.846937179565429688e-01,1.245226152241230011e-02,-5.222275853157043457e-01,4.393631219863891602e-02,-5.554634705185890198e-02,1.273913860321044922e+00,-7.193505167961120605e-01,-1.074921805411577225e-02,1.050200223922729492e+00,-1.344691216945648193e-01,4.372225701808929443e-01,1.149000048637390137e+00,-6.000000238418579102e-01,2.000000000000000000e+00,1.534586548805236816e+00,-3.180481195449829102e-01,-5.838562846183776855e-01,6.021515727043151855e-01,5.961030721664428711e-01,3.213224112987518311e-01,2.478164881467819214e-01,-3.793418705463409424e-01,1.972219944000244141e+00,1.614429950714111328e+00,1.614429950714111328e+00
3.135202080011367798e-02,-2.747687697410583496e-01,6.737563014030456543e-01,3.776530968025326729e-03,1.278910227119922638e-02,9.973537921905517578e-01,7.146710157394409180e-02,-2.469060122966766357e-01,-2.850841498002409935e-03,1.176930665969848633e-01,1.349924087524414062e+00,-8.361201882362365723e-01,4.388929158449172974e-02,-5.659112930297851562e-01,2.779113501310348511e-02,-4.801877215504646301e-02,1.320974469184875488e+00,-6.688087582588195801e-01,2.560204081237316132e-02,1.037630200386047363e+00,-3.109689615666866302e-02,3.320225477218627930e-01,1.149000048637390137e+00,-6.000000238418579102e-01,2.000000000000000000e+00,1.422489523887634277e+00,-3.044003546237945557e-01,-5.516176819801330566e-01,3.694525063037872314e-01,6.484498381614685059e-01,1.575897634029388428e-01,2.418021410703659058e-01,-2.939739227294921875e-01,1.972219944000244141e+00,1.614429950714111328e+00,1.614429950714111328e+00
2.575032785534858704e-02,-2.979567945003509521e-01,6.837859749794006348e-01,4.146378487348556519e-03,6.934562698006629944e-03,9.929101467132568359e-01,1.185923069715499878e-01,-2.229949980974197388e-01,-2.192989364266395569e-02,1.384636759757995605e-01,1.298904895782470703e+00,-8.178949356079101562e-01,6.743057072162628174e-02,-5.802462697029113770e-01,4.421409685164690018e-03,-4.656532406806945801e-02,1.327004671096801758e+00,-5.857143998146057129e-01,5.699508637189865112e-02,1.010809659957885742e+00,2.187108248472213745e-02,2.150706797838211060e-01,1.149000048637390137e+00,-6.000000238418579102e-01,2.000000000000000000e+00,1.330433249473571777e+00,-2.974151670932769775e-01,-4.853956699371337891e-01,1.521115601062774658e-01,6.955847740173339844e-01,-4.308028146624565125e-02,2.738859057426452637e-01,-2.378949522972106934e-01,1.972219944000244141e+00,1.614429950714111328e+00,1.614429950714111328e+00
2.476389706134796143e-02,-3.023430407047271729e-01,7.032935619354248047e-01,1.179381832480430603e-02,5.257154349237680435e-03,9.860084652900695801e-01,1.661944240331649780e-01,-1.825365871191024780e-01,3.374344087205827236e-04,1.719792187213897705e-01,1.223576784133911133e+00,-7.841556668281555176e-01,9.355904906988143921e-02,-5.552229285240173340e-01,-8.267469704151153564e-03,-5.660472437739372253e-02,1.268221616744995117e+00,-4.917998015880584717e-01,1.203521788120269775e-01,9.661728739738464355e-01,-4.074770212173461914e-02,1.101845130324363708e-01,1.149000048637390137e+00,-6.000000238418579102e-01,2.000000000000000000e+00,1.236980080604553223e+00,-2.771378159523010254e-01,-4.359948635101318359e-01,-8.633140474557876587e-03,6.756736636161804199e-01,-3.021375238895416260e-01,3.555406332015991211e-01,-2.311912775039672852e-01,1.972219944000244141e+00,1.614429950714111328e+00,1.614429950714111328e+00
2.025503851473331451e-02,-3.109251558780670166e-01,7.294227480888366699e-01,1.290381047874689102e-02,-7.858442142605781555e-03,9.762598872184753418e-01,2.160748988389968872e-01,-1.554022431373596191e-01,3.189267218112945557e-02,2.066780179738998413e-01,1.161872386932373047e+00,-6.733406782150268555e-01,6.497491896152496338e-02,-5.226634740829467773e-01,-4.879441857337951660e-02,-9.516065567731857300e-02,1.177492499351501465e+00,-3.928676843643188477e-01,1.412271112203598022e-01,9.446967840194702148e-01,-1.333590149879455566e-01,4.732583835721015930e-02,1.149000048637390137e+00,-6.000000238418579102e-01,2.000000000000000000e+00,1.173173666000366211e+00,-2.548195123672485352e-01,-4.030268788337707520e-01,-9.619150310754776001e-02,6.519141197204589844e-01,-5.235754847526550293e-01,4.631082117557525635e-01,-2.948221564292907715e-01,1.972219944000244141e+00,1.614429950714111328e+00,1.614429950714111328e+00
2.153692394495010376e-02,-3.184938430786132812e-01,7.588808536529541016e-01,1.750892959535121918e-02,-2.089157886803150177e-02,9.657602310180664062e-01,2.580002844333648682e-01,-1.586533188819885254e-01,6.987058371305465698e-02,2.457902133464813232e-01,1.110076904296875000e+00,-5.463263988494873047e-01,-3.376745153218507767e-04,-4.685429930686950684e-01,-6.186765804886817932e-02,-1.133449897170066833e-01,1.067458629608154297e+00,-2.779999673366546631e-01,1.873124986886978149e-01,9.081633687019348145e-01,-2.666087746620178223e-01,1.762603223323822021e-02,1.147435784339904785e+00,-6.000000238418579102e-01,2.000000000000000000e+00,1.160212993621826172e+00,-2.364788800477981567e-01,-3.807929158210754395e-01,-1.130661293864250183e-01,6.600080132484436035e-01,-6.998657584190368652e-01,5.127424001693725586e-01,-3.924615979194641113e-01,1.972219944000244141e+00,1.614429950714111328e+00,1.614429950714111328e+00
2.592022716999053955e-02,-3.279329240322113037e-01,7.883325219154357910e-01,2.074399776756763458e-02,-2.959866635501384735e-02,9.533931612968444824e-01,2.995581030845642090e-01,-1.925100237131118774e-01,1.155988350510597229e-01,2.636339068412780762e-01,1.073189377784729004e+00,-4.285929501056671143e-01,-6.596285849809646606e-02,-4.128671586513519287e-01,-8.620905876159667969e-02,-1.313971430063247681e-01,9.860501289367675781e-01,-1.514412015676498413e-01,2.446859180927276611e-01,9.005866050720214844e-01,-3.985057473182678223e-01,1.188415219075977802e-03,1.142571568489074707e+00,-6.000000238418579102e-01,2.000000000000000000e+00,1.235997796058654785e+00,-2.253966182470321655e-01,-3.456535637378692627e-01,-7.801635563373565674e-02,6.844036579132080078e-01,-8.274863362312316895e-01,4.931612312793731689e-01,-4.689071476459503174e-01,1.972219944000244141e+00,1.614429950714111328e+00,1.614429950714111328e+00
3.434005007147789001e-02,-3.364214599132537842e-01,8.100231885910034180e-01,3.164118900895118713e-02,-4.323671758174896240e-02,9.412001371383666992e-01,3.335742056369781494e-01,-2.307887971401214600e-01,2.093262076377868652e-01,2.549800276756286621e-01,1.042467594146728516e+00,-3.513797819614410400e-01,-1.058470159769058228e-01,-3.383646905422210693e-01,-1.072734296321868896e-01,-1.245379149913787842e-01,9.516490697860717773e-01,-8.926787972450256348e-02,2.617999911308288574e-01,8.767673969268798828e-01,-4.726650416851043701e-01,-3.173342347145080566e-02,1.138427257537841797e+00,-6.000000238418579102e-01,1.995267271995544434e+00,1.379024624824523926e+00,-1.959710270166397095e-01,-2.977769672870635986e-01,-1.487729419022798538e-02,7.181280851364135742e-01,-8.877642154693603516e-01,4.061400890350341797e-01,-4.912401139736175537e-01,1.972219944000244141e+00,1.614429950714111328e+00,1.614429950714111328e+00
4.009340703487396240e-02,-3.418116867542266846e-01,8.140620589256286621e-01,4.662529006600379944e-02,-7.955909520387649536e-02,9.245153069496154785e-01,3.698214590549468994e-01,-2.599607408046722412e-01,3.330775499343872070e-01,2.010485678911209106e-01,1.021332859992980957e+00,-3.239581584930419922e-01,-1.392326951026916504e-01,-2.296441346406936646e-01,-9.478199481964111328e-02,-8.169423788785934448e-02,9.296919107437133789e-01,-8.016245067119598389e-02,2.617999911308288574e-01,8.331816792488098145e-01,-4.670166671276092529e-01,-2.850752882659435272e-02,1.143134593963623047e+00,-6.000000238418579102e-01,1.838189601898193359e+00,1.547205209732055664e+00,-1.545379608869552612e-01,-2.569651603698730469e-01,6.749876588582992554e-02,6.974521279335021973e-01,-9.336121678352355957e-01,2.687043845653533936e-01,-4.655873179435729980e-01,1.972219944000244141e+00,1.614429950714111328e+00,1.614429950714111328e+00
4.465616866946220398e-02,-3.430442214012145996e-01,8.049157857894897461e-01,4.356743022799491882e-02,-1.107522323727607727e-01,9.088076353073120117e-01,3.998805880546569824e-01,-3.109270036220550537e-01,4.315784871578216553e-01,1.355663537979125977e-01,1.001838564872741699e+00,-3.109616637229919434e-01,-1.750785559415817261e-01,-1.543114334344863892e-01,-6.858762353658676147e-02,-2.790074422955513000e-02,9.116721749305725098e-01,-7.759353518486022949e-02,2.617999911308288574e-01,7.930574417114257812e-01,-4.642582833766937256e-01,1.316098775714635849e-02,1.149000048637390137e+00,-6.000000238418579102e-01,1.619632959365844727e+00,1.699985623359680176e+00,-1.381702721118927002e-01,-2.144124507904052734e-01,9.571378678083419800e-02,6.404507160186767578e-01,-9.270089864730834961e-01,1.378167122602462769e-01,-4.104696512222290039e-01,1.972219944000244141e+00,1.614429950714111328e+00,1.614429950714111328e+00
5.284086614847183228e-02,-3.413814604282379150e-01,7.819712162017822266e-01,3.747684881091117859e-02,-1.352844238281250000e-01,8.921396732330322266e-01,4.293953776359558105e-01,-3.784877061843872070e-01,5.255787968635559082e-01,6.883572787046432495e-02,1.008635759353637695e+00,-3.227948844432830811e-01,-2.000519782304763794e-01,-1.154764369130134583e-01,-3.240261599421501160e-02,-1.398104242980480194e-03,8.983845710754394531e-01,-8.818169683218002319e-02,2.617999911308288574e-01,7.974952459335327148e-01,-4.650054574012756348e-01,1.051145717501640320e-01,1.149000048637390137e+00,-6.000000238418579102e-01,1.417948365211486816e+00,1.700000047683715820e+00,-1.922999918460845947e-01,-1.549889445304870605e-01,1.487643569707870483e-01,4.905272722244262695e-01,-8.896918892860412598e-01,-1.215671654790639877e-02,-4.096504449844360352e-01,1.972219944000244141e+00,1.614429950714111328e+00,1.614429950714111328e+00
6.256362050771713257e-02,-3.404833376407623291e-01,7.471997141838073730e-01,2.872544154524803162e-02,-1.561097204685211182e-01,8.719334006309509277e-01,4.631811082363128662e-01,-4.437508285045623779e-01,6.237246990203857422e-01,1.848736405372619629e-02,1.060408949851989746e+00,-3.867261111736297607e-01,-2.088614702224731445e-01,-1.045320555567741394e-01,-1.596556231379508972e-02,-2.325058681890368462e-03,9.136804938316345215e-01,-1.721215546131134033e-01,2.340019792318344116e-01,8.196793794631958008e-01,-4.660099148750305176e-01,2.332270294427871704e-01,1.149000048637390137e+00,-6.000000238418579102e-01,1.239514827728271484e+00,1.700000047683715820e+00,-2.919106185436248779e-01,-9.421888738870620728e-02,2.386670410633087158e-01,2.686442434787750244e-01,-8.685019016265869141e-01,-1.827597171068191528e-01,-4.231656491756439209e-01,1.972219944000244141e+00,1.614429950714111328e+00,1.614429950714111328e+00
7.451730221509933472e-02,-3.402324914932250977e-01,7.074365615844726562e-01,2.939195185899734497e-02,-1.760380268096923828e-01,8.526559472084045410e-01,4.910443425178527832e-01,-5.163971781730651855e-01,7.267919778823852539e-01,-2.048064582049846649e-02,1.175638437271118164e+00,-5.315786600112915039e-01,-1.706732064485549927e-01,-1.400548219680786133e-01,-1.573712751269340515e-02,-4.552933946251869202e-02,1.009759545326232910e+00,-3.832936584949493408e-01,1.609691828489303589e-01,8.365994691848754883e-01,-4.669120609760284424e-01,3.728602826595306396e-01,1.149000048637390137e+00,-6.000000238418579102e-01,1.060122370719909668e+00,1.700000047683715820e+00,-4.148361980915069580e-01,-5.447393283247947693e-02,3.355187773704528809e-01,2.404564060270786285e-02,-8.935558199882507324e-01,-3.247165977954864502e-01,-4.431318342685699463e-01,1.972219944000244141e+00,1.614429950714111328e+00,1.614429950714111328e+00
8.401714265346527100e-02,-3.389831483364105225e-01,6.704466938972473145e-01,3.378891572356224060e-02,-1.870891898870468140e-01,8.347904086112976074e-01,5.167019963264465332e-01,-5.737977623939514160e-01,7.825677990913391113e-01,-6.787180900573730469e-02,1.298657059669494629e+00,-6.724713444709777832e-01,-1.389062553644180298e-01,-2.043984085321426392e-01,-2.674046717584133148e-02,-5.754819139838218689e-02,1.143330812454223633e+00,-5.938489437103271484e-01,9.997609257698059082e-02,8.328720331192016602e-01,-4.690812528133392334e-01,4.894911348819732666e-01,1.149000048637390137e+00,-6.000000238418579102e-01,9.293032884597778320e-01,1.700000047683715820e+00,-5.267967581748962402e-01,-2.027333714067935944e-02,4.366784393787384033e-01,-2.016860991716384888e-01,-9.444648027420043945e-01,-4.277352392673492432e-01,-4.529177248477935791e-01,1.972219944000244141e+00,1.614429950714111328e+00,1.614429950714111328e+00
8.913762122392654419e-02,-3.369190692901611328e-01,6.442519426345825195e-01,3.299769014120101929e-02,-1.880251616239547729e-01,8.213648796081542969e-01,5.375103354454040527e-01,-6.252912878990173340e-01,8.081299662590026855e-01,-1.111455112695693970e-01,1.384421825408935547e+00,-7.729043364524841309e-01,-1.226686760783195496e-01,-2.713088095188140869e-01,-2.221003361046314240e-02,-3.982018679380416870e-02,1.238888144493103027e+00,-7.307510972023010254e-01,6.196179986000061035e-02,8.010240793228149414e-01,-4.667995274066925049e-01,4.929913878440856934e-01,1.149000048637390137e+00,-6.000000238418579102e-01,8.733015060424804688e-01,1.700000047683715820e+00,-6.079611182212829590e-01,1.177745289169251919e-03,5.208545923233032227e-01,-3.473186492919921875e-01,-9.999655485153198242e-01,-4.549433290958404541e-01,-4.609355032444000244e-01,1.972219944000244141e+00,1.614429950714111328e+00,1.614429950714111328e+00
8.701182156801223755e-02,-3.429096937179565430e-01,6.282233595848083496e-01,2.471649460494518280e-02,-1.886946111917495728e-01,8.076480031013488770e-01,5.581112504005432129e-01,-6.861928105354309082e-01,8.268234729766845703e-01,-1.488360613584518433e-01,1.465865015983581543e+00,-8.418641686439514160e-01,-1.153199896216392517e-01,-3.472214639186859131e-01,-1.123963203281164169e-02,-2.562901191413402557e-02,1.323052644729614258e+00,-7.840223908424377441e-01,5.502355843782424927e-02,7.693719863891601562e-01,-4.666607379913330078e-01,4.913722574710845947e-01,1.149000048637390137e+00,-6.000000238418579102e-01,8.380522727966308594e-01,1.700000047683715820e+00,-7.031840682029724121e-01,-1.267084106802940369e-02,5.990377068519592285e-01,-5.085411667823791504e-01,-1.063983798027038574e+00,-4.360222518444061279e-01,-4.902069866657257080e-01,1.972219944000244141e+00,1.614429950714111328e+00,1.614429950714111328e+00
8.033664524555206299e-02,-3.450243175029754639e-01,6.316303014755249023e-01,2.925432985648512840e-03,-1.821513921022415161e-01,7.968243360519409180e-01,5.760931372642517090e-01,-7.454358935356140137e-01,8.336749672889709473e-01,-1.672207415103912354e-01,1.500636458396911621e+00,-8.306977748870849609e-01,-1.167685315012931824e-01,-4.249542653560638428e-01,-1.675279578194022179e-03,-2.780805528163909912e-02,1.350585222244262695e+00,-7.198236584663391113e-01,7.917749881744384766e-02,7.309924364089965820e-01,-4.671909511089324951e-01,4.850396215915679932e-01,1.149000048637390137e+00,-6.000000238418579102e-01,7.745200991630554199e-01,1.700000047683715820e+00,-8.130042552947998047e-01,-6.429804116487503052e-02,6.413702964782714844e-01,-6.928668618202209473e-01,-1.139005541801452637e+00,-3.595099449157714844e-01,-5.299256443977355957e-01,1.972219944000244141e+00,1.614429950714111328e+00,1.614429950714111328e+00
6.983977556228637695e-02,-3.349265456199645996e-01,6.544355750083923340e-01,-2.100064791738986969e-02,-1.690805107355117798e-01,7.892596125602722168e-01,5.899491906166076660e-01,-7.474181652069091797e-01,8.280143737792968750e-01,-1.415753215551376343e-01,1.472190976142883301e+00,-7.609205842018127441e-01,-1.167223379015922546e-01,-4.546749591827392578e-01,-1.071904692798852921e-02,-4.978303611278533936e-02,1.304569363594055176e+00,-6.046394109725952148e-01,1.112335696816444397e-01,6.860014796257019043e-01,-4.684632122516632080e-01,4.775111973285675049e-01,1.149000048637390137e+00,-6.000000238418579102e-01,7.013204097747802734e-01,1.700000047683715820e+00,-8.838309645652770996e-01,-1.015337333083152771e-01,6.277250647544860840e-01,-8.254551887512207031e-01,-1.198140621185302734e+00,-2.805394530296325684e-01,-5.662769675254821777e-01,1.972219944000244141e+00,1.614429950714111328e+00,1.614429950714111328e+00
6.312365084886550903e-02,-3.382025957107543945e-01,6.926043629646301270e-01,-3.906828910112380981e-02,-1.550669968128204346e-01,7.753479480743408203e-01,6.109529137611389160e-01,-7.172313332557678223e-01,7.672376036643981934e-01,-1.206897795200347900e-01,1.374876976013183594e+00,-7.061584591865539551e-01,-1.386469006538391113e-01,-4.618605971336364746e-01,-1.075051445513963699e-02,-5.221256241202354431e-02,1.200826883316040039e+00,-5.100548863410949707e-01,1.344025284051895142e-01,6.501289010047912598e-01,-4.661865830421447754e-01,4.644529819488525391e-01,1.149000048637390137e+00,-6.000000238418579102e-01,6.472938656806945801e-01,1.700000047683715820e+00,-9.231660366058349609e-01,-1.292927861213684082e-01,6.002396345138549805e-01,-9.327061772346496582e-01,-1.239227294921875000e+00,-2.127475589513778687e-01,-5.982661843299865723e-01,1.972219944000244141e+00,1.614429950714111328e+00,1.614429950714111328e+00
5.523061379790306091e-02,-3.395494222640991211e-01,7.382201552391052246e-01,-5.474421754479408264e-02,-1.434763520956039429e-01,7.624539136886596680e-01,6.285552382469177246e-01,-6.455317735671997070e-01,7.084258198738098145e-01,-1.078864187002182007e-01,1.258911252021789551e+00,-5.918149352073669434e-01,-1.790200322866439819e-01,-4.392906427383422852e-01,-1.287501491606235504e-02,-5.098528787493705750e-02,1.077250242233276367e+00,-3.469164371490478516e-01,1.886567622423171997e-01,6.248585581779479980e-01,-4.665784239768981934e-01,4.553702473640441895e-01,1.149000048637390137e+00,-6.000000238418579102e-01,6.067869663238525391e-01,1.700000047683715820e+00,-9.235528707504272461e-01,-1.405524313449859619e-01,5.673542618751525879e-01,-1.018314480781555176e+00,-1.270043730735778809e+00,-1.534786522388458252e-01,-6.180297136306762695e-01,1.972219944000244141e+00,1.614429950714111328e+00,1.614429950714111328e+00
4.725211113691329956e-02,-3.396827578544616699e-01,7.847000360488891602e-01,-6.523419171571731567e-02,-1.347173452377319336e-01,7.472995519638061523e-01,6.474095582962036133e-01,-5.639721155166625977e-01,6.527563929557800293e-01,-1.040756031870841980e-01,1.140484809875488281e+00,-3.858177065849304199e-01,-2.433989942073822021e-01,-4.140092432498931885e-01,-8.494194597005844116e-03,-4.523674771189689636e-02,9.580851197242736816e-01,-1.003458201885223389e-01,2.614965140819549561e-01,6.318095326423645020e-01,-4.701500535011291504e-01,4.527266621589660645e-01,1.149000048637390137e+00,-6.000000238418579102e-01,6.074649691581726074e-01,1.700000047683715820e+00,-9.185829162597656250e-01,-1.371355205774307251e-01,5.353950858116149902e-01,-1.085727334022521973e+00,-1.275036811828613281e+00,-9.578029066324234009e-02,-6.435983180999755859e-01,1.972219944000244141e+00,1.614429950714111328e+00,1.614429950714111328e+00
4.078126698732376099e-02,-3.473348915576934814e-01,8.255488276481628418e-01,-7.449696213006973267e-02,-1.287283003330230713e-01,7.235671281814575195e-01,6.740399599075317383e-01,-4.988872706890106201e-01,6.197116374969482422e-01,-8.309540152549743652e-02,1.039840936660766602e+00,-2.290218025445938110e-01,-2.617999911308288574e-01,-3.988139629364013672e-01,5.191556410863995552e-04,-9.541619569063186646e-02,8.579883575439453125e-01,6.957711279392242432e-02,2.617999911308288574e-01,6.521283388137817383e-01,-4.707386493682861328e-01,4.502457082271575928e-01,1.149000048637390137e+00,-6.000000238418579102e-01,6.201050877571105957e-01,1.700000047683715820e+00,-9.104011654853820801e-01,-1.213682517409324646e-01,5.114930272102355957e-01,-1.131990194320678711e+00,-1.263270497322082520e+00,-4.448666051030158997e-02,-6.484092473983764648e-01,1.972219944000244141e+00,1.614429950714111328e+00,1.614429950714111328e+00
3.464883938431739807e-02,-3.540043532848358154e-01,8.492786288261413574e-01,-7.923029363155364990e-02,-1.217842176556587219e-01,7.008947730064392090e-01,6.983106136322021484e-01,-4.494915604591369629e-01,5.983150601387023926e-01,-5.915671959519386292e-02,9.791506528854370117e-01,-1.780804097652435303e-01,-2.617999911308288574e-01,-3.800770044326782227e-01,-5.197906866669654846e-04,-1.462916582822799683e-01,7.888348102569580078e-01,1.327116638422012329e-01,2.617999911308288574e-01,6.681197881698608398e-01,-4.707158505916595459e-01,4.472377002239227295e-01,1.149000048637390137e+00,-6.000000238418579102e-01,6.317613720893859863e-01,1.700000047683715820e+00,-9.020478129386901855e-01,-1.035580560564994812e-01,4.990653991699218750e-01,-1.167788147926330566e+00,-1.257785677909851074e+00,-1.619562506675720215e-03,-6.625496149063110352e-01,1.972219944000244141e+00,1.614429950714111328e+00,1.614429950714111328e+00
3.119792044162750244e-02,-3.576825261116027832e-01,8.568949103355407715e-01,-7.691709697246551514e-02,-1.144260093569755554e-01,6.755355000495910645e-01,7.243219017982482910e-01,-4.140873551368713379e-01,5.754895806312561035e-01,-3.166187554597854614e-02,9.486526250839233398e-01,-1.610492318868637085e-01,-2.617999911308288574e-01,-3.682515919208526611e-01,-2.465212345123291016e-02,-2.147418707609176636e-01,7.558831572532653809e-01,1.494980305433273315e-01,2.617999911308288574e-01,6.883516311645507812e-01,-4.723113775253295898e-01,4.458109438419342041e-01,1.149000048637390137e+00,-6.000000238418579102e-01,6.279067993164062500e-01,1.700000047683715820e+00,-8.895573616027832031e-01,-7.703641802072525024e-02,4.930920898914337158e-01,-1.184113383293151855e+00,-1.244121313095092773e+00,3.343440964818000793e-02,-6.739125847816467285e-01,1.972219944000244141e+00,1.614429950714111328e+00,1.614429950714111328e+00
3.016650676727294922e-02,-3.609522283077239990e-01,8.522068262100219727e-01,-7.503235340118408203e-02,-1.070660129189491272e-01,6.454221606254577637e-01,7.525538206100463867e-01,-3.776454031467437744e-01,5.476409792900085449e-01,-1.122440677136182785e-02,9.324022531509399414e-01,-1.706207990646362305e-01,-2.617999911308288574e-01,-3.572790026664733887e-01,-5.441673472523689270e-02,-2.867208123207092285e-01,7.440984249114990234e-01,1.475172489881515503e-01,2.617999911308288574e-01,7.093175053596496582e-01,-4.739945530891418457e-01,4.447375535964965820e-01,1.149000048637390137e+00,-6.000000238418579102e-01,6.204183101654052734e-01,1.700000047683715820e+00,-8.821650743484497070e-01,-4.185857251286506653e-02,4.918137788772583008e-01,-1.192869901657104492e+00,-1.238220453262329102e+00,6.727719306945800781e-02,-6.799809336662292480e-01,1.972219944000244141e+00,1.614429950714111328e+00,1.614429950714111328e+00
3.144585341215133667e-02,-3.618162274360656738e-01,8.344137668609619141e-01,-7.478386163711547852e-02,-1.013221144676208496e-01,6.129224300384521484e-01,7.800431251525878906e-01,-3.334913551807403564e-01,5.291096568107604980e-01,-8.960196748375892639e-03,9.277926683425903320e-01,-2.129855453968048096e-01,-2.617999911308288574e-01,-3.459238708019256592e-01,-8.256809413433074951e-02,-3.478199243545532227e-01,7.626491785049438477e-01,1.301483958959579468e-01,2.617999911308288574e-01,7.323532700538635254e-01,-4.744686782360076904e-01,4.432288408279418945e-01,1.149000048637390137e+00,-6.000000238418579102e-01,5.947396755218505859e-01,1.700000047683715820e+00,-8.705710172653198242e-01,1.190037350170314312e-03,4.934559464454650879e-01,-1.195117354393005371e+00,-1.235268950462341309e+00,9.539981186389923096e-02,-6.635454893112182617e-01,1.972219944000244141e+00,1.614429950714111328e+00,1.614429950714111328e+00
3.228546679019927979e-02,-3.624461889266967773e-01,8.048139810562133789e-01,-7.427193224430084229e-02,-1.006771847605705261e-01,5.858840346336364746e-01,8.006795048713684082e-01,-2.950936853885650635e-01,5.300052762031555176e-01,-1.215162128210067749e-02,9.380102753639221191e-01,-2.956359386444091797e-01,-2.617201805114746094e-01,-3.427031040191650391e-01,-1.186343282461166382e-01,-3.874909579753875732e-01,8.048353195190429688e-01,7.679574191570281982e-02,2.579721510410308838e-01,7.478336691856384277e-01,-4.745385646820068359e-01,4.416494071483612061e-01,1.149000048637390137e+00,-6.000000238418579102e-01,5.633741617202758789e-01,1.700000047683715820e+00,-8.637128472328186035e-01,4.093402624130249023e-02,4.874754846096038818e-01,-1.189680814743041992e+00,-1.230502486228942871e+00,1.193887069821357727e-01,-6.413092613220214844e-01,1.972219944000244141e+00,1.614429950714111328e+00,1.614429950714111328e+00
2.810460887849330902e-02,-3.640535175800323486e-01,7.692834138870239258e-01,-7.489144802093505859e-02,-1.053400859236717224e-01,5.536938309669494629e-01,8.226286172866821289e-01,-2.653339803218841553e-01,5.475346446037292480e-01,-1.396500412374734879e-02,9.776386022567749023e-01,-4.183451831340789795e-01,-2.242043614387512207e-01,-3.438567817211151123e-01,-1.621908247470855713e-01,-4.246135056018829346e-01,8.782444596290588379e-01,-3.844973444938659668e-02,2.120987921953201294e-01,7.636806368827819824e-01,-4.742610156536102295e-01,4.435695707798004150e-01,1.149000048637390137e+00,-6.000000238418579102e-01,5.187894105911254883e-01,1.700000047683715820e+00,-8.529312610626220703e-01,8.738573640584945679e-02,4.742103815078735352e-01,-1.181722998619079590e+00,-1.227410197257995605e+00,1.298238486051559448e-01,-5.949092507362365723e-01,1.972219944000244141e+00,1.614429950714111328e+00,1.614429950714111328e+00
2.217200770974159241e-02,-3.638325035572052002e-01,7.323931455612182617e-01,-7.608781754970550537e-02,-1.150534674525260925e-01,5.278628468513488770e-01,8.380537629127502441e-01,-2.506648004055023193e-01,5.727644562721252441e-01,-4.351480863988399506e-03,1.062037944793701172e+00,-5.657182931900024414e-01,-1.699198484420776367e-01,-3.599981665611267090e-01,-2.070538103580474854e-01,-4.459530413150787354e-01,9.864380955696105957e-01,-1.892812699079513550e-01,1.427094191312789917e-01,7.803754210472106934e-01,-4.719073772430419922e-01,4.468601644039154053e-01,1.149000048637390137e+00,-6.000000238418579102e-01,4.776312410831451416e-01,1.700000047683715820e+00,-8.425874114036560059e-01,1.347822993993759155e-01,4.516289830207824707e-01,-1.180980205535888672e+00,-1.219400644302368164e+00,1.274101436138153076e-01,-5.447545647621154785e-01,1.972219944000244141e+00,1.614429950714111328e+00,1.614429950714111328e+00
1.916423812508583069e-02,-3.620602190494537354e-01,6.957307457923889160e-01,-7.046692818403244019e-02,-1.285506337881088257e-01,5.096728801727294922e-01,8.477869033813476562e-01,-2.489506900310516357e-01,5.892599225044250488e-01,-7.656806614249944687e-03,1.181223154067993164e+00,-7.143704295158386230e-01,-1.279610842466354370e-01,-3.958039581775665283e-01,-2.378995716571807861e-01,-4.236939251422882080e-01,1.122393965721130371e+00,-3.315575420856475830e-01,8.278535306453704834e-02,7.901666164398193359e-01,-4.662899672985076904e-01,4.517433941364288330e-01,1.149000048637390137e+00,-6.000000238418579102e-01,4.435901641845703125e-01,1.700000047683715820e+00,-8.286337256431579590e-01,1.795922368764877319e-01,4.277519881725311279e-01,-1.188396573066711426e+00,-1.209670186042785645e+00,1.179194301366806030e-01,-4.983595609664916992e-01,1.972219944000244141e+00,1.614429950714111328e+00,1.614429950714111328e+00
1.752929575741291046e-02,-3.620475232601165771e-01,6.657302975654602051e-01,-6.067670509219169617e-02,-1.409420967102050781e-01,4.971592128276824951e-01,8.539826869964599609e-01,-2.552640140056610107e-01,5.995259881019592285e-01,-9.268512018024921417e-03,1.295020937919616699e+00,-8.318724036216735840e-01,-9.378825873136520386e-02,-4.393532872200012207e-01,-2.653931379318237305e-01,-3.912916779518127441e-01,1.245597600936889648e+00,-4.470295310020446777e-01,4.075304418802261353e-02,7.897892594337463379e-01,-4.623273611068725586e-01,4.516802430152893066e-01,1.149000048637390137e+00,-6.000000238418579102e-01,4.262892305850982666e-01,1.700000047683715820e+00,-8.188515305519104004e-01,2.141973525285720825e-01,4.143517315387725830e-01,-1.198391914367675781e+00,-1.201298117637634277e+00,1.125662550330162048e-01,-4.714237153530120850e-01,1.972219944000244141e+00,1.614429950714111328e+00,1.614429950714111328e+00
1.797246374189853668e-02,-3.684256970882415771e-01,6.420308351516723633e-01,-4.839728772640228271e-02,-1.507650762796401978e-01,4.866692423820495605e-01,8.591161966323852539e-01,-2.822844386100769043e-01,6.046226024627685547e-01,-2.631113305687904358e-02,1.395341873168945312e+00,-8.726698756217956543e-01,-6.918876618146896362e-02,-4.978569149971008301e-01,-2.865954637527465820e-01,-3.511706590652465820e-01,1.384468317031860352e+00,-5.351499319076538086e-01,1.138519216328859329e-02,8.059280514717102051e-01,-4.618787467479705811e-01,4.621731340885162354e-01,1.149000048637390137e+00,-6.000000238418579102e-01,4.184133708477020264e-01,1.700000047683715820e+00,-8.103988766670227051e-01,2.455004900693893433e-01,4.012866616249084473e-01,-1.221356153488159180e+00,-1.190513730049133301e+00,1.078791320323944092e-01,-4.449672102928161621e-01,1.972219944000244141e+00,1.614429950714111328e+00,1.614429950714111328e+00
1.456599216908216476e-02,-3.783990740776062012e-01,6.306328773498535156e-01,-3.646735474467277527e-02,-1.533745229244232178e-01,4.805092513561248779e-01,8.627034425735473633e-01,-3.080751001834869385e-01,5.882720947265625000e-01,-3.718748316168785095e-02,1.438122034072875977e+00,-8.726699948310852051e-01,-5.577648803591728210e-02,-5.427221059799194336e-01,-3.053537309169769287e-01,-3.241683542728424072e-01,1.456890225410461426e+00,-5.799507498741149902e-01,-5.521675106137990952e-03,8.118551373481750488e-01,-4.654659330844879150e-01,4.665871560573577881e-01,1.149000048637390137e+00,-6.000000238418579102e-01,4.194750487804412842e-01,1.700000047683715820e+00,-8.064196109771728516e-01,2.648845613002777100e-01,3.977106511592864990e-01,-1.242220878601074219e+00,-1.188123106956481934e+00,1.156039685010910034e-01,-4.411323070526123047e-01,1.972219944000244141e+00,1.614429950714111328e+00,1.614429950714111328e+00
1.593442074954509735e-02,-3.810645043849945068e-01,6.279114484786987305e-01,-3.076525218784809113e-02,-1.478868871927261353e-01,4.802295267581939697e-01,8.640385270118713379e-01,-3.284261524677276611e-01,5.735563635826110840e-01,-3.828559443354606628e-02,1.466338634490966797e+00,-8.726699948310852051e-01,-5.337155982851982117e-02,-5.727565884590148926e-01,-3.197421431541442871e-01,-3.095026314258575439e-01,1.496579289436340332e+00,-6.009616255760192871e-01,-6.109568756073713303e-03,8.129190802574157715e-01,-4.706987738609313965e-01,4.677495658397674561e-01,1.149000048637390137e+00,-6.000000238418579102e-01,4.235340952873229980e-01,1.700000047683715820e+00,-8.037167787551879883e-01,2.771032750606536865e-01,4.025688171386718750e-01,-1.263739347457885742e+00,-1.196417450904846191e+00,1.297755390405654907e-01,-4.417542815208435059e-01,1.972219944000244141e+00,1.614429950714111328e+00,1.614429950714111328e+00
1.963118650019168854e-02,-3.793130517005920410e-01,6.340040564537048340e-01,-3.232426196336746216e-02,-1.389732211828231812e-01,4.842862486839294434e-01,8.631966114044189453e-01,-3.453547656536102295e-01,5.656668543815612793e-01,-3.682633116841316223e-02,1.479758977890014648e+00,-8.726699948310852051e-01,-6.470917910337448120e-02,-5.866307616233825684e-01,-3.242914378643035889e-01,-3.090750277042388916e-01,1.507876276969909668e+00,-5.845390558242797852e-01,1.827010884881019592e-02,8.178547620773315430e-01,-4.750233590602874756e-01,4.650380313396453857e-01,1.149000048637390137e+00,-6.000000238418579102e-01,4.309270083904266357e-01,1.700000047683715820e+00,-8.060896396636962891e-01,2.773301303386688232e-01,4.147889614105224609e-01,-1.292495727539062500e+00,-1.216825127601623535e+00,1.533022522926330566e-01,-4.452334940433502197e-01,1.972219944000244141e+00,1.614429950714111328e+00,1.614429950714111328e+00
2.582609280943870544e-02,-3.684196472167968750e-01,6.497995257377624512e-01,-4.544253274798393250e-02,-1.277983039617538452e-01,4.911549389362335205e-01,8.604472279548645020e-01,-3.480916917324066162e-01,5.695038437843322754e-01,-3.408223018050193787e-02,1.475937366485595703e+00,-8.681145906448364258e-01,-9.837100654840469360e-02,-5.749795436859130859e-01,-3.104742467403411865e-01,-3.221067190170288086e-01,1.469849228858947754e+00,-5.318464636802673340e-01,6.254255771636962891e-02,8.212817311286926270e-01,-4.766340851783752441e-01,4.571689367294311523e-01,1.149000048637390137e+00,-6.000000238418579102e-01,4.395099282264709473e-01,1.700000047683715820e+00,-8.182731866836547852e-01,2.480065077543258667e-01,4.282630681991577148e-01,-1.336631059646606445e+00,-1.252783060073852539e+00,1.868519186973571777e-01,-4.456228315830230713e-01,1.972219944000244141e+00,1.614429950714111328e+00,1.614429950714111328e+00
2.947907149791717529e-02,-3.696155250072479248e-01,6.830340027809143066e-01,-5.726031213998794556e-02,-1.164572164416313171e-01,5.033868551254272461e-01,8.542603254318237305e-01,-3.356148898601531982e-01,5.389022231101989746e-01,-5.618663504719734192e-02,1.377547979354858398e+00,-8.323028087615966797e-01,-1.343722939491271973e-01,-5.464186668395996094e-01,-2.600821852684020996e-01,-3.195932507514953613e-01,1.363744974136352539e+00,-4.331027269363403320e-01,1.236713677644729614e-01,8.182289600372314453e-01,-4.753487110137939453e-01,4.490440189838409424e-01,1.149000048637390137e+00,-6.000000238418579102e-01,4.486979544162750244e-01,1.700000047683715820e+00,-8.441365361213684082e-01,1.946675479412078857e-01,4.178621172904968262e-01,-1.388620257377624512e+00,-1.278748869895935059e+00,2.291010469198226929e-01,-4.593542218208312988e-01,1.972219944000244141e+00,1.614429950714111328e+00,1.614429950714111328e+00
3.338668495416641235e-02,-3.716169297695159912e-01,7.266967892646789551e-01,-6.764505803585052490e-02,-1.073604226112365723e-01,5.246602296829223633e-01,8.418013453483581543e-01,-3.117999732494354248e-01,5.487673878669738770e-01,-5.480463802814483643e-02,1.260652303695678711e+00,-7.651598453521728516e-01,-1.561832875013351440e-01,-4.946141541004180908e-01,-2.326741665601730347e-01,-3.202334046363830566e-01,1.231978535652160645e+00,-3.119311630725860596e-01,1.858665645122528076e-01,7.977131605148315430e-01,-4.753763675689697266e-01,4.462783932685852051e-01,1.149000048637390137e+00,-6.000000238418579102e-01,4.424189329147338867e-01,1.700000047683715820e+00,-8.639996647834777832e-01,1.580217480659484863e-01,4.057061076164245605e-01,-1.423435568809509277e+00,-1.301535129547119141e+00,2.651870548725128174e-01,-4.661967754364013672e-01,1.972219944000244141e+00,1.614429950714111328e+00,1.614429950714111328e+00
3.962167352437973022e-02,-3.695115447044372559e-01,7.724874615669250488e-01,-7.689641416072845459e-02,-1.037198603153228760e-01,5.538653731346130371e-01,8.225340247154235840e-01,-2.892277240753173828e-01,5.474709272384643555e-01,-6.295670568943023682e-02,1.126481771469116211e+00,-5.644854307174682617e-01,-2.280469536781311035e-01,-4.477815330028533936e-01,-1.721545457839965820e-01,-2.846665680408477783e-01,1.077041864395141602e+00,-1.296227872371673584e-01,2.613269686698913574e-01,7.691766619682312012e-01,-4.757675230503082275e-01,4.462913870811462402e-01,1.149000048637390137e+00,-6.000000238418579102e-01,4.386683106422424316e-01,1.700000047683715820e+00,-8.717651367187500000e-01,1.514857262372970581e-01,3.943269550800323486e-01,-1.442007541656494141e+00,-1.307589411735534668e+00,2.811010777950286865e-01,-4.601163268089294434e-01,1.972219944000244141e+00,1.614429950714111328e+00,1.614429950714111328e+00
4.409028962254524231e-02,-3.692026436328887939e-01,8.175275921821594238e-01,-8.110608905553817749e-02,-1.065526232123374939e-01,5.853888392448425293e-01,7.996175289154052734e-01,-2.984140217304229736e-01,5.458151698112487793e-01,-6.099217012524604797e-02,1.019219517707824707e+00,-3.688794970512390137e-01,-2.617998123168945312e-01,-4.097028672695159912e-01,-9.984043985605239868e-02,-2.355568110942840576e-01,9.266588091850280762e-01,4.018270969390869141e-02,2.617999911308288574e-01,7.329103946685791016e-01,-4.733683168888092041e-01,4.470492601394653320e-01,1.149000048637390137e+00,-6.000000238418579102e-01,4.136357903480529785e-01,1.700000047683715820e+00,-8.450905680656433105e-01,1.743180602788925171e-01,3.753545582294464111e-01,-1.451191067695617676e+00,-1.312811374664306641e+00,2.615179121494293213e-01,-4.295735657215118408e-01,1.972219944000244141e+00,1.614429950714111328e+00,1.614429950714111328e+00
4.253973439335823059e-02,-3.687041401863098145e-01,8.437825441360473633e-01,-8.539186418056488037e-02,-1.028195023536682129e-01,6.153431534767150879e-01,7.768456935882568359e-01,-3.411687910556793213e-01,5.488068461418151855e-01,-4.056385159492492676e-02,9.457211494445800781e-01,-2.434403747320175171e-01,-2.617999911308288574e-01,-3.851878046989440918e-01,-5.804779753088951111e-02,-2.013815194368362427e-01,7.901865839958190918e-01,1.373510956764221191e-01,2.617999911308288574e-01,6.969746947288513184e-01,-4.686284959316253662e-01,4.451759755611419678e-01,1.149000048637390137e+00,-6.000000238418579102e-01,3.707131147384643555e-01,1.700000047683715820e+00,-8.031760454177856445e-01,2.190959155559539795e-01,3.627119362354278564e-01,-1.443343520164489746e+00,-1.312844276428222656e+00,2.020981162786483765e-01,-3.617365956306457520e-01,1.972219944000244141e+00,1.614429950714111328e+00,1.614429950714111328e+00
4.387524351477622986e-02,-3.699655234813690186e-01,8.479416370391845703e-01,-8.982903510332107544e-02,-1.006809547543525696e-01,6.445765495300292969e-01,7.525391578674316406e-01,-3.843746483325958252e-01,5.491236448287963867e-01,-3.680216148495674133e-02,9.037298560142517090e-01,-1.832919418811798096e-01,-2.617999911308288574e-01,-3.717485070228576660e-01,-3.013413026928901672e-02,-1.510570049285888672e-01,6.976841092109680176e-01,1.805311590433120728e-01,2.617999911308288574e-01,6.532600522041320801e-01,-4.640763401985168457e-01,4.421399533748626709e-01,1.149000048637390137e+00,-6.000000238418579102e-01,2.922217249870300293e-01,1.700000047683715820e+00,-7.343052029609680176e-01,2.663965821266174316e-01,3.400272130966186523e-01,-1.398870587348937988e+00,-1.337567210197448730e+00,1.319968253374099731e-01,-2.548950016498565674e-01,1.972219944000244141e+00,1.614429950714111328e+00,1.614429950714111328e+00
4.789444804191589355e-02,-3.700053095817565918e-01,8.364260196685791016e-01,-9.302496165037155151e-02,-9.814831614494323730e-02,6.688592433929443359e-01,7.309859991073608398e-01,-4.235208034515380859e-01,5.543377995491027832e-01,-3.643183410167694092e-02,8.923847079277038574e-01,-1.649748980998992920e-01,-2.617999911308288574e-01,-3.679813444614410400e-01,-1.849032752215862274e-02,-1.167158633470535278e-01,6.525195240974426270e-01,1.960764229297637939e-01,2.617999911308288574e-01,6.096569299697875977e-01,-4.589712023735046387e-01,4.409697055816650391e-01,1.149000048637390137e+00,-6.000000238418579102e-01,1.977396756410598755e-01,1.700000047683715820e+00,-6.484354734420776367e-01,2.867703735828399658e-01,3.315445780754089355e-01,-1.338069081306457520e+00,-1.367630958557128906e+00,6.566438823938369751e-02,-1.733734160661697388e-01,1.972219944000244141e+00,1.614429950714111328e+00,1.614429950714111328e+00
5.262422189116477966e-02,-3.663358688354492188e-01,8.097994327545166016e-01,-9.369414299726486206e-02,-9.809689223766326904e-02,6.932929754257202148e-01,7.077734470367431641e-01,-4.672720730304718018e-01,5.618158578872680664e-01,-4.486152157187461853e-02,9.257071614265441895e-01,-1.506068110466003418e-01,-2.617999911308288574e-01,-3.663190901279449463e-01,4.052974691148847342e-04,-7.096117734909057617e-02,6.438986659049987793e-01,2.065014988183975220e-01,2.617999911308288574e-01,5.475572347640991211e-01,-4.530433714389801025e-01,4.426455795764923096e-01,1.149000048637390137e+00,-6.000000238418579102e-01,7.245873659849166870e-02,1.700000047683715820e+00,-5.344333052635192871e-01,2.474495619535446167e-01,3.180526793003082275e-01,-1.252268314361572266e+00,-1.419251680374145508e+00,5.368773054215125740e-05,-1.438044309616088867e-01,1.972219944000244141e+00,1.614429950714111328e+00,1.614429950714111328e+00
5.886901915073394775e-02,-3.623844385147094727e-01,7.691965103149414062e-01,-9.603037685155868530e-02,-9.546254575252532959e-02,7.143447399139404297e-01,6.865687966346740723e-01,-5.339487195014953613e-01,5.862365365028381348e-01,-7.875753194093704224e-02,9.782038927078247070e-01,-2.027644962072372437e-01,-2.617999911308288574e-01,-3.802006244659423828e-01,3.605625778436660767e-02,6.763029377907514572e-03,6.675890684127807617e-01,1.551647484302520752e-01,2.549462020397186279e-01,4.817635118961334229e-01,-4.468709528446197510e-01,4.453617632389068604e-01,1.149000048637390137e+00,-6.000000238418579102e-01,-4.791538417339324951e-02,1.700000047683715820e+00,-4.502675831317901611e-01,2.059714645147323608e-01,3.087069988250732422e-01,-1.148721218109130859e+00,-1.446898698806762695e+00,-6.030684337019920349e-02,-1.439061313867568970e-01,1.972219944000244141e+00,1.614429950714111328e+00,1.614429950714111328e+00
6.761731207370758057e-02,-3.561073243618011475e-01,7.161935567855834961e-01,-1.159319058060646057e-01,-9.542114287614822388e-02,7.228656411170959473e-01,6.744775176048278809e-01,-6.532603502273559570e-01,6.618160605430603027e-01,-1.425255239009857178e-01,1.089373707771301270e+00,-3.724394142627716064e-01,-2.460406571626663208e-01,-4.398985803127288818e-01,1.007268354296684265e-01,4.195536300539970398e-02,7.594945430755615234e-01,-3.395823389291763306e-02,1.917911171913146973e-01,4.093319475650787354e-01,-4.430891275405883789e-01,4.503071010112762451e-01,1.149000048637390137e+00,-6.000000238418579102e-01,-2.380098849534988403e-01,1.700000047683715820e+00,-3.773891031742095947e-01,1.250893920660018921e-01,2.519235610961914062e-01,-9.923307299613952637e-01,-1.418346047401428223e+00,-2.007815539836883545e-01,-1.521834284067153931e-01,1.972219944000244141e+00,1.614429950714111328e+00,1.614429950714111328e+00
6.955035775899887085e-02,-3.506691753864288330e-01,6.631392240524291992e-01,-1.420663148164749146e-01,-1.002853512763977051e-01,7.179093956947326660e-01,6.740668416023254395e-01,-7.919610738754272461e-01,7.605150341987609863e-01,-2.031067162752151489e-01,1.218749284744262695e+00,-5.677973628044128418e-01,-1.766843497753143311e-01,-5.449816584587097168e-01,1.510834246873855591e-01,5.846343468874692917e-03,9.168390631675720215e-01,-2.648507654666900635e-01,1.042810454964637756e-01,3.596263527870178223e-01,-4.450784027576446533e-01,4.612288177013397217e-01,1.149000048637390137e+00,-6.000000238418579102e-01,-4.403679370880126953e-01,1.700000047683715820e+00,-3.593512773513793945e-01,4.422819986939430237e-02,1.499178409576416016e-01,-8.172457814216613770e-01,-1.292191624641418457e+00,-3.819328844547271729e-01,-1.727371364831924438e-01,1.972219944000244141e+00,1.614429950714111328e+00,1.614429950714111328e+00
6.998316943645477295e-02,-3.444055616855621338e-01,6.179316043853759766e-01,-1.693738400936126709e-01,-1.032171472907066345e-01,7.036320567131042480e-01,6.823199987411499023e-01,-9.463104605674743652e-01,8.481506705284118652e-01,-2.855700552463531494e-01,1.361749291419982910e+00,-7.457400560379028320e-01,-1.208152249455451965e-01,-6.882222890853881836e-01,1.912461370229721069e-01,-3.980319201946258545e-02,1.097354173660278320e+00,-4.717825949192047119e-01,2.744865231215953827e-02,3.293257355690002441e-01,-4.523042440414428711e-01,4.713068604469299316e-01,1.149000048637390137e+00,-6.000000238418579102e-01,-6.423154473304748535e-01,1.699815273284912109e+00,-3.808645606040954590e-01,-4.381328821182250977e-02,5.977570638060569763e-02,-6.439560651779174805e-01,-1.105424642562866211e+00,-5.643048286437988281e-01,-2.637116014957427979e-01,1.972219944000244141e+00,1.614429950714111328e+00,1.614429950714111328e+00
7.155015319585800171e-02,-3.392677605152130127e-01,5.832858681678771973e-01,-1.927489191293716431e-01,-9.713262319564819336e-02,6.932261586189270020e-01,6.876413226127624512e-01,-1.121492385864257812e+00,8.930512070655822754e-01,-3.765281736850738525e-01,1.488880276679992676e+00,-8.485156893730163574e-01,-7.892568409442901611e-02,-8.408808708190917969e-01,2.188612818717956543e-01,-6.288158148527145386e-02,1.270747303962707520e+00,-5.983766913414001465e-01,-1.846186816692352295e-02,2.917458415031433105e-01,-4.602585136890411377e-01,4.772080481052398682e-01,1.149000048637390137e+00,-6.000000238418579102e-01,-8.170434236526489258e-01,1.682148694992065430e+00,-4.221985042095184326e-01,-1.092155501246452332e-01,5.798410158604383469e-03,-5.268021821975708008e-01,-9.348229169845581055e-01,-7.075939774513244629e-01,-4.216601550579071045e-01,1.972219944000244141e+00,1.614429950714111328e+00,1.614429950714111328e+00
7.503881305456161499e-02,-3.386227488517761230e-01,5.594078302383422852e-01,-2.140529453754425049e-01,-7.833271473646163940e-02,6.890673041343688965e-01,6.879183053970336914e-01,-1.306164503097534180e+00,8.759170174598693848e-01,-4.656996726989746094e-01,1.583465695381164551e+00,-8.726699948310852051e-01,-3.685126081109046936e-02,-9.870043992996215820e-01,2.156623899936676025e-01,-7.404432445764541626e-02,1.412666320800781250e+00,-6.426759362220764160e-01,-4.285372048616409302e-02,2.082518488168716431e-01,-4.665894210338592529e-01,4.784052968025207520e-01,1.149000048637390137e+00,-6.000000238418579102e-01,-9.841235280036926270e-01,1.681788563728332520e+00,-4.535479247570037842e-01,-1.430185139179229736e-01,-1.037740241736173630e-02,-5.083624124526977539e-01,-7.984944581985473633e-01,-7.796347737312316895e-01,-6.076413989067077637e-01,1.972219944000244141e+00,1.614429950714111328e+00,1.614429950714111328e+00
7.552301138639450073e-02,-3.386891782283782959e-01,5.442376732826232910e-01,-2.427932769060134888e-01,-4.394958913326263428e-02,6.905967593193054199e-01,6.798499226570129395e-01,-1.468089938163757324e+00,8.032150864601135254e-01,-5.136333703994750977e-01,1.651862382888793945e+00,-8.726699948310852051e-01,-5.963311530649662018e-03,-1.123944759368896484e+00,1.740739494562149048e-01,-8.199677616357803345e-02,1.492555379867553711e+00,-6.701365113258361816e-01,-5.467700585722923279e-02,8.776891976594924927e-02,-4.677076637744903564e-01,4.721804559230804443e-01,1.149000048637390137e+00,-5.907773375511169434e-01,-1.114059925079345703e+00,1.667999029159545898e+00,-5.013611316680908203e-01,-1.550184786319732666e-01,-2.582157403230667114e-02,-5.791843533515930176e-01,-7.048538327217102051e-01,-8.120806217193603516e-01,-7.729163765907287598e-01,1.972219944000244141e+00,1.614429950714111328e+00,1.614429950714111328e+00
7.320707291364669800e-02,-3.344033062458038330e-01,5.424520373344421387e-01,-2.763957083225250244e-01,5.557394586503505707e-03,6.974177956581115723e-01,6.611980795860290527e-01,-1.570000052452087402e+00,7.190982699394226074e-01,-4.718848466873168945e-01,1.677239775657653809e+00,-8.726699948310852051e-01,2.453817613422870636e-02,-1.243596196174621582e+00,9.961635619401931763e-02,-8.071401715278625488e-02,1.514293074607849121e+00,-6.728633642196655273e-01,-4.461107403039932251e-02,-4.164932668209075928e-02,-4.603431522846221924e-01,4.694426953792572021e-01,1.149000048637390137e+00,-4.576515257358551025e-01,-1.240970015525817871e+00,1.617305755615234375e+00,-5.636956095695495605e-01,-1.532969027757644653e-01,-6.549467146396636963e-02,-7.105174064636230469e-01,-6.518951058387756348e-01,-8.298810124397277832e-01,-9.055178165435791016e-01,1.972219944000244141e+00,1.614429950714111328e+00,1.614429950714111328e+00
6.907388567924499512e-02,-3.253315687179565430e-01,5.581021308898925781e-01,-2.978086471557617188e-01,7.329323142766952515e-02,6.988634467124938965e-01,6.461640596389770508e-01,-1.570000052452087402e+00,6.633663177490234375e-01,-3.139613270759582520e-01,1.620586872100830078e+00,-8.403605818748474121e-01,5.638611316680908203e-02,-1.339212298393249512e+00,1.981603540480136871e-02,-3.055866248905658722e-02,1.480895042419433594e+00,-6.403862833976745605e-01,-1.975114084780216217e-02,-1.602984070777893066e-01,-4.509494006633758545e-01,4.688198268413543701e-01,1.149000048637390137e+00,-2.074684351682662964e-01,-1.399940252304077148e+00,1.503272652626037598e+00,-6.660467982292175293e-01,-1.219828128814697266e-01,-1.599963456392288208e-01,-8.914814591407775879e-01,-6.463315486907958984e-01,-7.969536781311035156e-01,-1.026246905326843262e+00,1.972219944000244141e+00,1.614429950714111328e+00,1.614429950714111328e+00
6.235052272677421570e-02,-3.146925866603851318e-01,5.853573083877563477e-01,-3.141971230506896973e-01,1.537050008773803711e-01,6.885709762573242188e-01,6.352361440658569336e-01,-1.558444976806640625e+00,6.116170287132263184e-01,-1.187104955315589905e-01,1.509571671485900879e+00,-7.648534178733825684e-01,8.651812374591827393e-02,-1.431935191154479980e+00,-6.378005445003509521e-02,3.681459277868270874e-02,1.392570853233337402e+00,-5.814250111579895020e-01,9.155592881143093109e-03,-2.204972207546234131e-01,-4.481266140937805176e-01,4.620605409145355225e-01,1.149000048637390137e+00,1.102686747908592224e-01,-1.399999976158142090e+00,1.373137354850769043e+00,-7.703620195388793945e-01,-2.517364919185638428e-02,-2.955292761325836182e-01,-1.142567992210388184e+00,-6.798016428947448730e-01,-6.968885660171508789e-01,-1.047199964523315430e+00,1.972219944000244141e+00,1.614429950714111328e+00,1.614429950714111328e+00
5.778423324227333069e-02,-3.150830268859863281e-01,6.230602264404296875e-01,-3.203095197677612305e-01,2.312545329332351685e-01,6.695573925971984863e-01,6.289801597595214844e-01,-1.540585041046142578e+00,5.273333787918090820e-01,4.144100472331047058e-02,1.338485956192016602e+00,-6.359102129936218262e-01,1.002322435379028320e-01,-1.510401606559753418e+00,-1.331333965063095093e-01,9.748859703540802002e-02,1.258188605308532715e+00,-4.633583128452301025e-01,5.142800137400627136e-02,-2.221511304378509521e-01,-4.365514218807220459e-01,4.545165896415710449e-01,1.149000048637390137e+00,4.212931692600250244e-01,-1.399999976158142090e+00,1.307110309600830078e+00,-8.302914500236511230e-01,1.293201297521591187e-01,-4.274904131889343262e-01,-1.430094480514526367e+00,-7.354794144630432129e-01,-5.290476083755493164e-01,-1.047199964523315430e+00,1.972219944000244141e+00,1.614429950714111328e+00,1.614429950714111328e+00
5.212203040719032288e-02,-3.145546913146972656e-01,6.660661697387695312e-01,-3.316057920455932617e-01,2.843174040317535400e-01,6.611614227294921875e-01,6.099727749824523926e-01,-1.526054024696350098e+00,4.191811382770538330e-01,1.392420828342437744e-01,1.141329050064086914e+00,-4.466828703880310059e-01,6.885413825511932373e-02,-1.546162843704223633e+00,-1.835316866636276245e-01,1.118091046810150146e-01,1.124937295913696289e+00,-2.319839894771575928e-01,1.306043714284896851e-01,-1.544969677925109863e-01,-2.950492501258850098e-01,4.461191594600677490e-01,1.149000048637390137e+00,8.043372631072998047e-01,-1.399999976158142090e+00,1.296229481697082520e+00,-7.852917313575744629e-01,2.613435685634613037e-01,-5.258119702339172363e-01,-1.726408481597900391e+00,-7.613881826400756836e-01,-2.485401183366775513e-01,-1.047199964523315430e+00,1.972219944000244141e+00,1.614429950714111328e+00,1.614429950714111328e+00
4.648575559258460999e-02,-3.239725232124328613e-01,7.128231525421142578e-01,-3.261139094829559326e-01,2.935377657413482666e-01,6.728714704513549805e-01,5.955915451049804688e-01,-1.481495141983032227e+00,3.107349276542663574e-01,1.797732710838317871e-01,9.553439617156982422e-01,-2.350081205368041992e-01,1.723430678248405457e-02,-1.537590146064758301e+00,-2.159709632396697998e-01,7.907718420028686523e-02,1.047225356101989746e+00,-1.941545493900775909e-02,2.002818584442138672e-01,-1.345072127878665924e-02,9.580475278198719025e-03,4.246342480182647705e-01,1.149000048637390137e+00,1.305902361869812012e+00,-1.399999976158142090e+00,1.279504179954528809e+00,-6.714379191398620605e-01,2.865669429302215576e-01,-5.654081106185913086e-01,-1.948943018913269043e+00,-7.800737023353576660e-01,1.908109486103057861e-01,-1.047199964523315430e+00,1.972219944000244141e+00,1.614429950714111328e+00,1.614429950714111328e+00
4.516228660941123962e-02,-3.420232832431793213e-01,7.597161531448364258e-01,-2.816284894943237305e-01,2.504715919494628906e-01,7.095001339912414551e-01,5.954484939575195312e-01,-1.309526443481445312e+00,2.088525295257568359e-01,1.864439845085144043e-01,8.346964120864868164e-01,-8.559364080429077148e-02,-2.361032180488109589e-02,-1.411322116851806641e+00,-2.234671115875244141e-01,2.810948155820369720e-02,1.036754131317138672e+00,1.017360091209411621e-01,2.348823845386505127e-01,1.204502210021018982e-01,3.964177966117858887e-01,4.025874137878417969e-01,1.149000048637390137e+00,1.915190815925598145e+00,-1.399999976158142090e+00,1.167858242988586426e+00,-5.439413189888000488e-01,1.629769951105117798e-01,-5.651019811630249023e-01,-2.070960283279418945e+00,-7.474166750907897949e-01,7.980692386627197266e-01,-1.047199964523315430e+00,1.972219944000244141e+00,1.614429950714111328e+00,1.614429950714111328e+00
4.682011529803276062e-02,-3.523631691932678223e-01,7.945045828819274902e-01,-2.043914496898651123e-01,2.315013259649276733e-01,7.235498428344726562e-01,6.173385381698608398e-01,-1.067941069602966309e+00,9.173841029405593872e-02,2.610342800617218018e-01,7.583689093589782715e-01,-1.599166356027126312e-02,-5.834119394421577454e-02,-1.290249586105346680e+00,-1.722766458988189697e-01,7.662168890237808228e-02,1.042838096618652344e+00,1.383119374513626099e-01,2.393697798252105713e-01,1.020822152495384216e-01,4.986886382102966309e-01,4.080300927162170410e-01,1.149000048637390137e+00,2.251499891281127930e+00,-1.399999976158142090e+00,1.005295157432556152e+00,-4.743980467319488525e-01,2.740607224404811859e-02,-5.754832029342651367e-01,-1.992488265037536621e+00,-6.686261892318725586e-01,1.289936304092407227e+00,-1.045545220375061035e+00,1.972219944000244141e+00,1.614429950714111328e+00,1.614429950714111328e+00
4.662296548485755920e-02,-3.587714731693267822e-01,8.121872544288635254e-01,-1.516009867191314697e-01,2.319288402795791626e-01,7.295778989791870117e-01,6.252537965774536133e-01,-9.008327126502990723e-01,-3.440230339765548706e-02,3.451387286186218262e-01,6.647284626960754395e-01,1.488820649683475494e-02,-6.378617137670516968e-02,-1.226996183395385742e+00,-1.517097204923629761e-01,1.032901331782341003e-01,1.058166027069091797e+00,1.254147291183471680e-01,2.531155347824096680e-01,2.161720022559165955e-02,4.896968603134155273e-01,4.189589917659759521e-01,1.149000048637390137e+00,2.251499891281127930e+00,-1.399999976158142090e+00,9.841114878654479980e-01,-4.305454194545745850e-01,4.109667614102363586e-03,-6.279501318931579590e-01,-1.864072442054748535e+00,-5.941631793975830078e-01,1.399999976158142090e+00,-1.039938926696777344e+00,1.972219944000244141e+00,1.614429950714111328e+00,1.614429950714111328e+00
4.618422687053680420e-02,-3.639507591724395752e-01,8.166017532348632812e-01,-1.089641302824020386e-01,2.102348506450653076e-01,7.453554272651672363e-01,6.231961250305175781e-01,-7.574721574783325195e-01,-1.443538218736648560e-01,3.487260639667510986e-01,5.940798521041870117e-01,4.666675999760627747e-02,-7.002805918455123901e-02,-1.135293841361999512e+00,-1.558127403259277344e-01,8.348083496093750000e-02,1.086859107017517090e+00,9.318975359201431274e-02,2.525199651718139648e-01,-3.595608100295066833e-02,4.832842648029327393e-01,4.256561100482940674e-01,1.149000048637390137e+00,2.251499891281127930e+00,-1.399999976158142090e+00,1.010739445686340332e+00,-4.185951948165893555e-01,1.316990423947572708e-02,-6.690910458564758301e-01,-1.724305629730224609e+00,-5.408367514610290527e-01,1.399999976158142090e+00,-1.004093408584594727e+00,1.972219944000244141e+00,1.614429950714111328e+00,1.614429950714111328e+00
4.883660376071929932e-02,-3.638969659805297852e-01,8.075067400932312012e-01,-6.644061207771301270e-02,1.900750547647476196e-01,7.661719322204589844e-01,6.102766990661621094e-01,-6.244077086448669434e-01,-2.405202388763427734e-01,3.082864880561828613e-01,5.571109652519226074e-01,7.253983616828918457e-02,-6.592746078968048096e-02,-1.032588362693786621e+00,-1.708430349826812744e-01,8.630312979221343994e-02,1.119504928588867188e+00,7.890780270099639893e-02,2.615857720375061035e-01,-6.115175411105155945e-02,4.793826043605804443e-01,4.312152564525604248e-01,1.149000048637390137e+00,2.251499891281127930e+00,-1.399999976158142090e+00,1.036504864692687988e+00,-4.228622913360595703e-01,2.782138623297214508e-02,-7.029435634613037109e-01,-1.604780912399291992e+00,-5.102569460868835449e-01,1.399999976158142090e+00,-9.459238648414611816e-01,1.972219944000244141e+00,1.614429950714111328e+00,1.614429950714111328e+00
5.007429420948028564e-02,-3.614972233772277832e-01,7.863205671310424805e-01,-3.026326186954975128e-02,1.724131405353546143e-01,7.867588996887207031e-01,5.919191837310791016e-01,-5.082000494003295898e-01,-3.141130506992340088e-01,2.463072836399078369e-01,5.420054793357849121e-01,5.734335258603096008e-02,-3.236151486635208130e-02,-9.487348794937133789e-01,-1.940180659294128418e-01,1.093189194798469543e-01,1.181407451629638672e+00,4.447932541370391846e-02,2.617373764514923096e-01,-5.664499849081039429e-02,4.739924669265747070e-01,4.236220419406890869e-01,1.149000048637390137e+00,2.251499891281127930e+00,-1.399999976158142090e+00,1.066481709480285645e+00,-4.237775802612304688e-01,3.983902186155319214e-02,-7.353926897048950195e-01,-1.495075941085815430e+00,-5.097759366035461426e-01,1.399999976158142090e+00,-8.697785735130310059e-01,1.972219944000244141e+00,1.614429950714111328e+00,1.614429950714111328e+00
4.936903342604637146e-02,-3.603171110153198242e-01,7.562633752822875977e-01,-5.553012248128652573e-03,1.628096103668212891e-01,7.994064092636108398e-01,5.782833695411682129e-01,-4.254980683326721191e-01,-3.728764057159423828e-01,1.859966814517974854e-01,5.381773710250854492e-01,-5.132731422781944275e-02,3.567255660891532898e-02,-9.011612534523010254e-01,-2.223009914159774780e-01,1.325999796390533447e-01,1.244265675544738770e+00,-4.215853661298751831e-02,2.398526519536972046e-01,-3.876855969429016113e-02,4.689554274082183838e-01,4.008371829986572266e-01,1.149000048637390137e+00,2.251499891281127930e+00,-1.399999976158142090e+00,1.096472144126892090e+00,-4.262269735336303711e-01,5.240380764007568359e-02,-7.568943500518798828e-01,-1.397430896759033203e+00,-5.296380519866943359e-01,1.399999976158142090e+00,-7.940950989723205566e-01,1.972219944000244141e+00,1.614429950714111328e+00,1.614429950714111328e+00
4.763479530811309814e-02,-3.588241934776306152e-01,7.239904999732971191e-01,1.895131170749664307e-02,1.617383658885955811e-01,8.072959780693054199e-01,5.672342777252197266e-01,-3.623686730861663818e-01,-4.322488307952880859e-01,1.474343538284301758e-01,5.521373152732849121e-01,-2.237999439239501953e-01,1.190892755985260010e-01,-8.693376183509826660e-01,-2.745425701141357422e-01,1.527068912982940674e-01,1.320767998695373535e+00,-1.851630508899688721e-01,1.984335482120513916e-01,-3.668174846097826958e-03,4.636552333831787109e-01,3.827390074729919434e-01,1.149000048637390137e+00,2.251499891281127930e+00,-1.399999976158142090e+00,1.133282542228698730e+00,-4.301428496837615967e-01,7.602529972791671753e-02,-7.786831259727478027e-01,-1.304242491722106934e+00,-5.696989297866821289e-01,1.399999976158142090e+00,-7.070735692977905273e-01,1.972219944000244141e+00,1.614429950714111328e+00,1.614429950714111328e+00
4.429855570197105408e-02,-3.555410206317901611e-01,6.961891651153564453e-01,4.378510266542434692e-02,1.607733219861984253e-01,8.138634562492370605e-01,5.566516518592834473e-01,-3.240600526332855225e-01,-4.774786531925201416e-01,1.384113132953643799e-01,5.951176881790161133e-01,-3.679722249507904053e-01,1.793299615383148193e-01,-8.481504917144775391e-01,-3.268465101718902588e-01,1.679165959358215332e-01,1.396972894668579102e+00,-3.219313323497772217e-01,1.543752104043960571e-01,2.746370993554592133e-02,4.580149650573730469e-01,3.710291385650634766e-01,1.149000048637390137e+00,2.251499891281127930e+00,-1.399999976158142090e+00,1.173032164573669434e+00,-4.304227530956268311e-01,1.013911366462707520e-01,-8.023528456687927246e-01,-1.222061872482299805e+00,-6.171427965164184570e-01,1.399999976158142090e+00,-6.235372424125671387e-01,1.972219944000244141e+00,1.614429950714111328e+00,1.614429950714111328e+00
4.241758212447166443e-02,-3.544048666954040527e-01,6.791806221008300781e-01,6.276757270097732544e-02,1.585304737091064453e-01,8.178390860557556152e-01,5.496066808700561523e-01,-3.102666437625885010e-01,-5.061665177345275879e-01,1.327323168516159058e-01,6.445621252059936523e-01,-4.594559967517852783e-01,2.099250853061676025e-01,-8.278061747550964355e-01,-3.558571338653564453e-01,1.793187260627746582e-01,1.444450378417968750e+00,-4.428015053272247314e-01,1.090437844395637512e-01,5.475672334432601929e-02,4.549292922019958496e-01,3.625567853450775146e-01,1.149000048637390137e+00,2.251499891281127930e+00,-1.399999976158142090e+00,1.199119091033935547e+00,-4.181735813617706299e-01,1.125499308109283447e-01,-8.246676325798034668e-01,-1.166540145874023438e+00,-6.563934087753295898e-01,1.399999976158142090e+00,-5.554585456848144531e-01,1.972219944000244141e+00,1.614429950714111328e+00,1.614429950714111328e+00
4.494464769959449768e-02,-3.488349318504333496e-01,6.705911159515380859e-01,6.936182081699371338e-02,1.565483659505844116e-01,8.234752416610717773e-01,5.408974885940551758e-01,-3.075909912586212158e-01,-5.134887695312500000e-01,1.233877390623092651e-01,6.954615712165832520e-01,-5.198956131935119629e-01,2.294224053621292114e-01,-8.030574321746826172e-01,-3.499554097652435303e-01,1.861563920974731445e-01,1.466822743415832520e+00,-5.246457457542419434e-01,8.040802180767059326e-02,6.674966961145401001e-02,4.538492262363433838e-01,3.646368980407714844e-01,1.149000048637390137e+00,2.251499891281127930e+00,-1.399999976158142090e+00,1.216798663139343262e+00,-3.911288976669311523e-01,1.098073571920394897e-01,-8.391183018684387207e-01,-1.125895857810974121e+00,-6.922072172164916992e-01,1.399999976158142090e+00,-5.014079213142395020e-01,1.972219944000244141e+00,1.614429950714111328e+00,1.614429950714111328e+00
