1.385766314342617989e-03,-1.306304149329662323e-02,6.646709442138671875e-01,4.000443220138549805e-02,-7.447515428066253662e-02,6.688514947891235352e-01,7.385734319686889648e-01,-1.440522074699401855e-01,3.883292078971862793e-01,-1.434097886085510254e-01,1.169629812240600586e+00,-7.378482818603515625e-01,-8.966740965843200684e-02,-4.238325953483581543e-01,-2.570881545543670654e-01,1.544356942176818848e-01,1.285521984100341797e+00,-6.673470139503479004e-01,1.510725915431976318e-01,1.461752969771623611e-02,7.779104262590408325e-02,1.287177950143814087e-01,-3.971470892429351807e-01,1.917024016380310059e+00,5.788041353225708008e-01,-1.509790569543838501e-01,1.150573566555976868e-01,-2.236056327819824219e-01,7.768628001213073730e-01,-1.183050870895385742e+00,-1.708851814270019531e+00,-2.944392897188663483e-02,-3.707997798919677734e-01,-7.059428840875625610e-02,-2.475403398275375366e-01,-6.927268505096435547e-01
1.798006240278482437e-03,-2.363885752856731415e-02,6.646031737327575684e-01,1.769882999360561371e-02,-4.015291854739189148e-02,6.606446504592895508e-01,7.494152188301086426e-01,-2.592498064041137695e-01,3.391338586807250977e-01,-1.845615506172180176e-01,1.205230236053466797e+00,-7.124552130699157715e-01,-5.806434154510498047e-02,-5.514302253723144531e-01,-2.883422970771789551e-01,1.238245069980621338e-01,1.318306565284729004e+00,-6.717371344566345215e-01,1.526326537132263184e-01,1.228049118071794510e-02,3.952278569340705872e-02,7.260132580995559692e-02,-3.738753199577331543e-01,1.918554782867431641e+00,5.901285409927368164e-01,-8.904252201318740845e-02,1.172479242086410522e-01,-3.053414821624755859e-01,8.347179889678955078e-01,-1.225905656814575195e+00,-1.659063220024108887e+00,2.585131675004959106e-02,-3.406040966510772705e-01,-9.237099438905715942e-02,-3.139732182025909424e-01,-7.614878416061401367e-01
7.938501425087451935e-03,-2.640324644744396210e-02,6.665526032447814941e-01,1.289428398013114929e-02,-2.770307101309299469e-02,6.503770351409912109e-01,7.589966654777526855e-01,-2.795673012733459473e-01,3.173009455204010010e-01,-2.077695280313491821e-01,1.214396357536315918e+00,-6.851567625999450684e-01,-5.149981006979942322e-02,-5.878143906593322754e-01,-2.894485890865325928e-01,1.095060631632804871e-01,1.329006552696228027e+00,-6.976801753044128418e-01,1.430800557136535645e-01,3.789927065372467041e-02,3.583269193768501282e-02,4.755777120590209961e-02,-3.493276238441467285e-01,1.824676990509033203e+00,5.714216828346252441e-01,-1.016588881611824036e-01,1.436722576618194580e-01,-3.462186455726623535e-01,8.151208162307739258e-01,-1.202998399734497070e+00,-1.618467450141906738e+00,5.941624939441680908e-02,-3.449692726135253906e-01,-1.118756607174873352e-01,-3.400822579860687256e-01,-7.427147030830383301e-01
1.324186008423566818e-02,-2.540573105216026306e-02,6.737078428268432617e-01,8.944154717028141022e-03,-2.288513630628585815e-02,6.436216831207275391e-01,7.649492621421813965e-01,-2.774067819118499756e-01,3.120366036891937256e-01,-2.217122465372085571e-01,1.199326038360595703e+00,-6.525378823280334473e-01,-5.058096721768379211e-02,-5.881243944168090820e-01,-2.820793688297271729e-01,8.938955515623092651e-02,1.313412308692932129e+00,-6.958826184272766113e-01,1.353440880775451660e-01,5.768645182251930237e-02,4.167634993791580200e-02,3.622635081410408020e-02,-3.271097838878631592e-01,1.703318238258361816e+00,5.559949874877929688e-01,-1.374546140432357788e-01,1.907488405704498291e-01,-3.575736880302429199e-01,8.086957335472106934e-01,-1.135111689567565918e+00,-1.587042093276977539e+00,5.456987395882606506e-02,-3.539215326309204102e-01,-1.352001726627349854e-01,-3.424365818500518799e-01,-7.248784899711608887e-01
1.804491691291332245e-02,-2.428618632256984711e-02,6.864022612571716309e-01,7.463315501809120178e-03,-2.077485062181949615e-02,6.428710222244262695e-01,7.656562924385070801e-01,-2.655378282070159912e-01,3.196389973163604736e-01,-2.161701917648315430e-01,1.159067273139953613e+00,-6.266160607337951660e-01,-5.095399916172027588e-02,-5.573541522026062012e-01,-2.820672392845153809e-01,5.803424119949340820e-02,1.267122387886047363e+00,-6.827670931816101074e-01,1.192748099565505981e-01,7.620228826999664307e-02,4.017230868339538574e-02,3.821874409914016724e-02,-2.757655084133148193e-01,1.566453337669372559e+00,5.729060173034667969e-01,-1.765016317367553711e-01,2.372477650642395020e-01,-3.458652794361114502e-01,7.927972674369812012e-01,-1.003139257431030273e+00,-1.549214005470275879e+00,-1.009715348482131958e-02,-3.550640940666198730e-01,-1.537549346685409546e-01,-3.305169939994812012e-01,-7.072844505310058594e-01
2.185828611254692078e-02,-2.334566786885261536e-02,7.039523124694824219e-01,8.598933927714824677e-03,-2.130846306681632996e-02,6.487820744514465332e-01,7.606272697448730469e-01,-2.387501746416091919e-01,3.384781777858734131e-01,-2.034765183925628662e-01,1.096204757690429688e+00,-5.961333513259887695e-01,-5.464638024568557739e-02,-4.954637885093688965e-01,-2.817179560661315918e-01,2.049558982253074646e-02,1.195142030715942383e+00,-6.553203463554382324e-01,1.053216978907585144e-01,7.496503740549087524e-02,2.401004545390605927e-02,5.291172489523887634e-02,-1.466098725795745850e-01,1.433037281036376953e+00,6.741226315498352051e-01,-2.406523227691650391e-01,2.501527369022369385e-01,-3.235931992530822754e-01,7.566151022911071777e-01,-7.322117686271667480e-01,-1.460043311119079590e+00,-2.186319231986999512e-01,-3.990778923034667969e-01,-1.550632864236831665e-01,-3.129567801952362061e-01,-6.590666770935058594e-01
2.419418469071388245e-02,-2.266975305974483490e-02,7.241356372833251953e-01,1.037048269063234329e-02,-1.677729934453964233e-02,6.631720066070556641e-01,7.482070922851562500e-01,-2.323789894580841064e-01,3.606504797935485840e-01,-1.763814091682434082e-01,1.025580763816833496e+00,-5.104248523712158203e-01,-7.137837260961532593e-02,-4.257746040821075439e-01,-2.830299139022827148e-01,-1.494088862091302872e-02,1.103999495506286621e+00,-6.090518832206726074e-01,1.020266786217689514e-01,6.344220787286758423e-02,-1.278504636138677597e-02,6.349174678325653076e-02,-5.515720322728157043e-02,1.318718910217285156e+00,7.589873671531677246e-01,-2.861802279949188232e-01,2.498599290847778320e-01,-2.953730523586273193e-01,7.196074724197387695e-01,-4.458409547805786133e-01,-1.329772114753723145e+00,-4.567398130893707275e-01,-4.660978615283966064e-01,-1.555726379156112671e-01,-2.863676249980926514e-01,-6.010507345199584961e-01
2.431145496666431427e-02,-2.283647470176219940e-02,7.431057095527648926e-01,1.412176620215177536e-02,-1.115101482719182968e-02,6.873987913131713867e-01,7.260572314262390137e-01,-2.503860890865325928e-01,3.816871345043182373e-01,-1.271596699953079224e-01,9.741334319114685059e-01,-4.040130674839019775e-01,-9.393882751464843750e-02,-3.594345152378082275e-01,-2.792216241359710693e-01,-3.509556502103805542e-02,1.005133986473083496e+00,-5.242069363594055176e-01,1.166166365146636963e-01,5.382604897022247314e-02,-4.187158867716789246e-02,6.695364415645599365e-02,-3.439878299832344055e-02,1.206981658935546875e+00,7.644618153572082520e-01,-3.102948665618896484e-01,2.346049249172210693e-01,-2.878303527832031250e-01,6.900036334991455078e-01,-2.253863066434860229e-01,-1.199167251586914062e+00,-6.208649873733520508e-01,-5.162836909294128418e-01,-1.531444191932678223e-01,-2.618570625782012939e-01,-5.651174783706665039e-01
2.266345918178558350e-02,-2.425750158727169037e-02,7.572258114814758301e-01,1.743656955659389496e-02,-7.375929504632949829e-03,7.154546380043029785e-01,6.984025835990905762e-01,-2.824088335037231445e-01,3.910917341709136963e-01,-7.890290766954421997e-02,9.554629325866699219e-01,-3.330955803394317627e-01,-1.078731194138526917e-01,-3.117695450782775879e-01,-2.708306610584259033e-01,-4.027062654495239258e-02,9.318829774856567383e-01,-4.464672803878784180e-01,1.260257810354232788e-01,4.377318918704986572e-02,-5.617199838161468506e-02,6.953749805688858032e-02,-3.570382297039031982e-02,1.085702300071716309e+00,7.260141968727111816e-01,-3.124225735664367676e-01,1.693251281976699829e-01,-3.002248704433441162e-01,6.418403387069702148e-01,-7.464435696601867676e-02,-1.058497667312622070e+00,-7.151226997375488281e-01,-5.371041297912597656e-01,-1.182001158595085144e-01,-2.480054795742034912e-01,-5.405350923538208008e-01
2.001466043293476105e-02,-2.638842351734638214e-02,7.650634646415710449e-01,1.745908893644809723e-02,-6.946154404431581497e-03,7.509706020355224609e-01,6.600682735443115234e-01,-3.379095792770385742e-01,3.852843642234802246e-01,-3.833349794149398804e-02,9.443626403808593750e-01,-3.060159981250762939e-01,-1.197244301438331604e-01,-2.871577441692352295e-01,-2.698897719383239746e-01,-5.185140669345855713e-02,8.998041749000549316e-01,-3.833423852920532227e-01,1.370460391044616699e-01,1.890085637569427490e-02,-5.224192142486572266e-02,7.106747478246688843e-02,-3.952766954898834229e-02,9.748944044113159180e-01,6.968605518341064453e-01,-2.960969805717468262e-01,9.389264881610870361e-02,-3.136547505855560303e-01,6.109277606010437012e-01,4.334307834506034851e-02,-9.112792015075683594e-01,-7.906955480575561523e-01,-5.271981954574584961e-01,-6.396745145320892334e-02,-2.442094087600708008e-01,-5.466362833976745605e-01
1.611365750432014465e-02,-2.830681204795837402e-02,7.657189965248107910e-01,1.184290554374456406e-02,-8.280694484710693359e-03,7.786832451820373535e-01,6.272507905960083008e-01,-3.929022550582885742e-01,3.782787024974822998e-01,1.715354993939399719e-02,9.703906178474426270e-01,-3.249351084232330322e-01,-1.158792227506637573e-01,-2.738901674747467041e-01,-2.811315357685089111e-01,-7.407525181770324707e-02,8.896602392196655273e-01,-3.774037063121795654e-01,1.296485811471939087e-01,-8.204022422432899475e-03,-3.570032119750976562e-02,7.142210006713867188e-02,-4.251961037516593933e-02,8.803724050521850586e-01,6.711193323135375977e-01,-2.779842317104339600e-01,-3.046958008781075478e-03,-3.369361460208892822e-01,5.806120634078979492e-01,9.981004148721694946e-02,-7.692945599555969238e-01,-8.158636093139648438e-01,-5.180234909057617188e-01,5.005874112248420715e-02,-2.710829675197601318e-01,-5.591450333595275879e-01
1.044499501585960388e-02,-2.912498638033866882e-02,7.606155276298522949e-01,2.759107388556003571e-03,-1.011402811855077744e-02,7.981949448585510254e-01,6.023080348968505859e-01,-4.322634935379028320e-01,3.675563633441925049e-01,6.839662790298461914e-02,1.012940645217895508e+00,-3.774745166301727295e-01,-9.701320528984069824e-02,-2.670028805732727051e-01,-3.001470565795898438e-01,-1.056156307458877563e-01,8.904010653495788574e-01,-4.115201532840728760e-01,1.192412599921226501e-01,-2.855677716434001923e-02,-1.363140810281038284e-02,7.189631462097167969e-02,-4.422975331544876099e-02,7.963597774505615234e-01,6.418101191520690918e-01,-2.299152463674545288e-01,-1.269547641277313232e-01,-3.676782846450805664e-01,5.557814836502075195e-01,1.212755888700485229e-01,-6.288810372352600098e-01,-8.111464977264404297e-01,-4.945709407329559326e-01,2.143318802118301392e-01,-3.231014311313629150e-01,-5.818092823028564453e-01
4.129684530198574066e-03,-2.880302444100379944e-02,7.518848180770874023e-01,-5.112710408866405487e-03,-1.285823248326778412e-02,8.122758269309997559e-01,5.831093192100524902e-01,-4.560063183307647705e-01,3.602192997932434082e-01,1.065552830696105957e-01,1.039283752441406250e+00,-4.339115619659423828e-01,-7.942835986614227295e-02,-2.611442804336547852e-01,-3.204961717128753662e-01,-1.384681761264801025e-01,8.948690295219421387e-01,-4.568763077259063721e-01,1.118560656905174255e-01,-4.413484781980514526e-02,8.495512418448925018e-03,7.596062123775482178e-02,-5.326994135975837708e-02,7.289683222770690918e-01,6.055675745010375977e-01,-1.570284366607666016e-01,-2.662664949893951416e-01,-4.000616073608398438e-01,5.390874147415161133e-01,1.182892546057701111e-01,-5.115354657173156738e-01,-7.876908779144287109e-01,-4.327307343482971191e-01,4.096942245960235596e-01,-3.897184729576110840e-01,-6.041183471679687500e-01
-1.761635183356702328e-03,-2.783264406025409698e-02,7.430567145347595215e-01,-9.287952445447444916e-03,-1.732739433646202087e-02,8.183071017265319824e-01,5.744449496269226074e-01,-4.539849758148193359e-01,3.613004684448242188e-01,1.396990716457366943e-01,1.043714284896850586e+00,-4.878649115562438965e-01,-5.610362440347671509e-02,-2.568105757236480713e-01,-3.395316898822784424e-01,-1.601030677556991577e-01,9.019083976745605469e-01,-4.838385581970214844e-01,1.177683696150779724e-01,-5.313494428992271423e-02,2.682522684335708618e-02,7.619082182645797729e-02,-6.458684802055358887e-02,6.753690838813781738e-01,5.741167664527893066e-01,-6.135268509387969971e-02,-4.184079170227050781e-01,-4.322181046009063721e-01,5.279107093811035156e-01,9.379975497722625732e-02,-4.221773743629455566e-01,-7.569304108619689941e-01,-3.575811982154846191e-01,5.875256657600402832e-01,-4.553698897361755371e-01,-6.203960776329040527e-01
-5.833168979734182358e-03,-2.699983306229114532e-02,7.379749417304992676e-01,-8.514600805938243866e-03,-2.101688832044601440e-02,8.201432228088378906e-01,5.717087388038635254e-01,-4.358837604522705078e-01,3.635363876819610596e-01,1.621375679969787598e-01,1.033891320228576660e+00,-5.298980474472045898e-01,-3.308331221342086792e-02,-2.553157210350036621e-01,-3.577595651149749756e-01,-1.697044521570205688e-01,9.132518172264099121e-01,-4.788059294223785400e-01,1.338385492563247681e-01,-5.390903353691101074e-02,4.071174934506416321e-02,7.836427539587020874e-02,-8.427445590496063232e-02,6.333239078521728516e-01,5.272353291511535645e-01,5.371408909559249878e-02,-5.577579140663146973e-01,-4.481281936168670654e-01,5.027186274528503418e-01,4.409852996468544006e-02,-3.479571044445037842e-01,-7.162222862243652344e-01,-2.665761411190032959e-01,7.590514421463012695e-01,-5.157741308212280273e-01,-6.240266561508178711e-01
-7.620749995112419128e-03,-2.691574208438396454e-02,7.390239834785461426e-01,-3.212382784113287926e-03,-2.045838721096515656e-02,8.170967102050781250e-01,5.761285424232482910e-01,-3.980661332607269287e-01,3.444581031799316406e-01,1.649937629699707031e-01,9.955588579177856445e-01,-5.452619791030883789e-01,-2.463172562420368195e-02,-2.581700682640075684e-01,-3.716829121112823486e-01,-1.588015556335449219e-01,9.191216230392456055e-01,-4.393118023872375488e-01,1.578117012977600098e-01,-4.355123266577720642e-02,4.100837558507919312e-02,8.433332294225692749e-02,-1.095316186547279358e-01,6.016184091567993164e-01,4.676260948181152344e-01,2.140149176120758057e-01,-6.666319966316223145e-01,-4.406809806823730469e-01,4.693984687328338623e-01,-3.266884014010429382e-03,-3.096828162670135498e-01,-6.656077504158020020e-01,-9.902501851320266724e-02,8.785977959632873535e-01,-5.482779145240783691e-01,-6.313843131065368652e-01
-7.405368145555257797e-03,-2.793899551033973694e-02,7.454428076744079590e-01,4.100262187421321869e-03,-1.628588512539863586e-02,8.056300282478332520e-01,5.921809077262878418e-01,-3.450630605220794678e-01,3.181777000427246094e-01,1.648797839879989624e-01,9.354664683341979980e-01,-5.157639980316162109e-01,-3.745764121413230896e-02,-2.632205486297607422e-01,-3.916289806365966797e-01,-1.600118577480316162e-01,9.072698354721069336e-01,-3.682441115379333496e-01,1.867482811212539673e-01,-1.635203883051872253e-02,2.847066707909107208e-02,7.351244986057281494e-02,-1.503098607063293457e-01,5.735450387001037598e-01,3.867807090282440186e-01,3.795741796493530273e-01,-7.462990880012512207e-01,-4.238513708114624023e-01,4.257483780384063721e-01,-7.490231096744537354e-02,-2.966255545616149902e-01,-5.938142538070678711e-01,8.913205564022064209e-02,9.849641919136047363e-01,-5.704558491706848145e-01,-6.329830884933471680e-01
-4.507311619818210602e-03,-3.000959008932113647e-02,7.547788023948669434e-01,1.661067456007003784e-02,-9.475396946072578430e-03,7.904908061027526855e-01,6.121753454208374023e-01,-2.763939201831817627e-01,2.927565872669219971e-01,1.647452712059020996e-01,8.597601056098937988e-01,-4.418544769287109375e-01,-7.111093401908874512e-02,-2.734851241111755371e-01,-4.107339382171630859e-01,-1.789985895156860352e-01,8.918171525001525879e-01,-3.006441593170166016e-01,2.078407257795333862e-01,2.449095621705055237e-02,3.379271656740456820e-04,6.209402903914451599e-02,-2.327378094196319580e-01,5.408571958541870117e-01,2.687635123729705811e-01,5.805420875549316406e-01,-7.940770983695983887e-01,-3.877929747104644775e-01,3.637852966785430908e-01,-1.845691353082656860e-01,-2.804493010044097900e-01,-4.772771000862121582e-01,3.206633329391479492e-01,1.115342497825622559e+00,-5.671742558479309082e-01,-5.945064425468444824e-01
1.400939305312931538e-03,-3.257316350936889648e-02,7.636258006095886230e-01,3.469384089112281799e-02,-4.653643816709518433e-03,7.724696397781372070e-01,6.340862512588500977e-01,-1.950453817844390869e-01,2.856930494308471680e-01,1.802296191453933716e-01,7.789790630340576172e-01,-3.310518860816955566e-01,-9.359271824359893799e-02,-2.817794978618621826e-01,-4.141475558280944824e-01,-1.820834726095199585e-01,8.710874915122985840e-01,-2.254129797220230103e-01,2.405453473329544067e-01,6.114992126822471619e-02,-4.315931349992752075e-02,5.209011584520339966e-02,-3.859631121158599854e-01,4.931230843067169189e-01,9.736969321966171265e-02,8.422123193740844727e-01,-7.639046907424926758e-01,-3.353098332881927490e-01,3.017969727516174316e-01,-3.501079976558685303e-01,-2.735657393932342529e-01,-2.998359501361846924e-01,6.528903245925903320e-01,1.210880160331726074e+00,-5.059450268745422363e-01,-5.265336036682128906e-01
9.683674201369285583e-03,-3.670490160584449768e-02,7.706765532493591309e-01,4.500766471028327942e-02,-6.039221771061420441e-03,7.494186162948608398e-01,6.605373024940490723e-01,-1.182154193520545959e-01,2.885404527187347412e-01,2.016347944736480713e-01,6.986379623413085938e-01,-2.290390729904174805e-01,-1.179751232266426086e-01,-3.074818849563598633e-01,-4.073806703090667725e-01,-1.976318508386611938e-01,8.547460436820983887e-01,-1.379018127918243408e-01,2.617999911308288574e-01,9.936057031154632568e-02,-7.756713032722473145e-02,5.535577982664108276e-02,-5.376248359680175781e-01,4.094271659851074219e-01,-7.729197293519973755e-02,1.075195908546447754e+00,-6.162604093551635742e-01,-2.659909129142761230e-01,2.556679248809814453e-01,-5.332038998603820801e-01,-2.612892687320709229e-01,-7.325454056262969971e-02,9.692041277885437012e-01,1.111603379249572754e+00,-3.693480193614959717e-01,-4.432157874107360840e-01
1.728270202875137329e-02,-4.146714136004447937e-02,7.738079428672790527e-01,6.165699288249015808e-02,1.045152894221246243e-03,7.246308922767639160e-01,6.863726377487182617e-01,-3.103287518024444580e-02,2.561465203762054443e-01,2.317122817039489746e-01,6.085667014122009277e-01,-1.643072813749313354e-01,-1.150307655334472656e-01,-3.602143824100494385e-01,-4.560779929161071777e-01,-2.292012572288513184e-01,8.853223919868469238e-01,-1.099064126610755920e-01,2.598322331905364990e-01,1.386012881994247437e-01,-1.298668831586837769e-01,6.155361607670783997e-02,-6.832315325736999512e-01,3.023630082607269287e-01,-2.268274128437042236e-01,1.286177039146423340e+00,-4.103055000305175781e-01,-1.934673637151718140e-01,1.787009984254837036e-01,-7.413718700408935547e-01,-2.263896018266677856e-01,2.562199532985687256e-01,1.258814573287963867e+00,7.843938469886779785e-01,-2.109265029430389404e-01,-2.725243568420410156e-01
2.700561098754405975e-02,-4.614401608705520630e-02,7.712917923927307129e-01,7.459757477045059204e-02,3.727472620084881783e-03,7.046464681625366211e-01,7.056164741516113281e-01,2.428703755140304565e-02,2.328416109085083008e-01,2.342296242713928223e-01,5.853481292724609375e-01,-1.843840479850769043e-01,-8.913214504718780518e-02,-4.033733308315277100e-01,-5.044396519660949707e-01,-2.735773921012878418e-01,9.387068748474121094e-01,-1.547644436359405518e-01,2.263973057270050049e-01,1.826529949903488159e-01,-1.832225620746612549e-01,6.804533302783966064e-02,-7.770579457283020020e-01,2.082550078630447388e-01,-3.463077843189239502e-01,1.401332736015319824e+00,-2.352370470762252808e-01,-1.374591141939163208e-01,9.681344777345657349e-02,-8.491663932800292969e-01,-1.534756273031234741e-01,5.513187646865844727e-01,1.335050940513610840e+00,4.880858659744262695e-01,-1.377774327993392944e-01,-1.136342808604240417e-01
3.543922677636146545e-02,-5.051951482892036438e-02,7.638800740242004395e-01,8.070627599954605103e-02,5.378131289035081863e-03,6.948160529136657715e-01,7.146245837211608887e-01,4.704784229397773743e-02,2.293800860643386841e-01,2.156640738248825073e-01,6.123383045196533203e-01,-2.282003313302993774e-01,-5.847647041082382202e-02,-4.373957216739654541e-01,-5.159226059913635254e-01,-2.827681005001068115e-01,9.981774091720581055e-01,-2.364552617073059082e-01,1.957411468029022217e-01,2.093268483877182007e-01,-2.162758558988571167e-01,7.935113459825515747e-02,-8.338402509689331055e-01,1.366102397441864014e-01,-4.201344549655914307e-01,1.411775708198547363e+00,-1.387037336826324463e-01,-1.181505918502807617e-01,9.813799709081649780e-02,-9.058989882469177246e-01,-8.651018887758255005e-02,6.860561370849609375e-01,1.291530013084411621e+00,4.072217643260955811e-01,-1.314474791288375854e-01,-6.828139722347259521e-02
3.983620926737785339e-02,-5.481807887554168701e-02,7.546982169151306152e-01,7.684051245450973511e-02,4.072075244039297104e-03,6.960409283638000488e-01,7.138668894767761230e-01,3.180412575602531433e-02,2.505869567394256592e-01,1.829337328672409058e-01,6.587991714477539062e-01,-2.784754633903503418e-01,-3.137004002928733826e-02,-4.677461683750152588e-01,-5.070433020591735840e-01,-2.814025282859802246e-01,1.046670317649841309e+00,-2.986472845077514648e-01,1.745342165231704712e-01,2.055698037147521973e-01,-2.182901948690414429e-01,9.164756536483764648e-02,-8.710345625877380371e-01,9.566801041364669800e-02,-4.879212081432342529e-01,1.322433829307556152e+00,-2.446966432034969330e-02,-1.415891796350479126e-01,8.701949566602706909e-02,-9.280576109886169434e-01,-6.877192854881286621e-02,7.206770777702331543e-01,1.116289496421813965e+00,3.973109722137451172e-01,-1.681132316589355469e-01,-5.388697609305381775e-02
4.112461954355239868e-02,-5.791470780968666077e-02,7.460159659385681152e-01,6.638275831937789917e-02,-1.051539438776671886e-03,7.068029642105102539e-01,7.042881846427917480e-01,-1.642248220741748810e-02,2.905919551849365234e-01,1.617131084203720093e-01,7.252504229545593262e-01,-3.492521643638610840e-01,-1.046981569379568100e-02,-4.811799526214599609e-01,-4.747156798839569092e-01,-2.548626959323883057e-01,1.082357048988342285e+00,-3.696296513080596924e-01,1.678072512149810791e-01,1.809184104204177856e-01,-2.037808597087860107e-01,8.915848284959793091e-02,-8.565756678581237793e-01,1.213752478361129761e-01,-5.666540265083312988e-01,1.072044491767883301e+00,6.616945564746856689e-02,-1.707831323146820068e-01,5.609554424881935120e-02,-8.757342100143432617e-01,-1.208350583910942078e-01,7.187792062759399414e-01,7.691578865051269531e-01,4.116893112659454346e-01,-2.018695324659347534e-01,-7.764302194118499756e-02
3.952869772911071777e-02,-6.076281145215034485e-02,7.388871908187866211e-01,5.750748142600059509e-02,2.814483596011996269e-03,7.249832749366760254e-01,6.863557100296020508e-01,-9.251574426889419556e-02,3.178251683712005615e-01,1.209777444601058960e-01,7.893940806388854980e-01,-3.868102431297302246e-01,-1.428924966603517532e-02,-4.810671210289001465e-01,-4.410133659839630127e-01,-2.118571847677230835e-01,1.105284810066223145e+00,-4.570547342300415039e-01,1.597422063350677490e-01,1.689850091934204102e-01,-1.615418493747711182e-01,8.144105225801467896e-02,-8.367612361907958984e-01,2.314827293157577515e-01,-6.357123255729675293e-01,7.040379047393798828e-01,8.440766483545303345e-02,-2.116300910711288452e-01,-3.365214169025421143e-02,-7.559053301811218262e-01,-2.941845357418060303e-01,6.683924794197082520e-01,3.076954185962677002e-01,4.525894224643707275e-01,-2.273811548948287964e-01,-3.457285836338996887e-02
3.464601561427116394e-02,-6.630571931600570679e-02,7.298849821090698242e-01,4.491034522652626038e-02,9.128673933446407318e-03,7.599517703056335449e-01,6.483618021011352539e-01,-2.061099410057067871e-01,3.483139872550964355e-01,8.656192570924758911e-02,8.545385599136352539e-01,-4.179760217666625977e-01,-2.047176100313663483e-02,-4.613467156887054443e-01,-3.990322649478912354e-01,-1.683925390243530273e-01,1.130712985992431641e+00,-4.984365403652191162e-01,1.530641913414001465e-01,1.160475462675094604e-01,-1.127907708287239075e-01,7.319448888301849365e-02,-8.142960071563720703e-01,4.378087520599365234e-01,-6.421145796775817871e-01,3.718156814575195312e-01,-2.611683495342731476e-02,-2.568154633045196533e-01,-1.220173388719558716e-01,-6.227458715438842773e-01,-5.404216647148132324e-01,5.563176274299621582e-01,-6.548514217138290405e-02,5.497267842292785645e-01,-2.255492955446243286e-01,8.116766810417175293e-02
2.656416781246662140e-02,-7.221058756113052368e-02,7.143862247467041016e-01,3.148042038083076477e-02,3.801215672865509987e-03,8.011351227760314941e-01,5.976428985595703125e-01,-3.388629257678985596e-01,3.662670850753784180e-01,6.691183149814605713e-02,9.599353671073913574e-01,-4.502896666526794434e-01,-2.923732623457908630e-02,-4.417325258255004883e-01,-3.401938378810882568e-01,-8.655226975679397583e-02,1.166165351867675781e+00,-5.253633260726928711e-01,1.475758999586105347e-01,3.515982627868652344e-02,-5.349258705973625183e-02,6.311481446027755737e-02,-7.677490115165710449e-01,6.821370124816894531e-01,-5.967130661010742188e-01,1.453083902597427368e-01,-1.658906191587448120e-01,-2.609896361827850342e-01,-1.827540397644042969e-01,-4.929370880126953125e-01,-8.199474215507507324e-01,3.754233121871948242e-01,-2.359619885683059692e-01,5.621385574340820312e-01,-1.908859461545944214e-01,1.763943433761596680e-01
1.740115694701671600e-02,-7.674711197614669800e-02,6.932100057601928711e-01,2.075829729437828064e-02,-6.198994815349578857e-03,8.427370786666870117e-01,5.378892421722412109e-01,-4.830043017864227295e-01,3.444819152355194092e-01,2.169298939406871796e-02,1.107599973678588867e+00,-5.319463014602661133e-01,-3.114649839699268341e-02,-4.252006113529205322e-01,-2.828673124313354492e-01,2.051127515733242035e-02,1.232533931732177734e+00,-5.897431373596191406e-01,1.250716000795364380e-01,-5.580040067434310913e-02,5.446067545562982559e-03,6.619828939437866211e-02,-7.100473046302795410e-01,9.917808175086975098e-01,-4.922527074813842773e-01,6.320793926715850830e-02,-2.088745087385177612e-01,-2.704747915267944336e-01,-1.607588678598403931e-01,-3.406135141849517822e-01,-1.172007799148559570e+00,1.310266256332397461e-01,-1.545377820730209351e-01,4.061802923679351807e-01,-1.951474547386169434e-01,1.607182323932647705e-01
9.954118169844150543e-03,-8.066251128911972046e-02,6.682410240173339844e-01,5.218430887907743454e-03,2.898515376728028059e-04,8.782939910888671875e-01,4.780924022197723389e-01,-6.267991662025451660e-01,3.155456781387329102e-01,8.700708858668804169e-03,1.240963459014892578e+00,-6.333395242691040039e-01,-3.163907304406166077e-02,-4.374771118164062500e-01,-2.615213394165039062e-01,1.067205965518951416e-01,1.322553992271423340e+00,-6.963704824447631836e-01,8.965993672609329224e-02,-1.459764242172241211e-01,2.891669422388076782e-02,7.081393897533416748e-02,-6.309489011764526367e-01,1.276323795318603516e+00,-3.596356213092803955e-01,1.716421544551849365e-01,-2.374214977025985718e-01,-2.916306853294372559e-01,-4.804443940520286560e-02,-1.414753347635269165e-01,-1.421293139457702637e+00,-5.778598040342330933e-02,1.991986334323883057e-01,3.182141780853271484e-01,-1.908228993415832520e-01,1.099706515669822693e-01
3.963228315114974976e-03,-8.423078060150146484e-02,6.426611542701721191e-01,-1.585705950856208801e-02,7.213639095425605774e-03,8.997951149940490723e-01,4.359647631645202637e-01,-7.593899965286254883e-01,2.923276722431182861e-01,1.789253763854503632e-02,1.360307574272155762e+00,-7.127931714057922363e-01,-3.850446641445159912e-02,-4.644979834556579590e-01,-2.556214928627014160e-01,1.704184114933013916e-01,1.403197646141052246e+00,-7.685766220092773438e-01,7.670031487941741943e-02,-2.415335476398468018e-01,4.509127885103225708e-02,5.981443449854850769e-02,-5.797149538993835449e-01,1.521367669105529785e+00,-2.686238288879394531e-01,4.324316680431365967e-01,-1.839969605207443237e-01,-2.633768320083618164e-01,3.459942340850830078e-02,-6.018899846822023392e-03,-1.589579582214355469e+00,-1.950598657131195068e-01,5.929436087608337402e-01,2.239778339862823486e-01,-1.707071810960769653e-01,1.113321781158447266e-01
-8.509229519404470921e-04,-7.023856043815612793e-02,6.216946840286254883e-01,-3.083421848714351654e-02,1.146319881081581116e-02,9.116224646568298340e-01,4.097100198268890381e-01,-8.574240803718566895e-01,2.731796801090240479e-01,1.850814744830131531e-02,1.451523661613464355e+00,-7.582313418388366699e-01,-4.542304575443267822e-02,-4.943310618400573730e-01,-2.476447671651840210e-01,1.999417692422866821e-01,1.490766763687133789e+00,-7.938872575759887695e-01,8.322560042142868042e-02,-3.066698610782623291e-01,6.646045297384262085e-02,7.925348728895187378e-02,-5.460304617881774902e-01,1.663642406463623047e+00,-2.788929045200347900e-01,7.921326756477355957e-01,-3.497392311692237854e-02,-2.302804887294769287e-01,1.507573388516902924e-02,4.279329255223274231e-02,-1.753316283226013184e+00,-2.539529800415039062e-01,1.038213849067687988e+00,1.189842261373996735e-02,-1.666671484708786011e-01,1.466536521911621094e-01
-6.056929472833871841e-03,-7.053547352552413940e-02,6.070473194122314453e-01,-3.759053722023963928e-02,1.730532199144363403e-02,9.166831374168395996e-01,3.974663019180297852e-01,-9.168536067008972168e-01,2.383813709020614624e-01,9.852548129856586456e-03,1.509520530700683594e+00,-7.867023348808288574e-01,-5.783699452877044678e-02,-5.143098235130310059e-01,-2.773200273513793945e-01,2.178083956241607666e-01,1.522935152053833008e+00,-8.403681516647338867e-01,7.390911877155303955e-02,-3.369613587856292725e-01,8.375971019268035889e-02,8.655143529176712036e-02,-5.217471718788146973e-01,1.742078542709350586e+00,-3.050910532474517822e-01,1.065032720565795898e+00,6.765744835138320923e-02,-2.022503018379211426e-01,-8.015068620443344116e-02,4.231440275907516479e-02,-1.874660491943359375e+00,-2.722016274929046631e-01,1.308220744132995605e+00,-1.571268886327743530e-01,-1.467920690774917603e-01,1.709099560976028442e-01
-1.216415688395500183e-02,-7.072379440069198608e-02,6.009262800216674805e-01,-4.052265360951423645e-02,2.347930520772933960e-02,9.165953993797302246e-01,3.970636427402496338e-01,-9.409104585647583008e-01,2.244503796100616455e-01,1.889937184751033783e-02,1.536200284957885742e+00,-7.949154376983642578e-01,-5.934195965528488159e-02,-5.248246192932128906e-01,-3.122530281543731689e-01,2.287805229425430298e-01,1.520122766494750977e+00,-8.632018566131591797e-01,5.882662534713745117e-02,-3.462352752685546875e-01,9.249566495418548584e-02,8.025557547807693481e-02,-5.396931767463684082e-01,1.790224552154541016e+00,-2.929355502128601074e-01,1.178293824195861816e+00,7.403890043497085571e-02,-1.818631291389465332e-01,-1.181682571768760681e-01,-4.431768320500850677e-03,-1.949536919593811035e+00,-3.007435798645019531e-01,1.415911793708801270e+00,-1.919400990009307861e-01,-1.202619820833206177e-01,1.610910594463348389e-01
-1.929112523794174194e-02,-7.099870592355728149e-02,6.039422750473022461e-01,-3.502536937594413757e-02,2.772106230258941650e-02,9.120379686355590820e-01,4.076659381389617920e-01,-9.276886582374572754e-01,2.187517583370208740e-01,3.505362570285797119e-02,1.548014879226684570e+00,-7.698801159858703613e-01,-6.460594385862350464e-02,-5.296035408973693848e-01,-3.413070440292358398e-01,2.457358390092849731e-01,1.500241518020629883e+00,-8.146618008613586426e-01,6.706750392913818359e-02,-3.373623788356781006e-01,9.605097770690917969e-02,6.961380690336227417e-02,-5.754483938217163086e-01,1.818080067634582520e+00,-2.647361457347869873e-01,1.151690483093261719e+00,2.854225970804691315e-02,-1.898319572210311890e-01,-8.158519864082336426e-02,-7.816134393215179443e-02,-1.997279286384582520e+00,-3.378684222698211670e-01,1.429478764533996582e+00,-1.376054435968399048e-01,-1.167204976081848145e-01,1.108753755688667297e-01
-2.641752362251281738e-02,-7.054485380649566650e-02,6.150894165039062500e-01,-2.517462708055973053e-02,2.737729810178279877e-02,9.033487439155578613e-01,4.272912144660949707e-01,-8.723487257957458496e-01,2.230063974857330322e-01,4.735965281724929810e-02,1.522383570671081543e+00,-7.435132265090942383e-01,-7.011178880929946899e-02,-5.238816738128662109e-01,-3.570570051670074463e-01,2.539890706539154053e-01,1.458248019218444824e+00,-7.215217947959899902e-01,8.443275094032287598e-02,-3.111706972122192383e-01,9.271474182605743408e-02,4.013248905539512634e-02,-6.109596490859985352e-01,1.827982664108276367e+00,-2.304780334234237671e-01,9.740506410598754883e-01,-7.099364697933197021e-02,-2.293937802314758301e-01,2.258696965873241425e-02,-1.562494635581970215e-01,-1.999553084373474121e+00,-3.561937212944030762e-01,1.343637585639953613e+00,-1.318996865302324295e-02,-1.364187896251678467e-01,3.352976217865943909e-02
-3.259954974055290222e-02,-6.936985254287719727e-02,6.317441463470458984e-01,-4.843507427722215652e-03,2.003487944602966309e-02,8.864736557006835938e-01,4.623197913169860840e-01,-7.688422799110412598e-01,2.370560616254806519e-01,4.909267649054527283e-02,1.470823287963867188e+00,-7.093481421470642090e-01,-7.010259479284286499e-02,-5.087059140205383301e-01,-3.523226678371429443e-01,2.589696645736694336e-01,1.424866080284118652e+00,-6.005297899246215820e-01,1.144508942961692810e-01,-2.643944621086120605e-01,7.516352832317352295e-02,1.604164391756057739e-02,-6.342739462852478027e-01,1.812132000923156738e+00,-1.854352056980133057e-01,7.086114883422851562e-01,-1.739261597394943237e-01,-3.020574450492858887e-01,1.511509567499160767e-01,-2.325172275304794312e-01,-1.924088120460510254e+00,-3.685503900051116943e-01,1.104201078414916992e+00,1.740446388721466064e-01,-2.035794854164123535e-01,-6.587386131286621094e-02
-3.666669502854347229e-02,-6.722702831029891968e-02,6.519641280174255371e-01,8.944924920797348022e-03,1.646328158676624298e-02,8.601697087287902832e-01,5.096636414527893066e-01,-6.669832468032836914e-01,2.730199098587036133e-01,5.673186480998992920e-02,1.396313786506652832e+00,-6.573539972305297852e-01,-7.720947265625000000e-02,-5.075473785400390625e-01,-3.537601232528686523e-01,2.131248712539672852e-01,1.389746308326721191e+00,-5.357912778854370117e-01,1.517608016729354858e-01,-2.009388804435729980e-01,5.076167732477188110e-02,-1.504494715481996536e-02,-6.321386694908142090e-01,1.808644533157348633e+00,-1.405447870492935181e-01,5.257189869880676270e-01,-1.714266389608383179e-01,-3.540329337120056152e-01,2.396180331707000732e-01,-2.512794137001037598e-01,-1.802860021591186523e+00,-4.009638130664825439e-01,7.969844341278076172e-01,2.569898366928100586e-01,-2.896767854690551758e-01,-1.648780703544616699e-01
-3.849545121192932129e-02,-6.482589244842529297e-02,6.735501289367675781e-01,1.881055906414985657e-02,1.689290255308151245e-02,8.278146982192993164e-01,5.604316592216491699e-01,-5.571134090423583984e-01,2.963978648185729980e-01,6.019799783825874329e-02,1.303156375885009766e+00,-6.036207079887390137e-01,-7.915124297142028809e-02,-4.883437156677246094e-01,-3.551126718521118164e-01,1.678167432546615601e-01,1.336600184440612793e+00,-4.898913204669952393e-01,1.844125688076019287e-01,-1.257276684045791626e-01,1.614121836610138416e-03,-2.790265344083309174e-02,-5.994090437889099121e-01,1.797798156738281250e+00,-5.415793880820274353e-02,3.365853726863861084e-01,-9.787690639495849609e-02,-3.833308815956115723e-01,3.255315124988555908e-01,-5.277509614825248718e-02,-1.601980328559875488e+00,-6.266072392463684082e-01,4.264956414699554443e-01,2.288668006658554077e-01,-3.379149436950683594e-01,-2.251128703355789185e-01
-3.899037837982177734e-02,-6.171292439103126526e-02,6.927798390388488770e-01,2.903413958847522736e-02,2.209283411502838135e-02,7.927704453468322754e-01,6.084274649620056152e-01,-4.439038932323455811e-01,2.995728552341461182e-01,7.270362973213195801e-02,1.199620246887207031e+00,-5.593775510787963867e-01,-7.675976306200027466e-02,-4.748612046241760254e-01,-3.831888735294342041e-01,1.043687313795089722e-01,1.283742189407348633e+00,-4.516820907592773438e-01,2.164093703031539917e-01,-1.068626251071691513e-02,-4.341207817196846008e-02,-1.826716400682926178e-02,-5.276150107383728027e-01,1.728051781654357910e+00,8.157608658075332642e-02,1.463841646909713745e-01,-2.696467936038970947e-02,-4.088225960731506348e-01,3.911320567131042480e-01,2.111112028360366821e-01,-1.402433753013610840e+00,-9.068781137466430664e-01,7.857114821672439575e-02,2.173473984003067017e-01,-3.617094159126281738e-01,-2.410219311714172363e-01
-3.780395910143852234e-02,-5.821344628930091858e-02,7.075135707855224609e-01,3.992710262537002563e-02,2.579001151025295258e-02,7.578263282775878906e-01,6.507226228713989258e-01,-3.411998152732849121e-01,2.875540256500244141e-01,8.197323977947235107e-02,1.106729865074157715e+00,-5.101764202117919922e-01,-8.083636313676834106e-02,-4.660299718379974365e-01,-4.146916866302490234e-01,3.199595585465431213e-02,1.239768624305725098e+00,-4.137305915355682373e-01,2.384445369243621826e-01,8.602106571197509766e-02,-5.764919519424438477e-02,-6.574319675564765930e-03,-3.978929817676544189e-01,1.610706925392150879e+00,2.403791099786758423e-01,-2.008020319044589996e-02,5.996214225888252258e-02,-4.182156622409820557e-01,4.698727428913116455e-01,2.588180303573608398e-01,-1.296311020851135254e+00,-9.539571404457092285e-01,-1.558639556169509888e-01,2.069335430860519409e-01,-3.714434206485748291e-01,-3.066750466823577881e-01
-3.424483537673950195e-02,-5.531715229153633118e-02,7.173714637756347656e-01,4.964325204491615295e-02,2.575194463133811951e-02,7.308822274208068848e-01,6.802084445953369141e-01,-2.640665769577026367e-01,2.711830437183380127e-01,8.077584952116012573e-02,1.030511856079101562e+00,-4.824255406856536865e-01,-7.462298125028610229e-02,-4.524683952331542969e-01,-4.375053346157073975e-01,-1.644111424684524536e-02,1.209170937538146973e+00,-4.022822380065917969e-01,2.398368418216705322e-01,1.321019232273101807e-01,-7.283101230859756470e-02,4.069820977747440338e-03,-2.963363528251647949e-01,1.515773534774780273e+00,3.628722429275512695e-01,-1.565984934568405151e-01,1.378326416015625000e-01,-4.039359986782073975e-01,5.308893918991088867e-01,1.825271546840667725e-01,-1.219563126564025879e+00,-8.762598037719726562e-01,-3.096999228000640869e-01,1.463282406330108643e-01,-3.673447966575622559e-01,-3.961013555526733398e-01
-2.850282378494739532e-02,-5.309899523854255676e-02,7.245800495147705078e-01,5.540848523378372192e-02,2.362081222236156464e-02,7.163445949554443359e-01,6.951419711112976074e-01,-2.164567410945892334e-01,2.626785933971405029e-01,7.273303717374801636e-02,9.920905232429504395e-01,-4.786805212497711182e-01,-6.124417856335639954e-02,-4.240726232528686523e-01,-4.383393824100494385e-01,-4.216836765408515930e-02,1.175964117050170898e+00,-4.342116713523864746e-01,2.235752046108245850e-01,1.504478901624679565e-01,-8.948548138141632080e-02,1.275612320750951767e-02,-2.283859699964523315e-01,1.448169350624084473e+00,4.469601511955261230e-01,-2.511788010597229004e-01,1.893798261880874634e-01,-3.817939162254333496e-01,5.638649463653564453e-01,1.053328886628150940e-01,-1.144790291786193848e+00,-7.804219126701354980e-01,-4.049183726310729980e-01,8.761225640773773193e-02,-3.505847454071044922e-01,-4.313897788524627686e-01
-2.260341309010982513e-02,-5.090470612049102783e-02,7.320755720138549805e-01,5.914292857050895691e-02,2.239110134541988373e-02,7.093284726142883301e-01,7.020355463027954102e-01,-1.917454600334167480e-01,2.597451806068420410e-01,5.448590964078903198e-02,9.641254544258117676e-01,-4.747307598590850830e-01,-5.934177711606025696e-02,-3.912335932254791260e-01,-4.202311635017395020e-01,-5.664711445569992065e-02,1.138113498687744141e+00,-4.655258059501647949e-01,2.097025066614151001e-01,1.516596972942352295e-01,-1.055769994854927063e-01,2.081487700343132019e-02,-2.031098157167434692e-01,1.375617861747741699e+00,4.939933419227600098e-01,-3.205873072147369385e-01,2.379397153854370117e-01,-3.617836236953735352e-01,5.871695876121520996e-01,5.042700096964836121e-02,-1.058882951736450195e+00,-7.001442313194274902e-01,-4.656618237495422363e-01,5.334569886326789856e-02,-3.440774083137512207e-01,-4.487738013267517090e-01
-1.774670556187629700e-02,-4.999970644712448120e-02,7.408775687217712402e-01,5.610912665724754333e-02,1.973709091544151306e-02,7.105194330215454102e-01,7.011592388153076172e-01,-1.831405758857727051e-01,2.759380042552947998e-01,4.357577487826347351e-02,9.311132431030273438e-01,-4.579164683818817139e-01,-6.392236053943634033e-02,-3.573671877384185791e-01,-3.921331763267517090e-01,-6.939926743507385254e-02,1.086490273475646973e+00,-4.691951274871826172e-01,2.033412456512451172e-01,1.374754905700683594e-01,-1.163926497101783752e-01,2.892525866627693176e-02,-1.940871328115463257e-01,1.304579496383666992e+00,5.269032716751098633e-01,-3.697631061077117920e-01,2.775325477123260498e-01,-3.403340578079223633e-01,6.084079742431640625e-01,2.886302210390567780e-02,-9.668526053428649902e-01,-6.519176363945007324e-01,-5.194914937019348145e-01,3.302877023816108704e-02,-3.414345979690551758e-01,-4.567788839340209961e-01
-1.433088071644306183e-02,-5.021351203322410583e-02,7.496657967567443848e-01,4.704947769641876221e-02,1.663339510560035706e-02,7.237315177917480469e-01,6.882749199867248535e-01,-1.950598061084747314e-01,3.053939044475555420e-01,4.859352856874465942e-02,8.932786583900451660e-01,-4.254679381847381592e-01,-7.418507337570190430e-02,-3.242786228656768799e-01,-3.596839308738708496e-01,-8.386535197496414185e-02,1.028198122978210449e+00,-4.445516169071197510e-01,2.035208493471145630e-01,1.102537885308265686e-01,-1.155469194054603577e-01,2.769930846989154816e-02,-1.992873698472976685e-01,1.198456883430480957e+00,5.294649004936218262e-01,-4.264706075191497803e-01,2.834243774414062500e-01,-3.487015366554260254e-01,6.004718542098999023e-01,3.860539570450782776e-02,-8.438624739646911621e-01,-6.200376749038696289e-01,-5.780578255653381348e-01,5.411714687943458557e-02,-3.528087139129638672e-01,-4.422079324722290039e-01
-1.277195569127798080e-02,-5.164851993322372437e-02,7.560253143310546875e-01,3.602400049567222595e-02,1.199910789728164673e-02,7.423454523086547852e-01,6.689406037330627441e-01,-2.341989874839782715e-01,3.372259140014648438e-01,5.248858407139778137e-02,8.832593560218811035e-01,-3.646764457225799561e-01,-9.907177835702896118e-02,-2.947292029857635498e-01,-3.159131407737731934e-01,-7.821121811866760254e-02,9.685493111610412598e-01,-3.819411993026733398e-01,2.165638208389282227e-01,7.906559854745864868e-02,-1.024107858538627625e-01,3.000538423657417297e-02,-1.972949653863906860e-01,1.069973230361938477e+00,5.060947537422180176e-01,-4.732553362846374512e-01,2.498295605182647705e-01,-3.779950439929962158e-01,5.600943565368652344e-01,8.785381913185119629e-02,-6.970719099044799805e-01,-5.947329998016357422e-01,-6.239131689071655273e-01,1.162999197840690613e-01,-3.672783076763153076e-01,-4.070744216442108154e-01
-1.365317869931459427e-02,-5.528525263071060181e-02,7.553163170814514160e-01,2.586655318737030029e-02,5.614859052002429962e-03,7.693678736686706543e-01,6.382573843002319336e-01,-3.027476370334625244e-01,3.656933903694152832e-01,6.074000895023345947e-02,9.067304134368896484e-01,-3.241217434406280518e-01,-1.134917736053466797e-01,-2.854742705821990967e-01,-2.746765017509460449e-01,-5.386999994516372681e-02,9.410031437873840332e-01,-3.342262804508209229e-01,2.173205912113189697e-01,3.244694322347640991e-02,-7.302191108465194702e-02,4.186268895864486694e-02,-1.878470927476882935e-01,9.490798711776733398e-01,4.639055728912353516e-01,-5.003662109375000000e-01,1.684719771146774292e-01,-4.094803631305694580e-01,4.926456809043884277e-01,1.461597084999084473e-01,-5.715250968933105469e-01,-5.873379707336425781e-01,-6.551979780197143555e-01,1.884903758764266968e-01,-3.683562576770782471e-01,-3.590940237045288086e-01
-1.677750982344150543e-02,-5.961375311017036438e-02,7.474009990692138672e-01,1.910528540611267090e-02,-6.618579849600791931e-03,7.993606328964233398e-01,6.005111932754516602e-01,-3.809701800346374512e-01,3.782564699649810791e-01,5.850308761000633240e-02,9.577289819717407227e-01,-3.177393376827239990e-01,-1.110130995512008667e-01,-2.922736406326293945e-01,-2.418868392705917358e-01,-2.283868193626403809e-02,9.620172381401062012e-01,-3.447578251361846924e-01,1.887963712215423584e-01,-3.076400980353355408e-02,-3.849301487207412720e-02,6.844444572925567627e-02,-1.616984456777572632e-01,8.350548148155212402e-01,4.281198382377624512e-01,-5.274623632431030273e-01,7.869440317153930664e-02,-4.289697110652923584e-01,4.135131537914276123e-01,2.097453624010086060e-01,-4.473884701728820801e-01,-5.897921919822692871e-01,-6.636726856231689453e-01,2.579551935195922852e-01,-3.562992513179779053e-01,-3.065666556358337402e-01
-2.205378375947475433e-02,-6.372775882482528687e-02,7.348734736442565918e-01,1.030998677015304565e-02,-1.437695417553186417e-02,8.191550374031066895e-01,5.732992291450500488e-01,-4.392464458942413330e-01,3.760677576065063477e-01,5.213622003793716431e-02,1.008930087089538574e+00,-3.749529719352722168e-01,-9.285487234592437744e-02,-3.095696866512298584e-01,-2.320899665355682373e-01,-4.964299034327268600e-03,9.882657527923583984e-01,-3.890020251274108887e-01,1.635757833719253540e-01,-7.792691886425018311e-02,-6.870930083096027374e-03,9.572417289018630981e-02,-1.165935248136520386e-01,7.382971644401550293e-01,3.930310606956481934e-01,-5.253964066505432129e-01,2.617274643853306770e-03,-4.294118285179138184e-01,3.370540440082550049e-01,2.637158036231994629e-01,-3.376857340335845947e-01,-5.738893747329711914e-01,-6.336712241172790527e-01,3.416638374328613281e-01,-3.400079309940338135e-01,-2.672443985939025879e-01
-2.806433849036693573e-02,-6.808665394783020020e-02,7.213110923767089844e-01,3.394203959032893181e-03,-1.985564269125461578e-02,8.310479521751403809e-01,5.558359026908874512e-01,-4.775955975055694580e-01,3.762180805206298828e-01,5.688994377851486206e-02,1.044714450836181641e+00,-4.438939094543457031e-01,-6.411985307931900024e-02,-3.224562108516693115e-01,-2.390193641185760498e-01,-1.872393419034779072e-03,1.000242471694946289e+00,-4.372920989990234375e-01,1.449971646070480347e-01,-1.137567609548568726e-01,2.328919433057308197e-02,1.234473958611488342e-01,-6.852816045284271240e-02,6.340197920799255371e-01,3.609898090362548828e-01,-4.737428426742553711e-01,-6.529866904020309448e-02,-4.107226729393005371e-01,2.862713038921356201e-01,2.903933525085449219e-01,-2.462242096662521362e-01,-5.338959097862243652e-01,-5.566323995590209961e-01,4.357924759387969971e-01,-3.203198313713073730e-01,-2.549624145030975342e-01
-3.394015505909919739e-02,-5.583378300070762634e-02,7.094118595123291016e-01,-2.695448696613311768e-03,-2.419093623757362366e-02,8.377239108085632324e-01,5.455512404441833496e-01,-4.938868582248687744e-01,3.809908926486968994e-01,7.107155770063400269e-02,1.063355445861816406e+00,-4.996595680713653564e-01,-3.183524310588836670e-02,-3.241424262523651123e-01,-2.496275603771209717e-01,5.596051923930644989e-03,9.954321980476379395e-01,-4.578887224197387695e-01,1.481498777866363525e-01,-1.421651989221572876e-01,4.910914227366447449e-02,1.467894613742828369e-01,-8.252087049186229706e-03,5.397078394889831543e-01,3.182270824909210205e-01,-3.574740290641784668e-01,-1.313293129205703735e-01,-3.878442049026489258e-01,2.503491640090942383e-01,3.000180721282958984e-01,-1.820541322231292725e-01,-4.817498922348022461e-01,-4.094302356243133545e-01,5.324916839599609375e-01,-3.071255385875701904e-01,-2.625064253807067871e-01
-3.934223949909210205e-02,-5.844963714480400085e-02,7.016541361808776855e-01,-1.072255312465131283e-03,-2.858995087444782257e-02,8.399062156677246094e-01,5.419769287109375000e-01,-4.821816682815551758e-01,3.721397221088409424e-01,7.966842502355575562e-02,1.052865624427795410e+00,-5.615012645721435547e-01,-6.677763070911169052e-03,-3.150921165943145752e-01,-2.640298008918762207e-01,1.342931855469942093e-02,9.760766625404357910e-01,-4.635817706584930420e-01,1.537637412548065186e-01,-1.522516161203384399e-01,6.616634130477905273e-02,1.680119037628173828e-01,2.113866619765758514e-02,4.757795035839080811e-01,2.354455441236495972e-01,-1.740711331367492676e-01,-1.925599277019500732e-01,-3.691916167736053467e-01,2.089046686887741089e-01,2.908879518508911133e-01,-1.699252873659133911e-01,-4.187553524971008301e-01,-1.807629168033599854e-01,5.916829109191894531e-01,-3.015695214271545410e-01,-2.846089303493499756e-01
-4.844448715448379517e-02,-6.339339911937713623e-02,6.994100213050842285e-01,2.476230962201952934e-03,-3.142194077372550964e-02,8.383857011795043945e-01,5.441653132438659668e-01,-4.584232866764068604e-01,3.500733375549316406e-01,8.123395591974258423e-02,1.036304950714111328e+00,-6.101619005203247070e-01,1.002572011202573776e-02,-3.080744147300720215e-01,-2.776189446449279785e-01,2.225388213992118835e-02,9.621946811676025391e-01,-4.455816149711608887e-01,1.592627465724945068e-01,-1.475273966789245605e-01,7.558330148458480835e-02,1.861777603626251221e-01,3.281126171350479126e-02,4.328551888465881348e-01,1.532491296529769897e-01,5.519142001867294312e-02,-2.353574633598327637e-01,-3.550334274768829346e-01,2.047654986381530762e-01,2.623056471347808838e-01,-1.741060614585876465e-01,-3.513389527797698975e-01,9.895162284374237061e-02,6.001698374748229980e-01,-2.969321906566619873e-01,-3.464173376560211182e-01
-5.367124080657958984e-02,-5.922487005591392517e-02,7.039658427238464355e-01,5.036856979131698608e-03,-2.809754200279712677e-02,8.327262997627258301e-01,5.529484748840332031e-01,-4.227487742900848389e-01,3.323095440864562988e-01,8.756691217422485352e-02,1.007640004158020020e+00,-6.032671332359313965e-01,1.345665473490953445e-02,-3.027443587779998779e-01,-2.964095175266265869e-01,1.100727822631597519e-02,9.458296298980712891e-01,-4.173133373260498047e-01,1.574120074510574341e-01,-1.251847892999649048e-01,7.233683764934539795e-02,1.899177730083465576e-01,2.158026397228240967e-02,4.103343486785888672e-01,7.499735802412033081e-02,3.485982418060302734e-01,-2.407898753881454468e-01,-3.252208530902862549e-01,2.093859612941741943e-01,1.947048008441925049e-01,-2.009450197219848633e-01,-2.743570208549499512e-01,4.537900984287261963e-01,6.007866859436035156e-01,-2.747730016708374023e-01,-3.935567438602447510e-01
-5.627678707242012024e-02,-5.545704811811447144e-02,7.144950032234191895e-01,1.031041424721479416e-02,-2.485173940658569336e-02,8.232871890068054199e-01,5.669870376586914062e-01,-3.724856376647949219e-01,3.157901465892791748e-01,1.005081459879875183e-01,9.603841900825500488e-01,-5.457405447959899902e-01,5.366376135498285294e-03,-3.039031326770782471e-01,-3.143443763256072998e-01,-3.433702979236841202e-03,9.406980276107788086e-01,-3.650476634502410889e-01,1.610160171985626221e-01,-9.970370680093765259e-02,6.090027093887329102e-02,1.941941082477569580e-01,6.047310307621955872e-03,3.872276842594146729e-01,9.874800220131874084e-03,6.765450835227966309e-01,-2.250594347715377808e-01,-2.960060536861419678e-01,2.050823569297790527e-01,1.025730967521667480e-01,-2.238414734601974487e-01,-1.957778036594390869e-01,8.420460820198059082e-01,6.157914400100708008e-01,-2.443566322326660156e-01,-3.730978071689605713e-01
-5.895945802330970764e-02,-4.598289728164672852e-02,7.280002832412719727e-01,1.167282089591026306e-02,-1.736681163311004639e-02,8.045272231101989746e-01,5.935469865798950195e-01,-3.016364574432373047e-01,3.005222380161285400e-01,1.224458217620849609e-01,8.822110891342163086e-01,-4.783665239810943604e-01,-1.336434949189424515e-02,-3.034934103488922119e-01,-3.380940556526184082e-01,-1.947606354951858521e-02,9.199429750442504883e-01,-2.988244891166687012e-01,1.752935200929641724e-01,-7.535288482904434204e-02,3.819432482123374939e-02,1.882388740777969360e-01,3.446827828884124756e-02,3.353130817413330078e-01,-3.286853432655334473e-03,9.644845128059387207e-01,-2.240600734949111938e-01,-2.642768621444702148e-01,1.545365303754806519e-01,7.107717543840408325e-02,-2.009103298187255859e-01,-8.546957373619079590e-02,1.048830151557922363e+00,5.761452317237854004e-01,-1.880300939083099365e-01,-2.768500447273254395e-01
-5.605624616146087646e-02,-4.043835774064064026e-02,7.398076057434082031e-01,1.629683561623096466e-02,-8.671100251376628876e-03,7.740107774734497070e-01,6.329032778739929199e-01,-2.165628373622894287e-01,2.837342917919158936e-01,1.515827625989913940e-01,7.886393666267395020e-01,-4.081624150276184082e-01,-5.453642085194587708e-02,-3.134145438671112061e-01,-3.773892819881439209e-01,-4.461830109357833862e-02,9.090019464492797852e-01,-2.560086846351623535e-01,1.981510967016220093e-01,-3.503830358386039734e-02,3.047647653147578239e-03,1.673839539289474487e-01,1.114129647612571716e-01,2.887119352817535400e-01,4.538608714938163757e-02,1.192422628402709961e+00,-2.020622640848159790e-01,-2.329869270324707031e-01,6.876342743635177612e-02,1.397626101970672607e-01,-1.656119674444198608e-01,7.160027325153350830e-02,1.049780130386352539e+00,4.316468536853790283e-01,-1.448655277490615845e-01,-1.361787766218185425e-01
-4.919499903917312622e-02,-3.354174643754959106e-02,7.468724846839904785e-01,2.126660384237766266e-02,-2.798490924760699272e-03,7.423884868621826172e-01,6.696262359619140625e-01,-1.457579433917999268e-01,2.662739157676696777e-01,1.659638583660125732e-01,7.149919867515563965e-01,-3.429409563541412354e-01,-8.147479593753814697e-02,-3.405735492706298828e-01,-4.025597274303436279e-01,-6.743621081113815308e-02,9.293925166130065918e-01,-2.493344843387603760e-01,2.137757390737533569e-01,1.356727560050785542e-03,-3.434382006525993347e-02,1.437709033489227295e-01,1.942125260829925537e-01,2.643433809280395508e-01,8.008445799350738525e-02,1.361411809921264648e+00,-1.107490733265876770e-01,-2.091113626956939697e-01,1.471593603491783142e-02,2.297105938196182251e-01,-1.429438889026641846e-01,2.581373453140258789e-01,9.998372197151184082e-01,2.654871046543121338e-01,-1.412194371223449707e-01,8.413001894950866699e-03
-3.844160586595535278e-02,-2.646024711430072784e-02,7.491384148597717285e-01,3.106979094445705414e-02,3.298386000096797943e-03,7.171080708503723145e-01,6.962613463401794434e-01,-9.705712646245956421e-02,2.403615862131118774e-01,1.589388251304626465e-01,6.664525866508483887e-01,-3.053232431411743164e-01,-9.134057909250259399e-02,-3.737973272800445557e-01,-4.131275117397308350e-01,-7.765780389308929443e-02,9.812389612197875977e-01,-2.657885253429412842e-01,2.199763059616088867e-01,3.167942538857460022e-02,-7.825396209955215454e-02,1.405852586030960083e-01,2.593096494674682617e-01,2.635641098022460938e-01,1.054835096001625061e-01,1.448084592819213867e+00,-5.179162323474884033e-02,-2.045398205518722534e-01,-6.338152568787336349e-03,2.685567736625671387e-01,-1.337075978517532349e-01,3.729834258556365967e-01,9.668028950691223145e-01,1.817044764757156372e-01,-1.607359498739242554e-01,8.599822968244552612e-02
-2.518415823578834534e-02,-1.940181292593479156e-02,7.477692961692810059e-01,4.151763394474983215e-02,9.051833301782608032e-03,6.946810483932495117e-01,7.180616855621337891e-01,-6.562156230211257935e-02,2.222405374050140381e-01,1.527477055788040161e-01,6.461883187294006348e-01,-2.951957881450653076e-01,-8.760583400726318359e-02,-3.951953351497650146e-01,-4.271426200866699219e-01,-1.023644804954528809e-01,1.014607787132263184e+00,-2.977929413318634033e-01,2.173216789960861206e-01,7.252329587936401367e-02,-1.250246167182922363e-01,1.409617215394973755e-01,3.116143345832824707e-01,2.883031964302062988e-01,1.377881467342376709e-01,1.507831096649169922e+00,1.814600778743624687e-03,-1.961624920368194580e-01,-1.422849670052528381e-02,3.107149600982666016e-01,-1.451954096555709839e-01,4.672079980373382568e-01,9.043903350830078125e-01,1.291658878326416016e-01,-1.831609606742858887e-01,1.514943540096282959e-01
-1.097255852073431015e-02,-1.307647582143545151e-02,7.431669235229492188e-01,4.897604882717132568e-02,1.390177384018898010e-02,6.769133210182189941e-01,7.342999577522277832e-01,-5.784277245402336121e-02,2.177485823631286621e-01,1.345287263393402100e-01,6.572101712226867676e-01,-3.101540505886077881e-01,-8.455468714237213135e-02,-4.067650437355041504e-01,-4.355990886688232422e-01,-1.220782324671745300e-01,1.041528463363647461e+00,-3.664807081222534180e-01,1.874316185712814331e-01,1.144026294350624084e-01,-1.624964028596878052e-01,1.436801254749298096e-01,3.511637151241302490e-01,3.258214890956878662e-01,1.582661718130111694e-01,1.543270349502563477e+00,4.627900570631027222e-02,-1.839472949504852295e-01,-1.604126021265983582e-02,3.397893905639648438e-01,-1.697022318840026855e-01,5.325016975402832031e-01,8.631953597068786621e-01,1.053328961133956909e-01,-2.041478753089904785e-01,2.019386291503906250e-01
4.195176996290683746e-03,-8.245854638516902924e-03,7.398387193679809570e-01,5.167000740766525269e-02,2.361696213483810425e-02,6.708582639694213867e-01,7.394062876701354980e-01,-7.091802358627319336e-02,2.186766713857650757e-01,1.057278215885162354e-01,6.600682139396667480e-01,-2.972110807895660400e-01,-9.476520866155624390e-02,-4.091722965240478516e-01,-4.316174983978271484e-01,-1.367924362421035767e-01,1.056710720062255859e+00,-4.411580860614776611e-01,1.473940610885620117e-01,1.470140963792800903e-01,-1.925260573625564575e-01,1.456290334463119507e-01,3.457593917846679688e-01,3.998711407184600830e-01,1.726304143667221069e-01,1.554435968399047852e+00,7.534075528383255005e-02,-1.768920421600341797e-01,-2.732452191412448883e-02,3.619260191917419434e-01,-2.231321334838867188e-01,5.834439396858215332e-01,8.089058399200439453e-01,1.133226975798606873e-01,-2.031719386577606201e-01,2.778302431106567383e-01
1.828940585255622864e-02,-6.932778749614953995e-03,7.377308607101440430e-01,5.205993726849555969e-02,2.815089002251625061e-02,6.746699213981628418e-01,7.357429862022399902e-01,-9.527309983968734741e-02,2.214037328958511353e-01,8.466978371143341064e-02,6.678261756896972656e-01,-2.913321852684020996e-01,-9.595258533954620361e-02,-4.003228843212127686e-01,-4.202465116977691650e-01,-1.429205238819122314e-01,1.059198141098022461e+00,-4.864293634891510010e-01,1.273878365755081177e-01,1.557299792766571045e-01,-2.185595035552978516e-01,1.394937634468078613e-01,3.167750537395477295e-01,4.857619404792785645e-01,1.725078225135803223e-01,1.568009614944458008e+00,1.212487891316413879e-01,-1.645350158214569092e-01,-2.938243560492992401e-02,3.783091306686401367e-01,-2.851463556289672852e-01,5.893039107322692871e-01,7.933221459388732910e-01,1.513490974903106689e-01,-1.778154820203781128e-01,3.296836614608764648e-01
3.100560605525970459e-02,-9.984374046325683594e-03,7.374140620231628418e-01,5.062958970665931702e-02,2.929595671594142914e-02,6.897556185722351074e-01,7.216755747795104980e-01,-1.326591670513153076e-01,2.325046807527542114e-01,7.410611957311630249e-02,6.682468056678771973e-01,-2.671014070510864258e-01,-9.517318755388259888e-02,-3.863296508789062500e-01,-4.063892364501953125e-01,-1.547243893146514893e-01,1.058827519416809082e+00,-5.087530016899108887e-01,1.008974835276603699e-01,1.490590423345565796e-01,-2.338974624872207642e-01,1.292222142219543457e-01,2.418094575405120850e-01,5.530856847763061523e-01,1.420044451951980591e-01,1.574182152748107910e+00,1.357914954423904419e-01,-1.552335619926452637e-01,-4.202975332736968994e-02,3.479857146739959717e-01,-3.416726291179656982e-01,5.942876338958740234e-01,8.422324657440185547e-01,1.401518136262893677e-01,-1.562627702951431274e-01,3.594371974468231201e-01
4.293246567249298096e-02,-1.531715411692857742e-02,7.385299205780029297e-01,5.019577592611312866e-02,3.056382574141025543e-02,7.074042558670043945e-01,7.043617367744445801e-01,-1.644748300313949585e-01,2.371894121170043945e-01,7.392482459545135498e-02,6.530839800834655762e-01,-2.439011186361312866e-01,-9.566979855298995972e-02,-3.759891688823699951e-01,-4.015767574310302734e-01,-1.717287302017211914e-01,1.061091303825378418e+00,-5.120429396629333496e-01,8.720939606428146362e-02,1.377357244491577148e-01,-2.346846908330917358e-01,1.229829564690589905e-01,1.278417557477951050e-01,5.888541936874389648e-01,7.944694906473159790e-02,1.563688755035400391e+00,1.643479317426681519e-01,-1.424187123775482178e-01,-8.945659548044204712e-02,2.535054087638854980e-01,-4.113489389419555664e-01,5.880853533744812012e-01,9.355792999267578125e-01,1.033984050154685974e-01,-1.340203434228897095e-01,3.730168342590332031e-01
5.303639546036720276e-02,-2.238680608570575714e-02,7.407199740409851074e-01,5.337129533290863037e-02,2.555428072810173035e-02,7.367959618568420410e-01,6.735207438468933105e-01,-1.961420178413391113e-01,2.639463841915130615e-01,8.007125556468963623e-02,6.261918544769287109e-01,-2.318005710840225220e-01,-1.148567944765090942e-01,-3.490160703659057617e-01,-4.006501734256744385e-01,-1.992656588554382324e-01,1.064041852951049805e+00,-4.902661144733428955e-01,6.237456947565078735e-02,1.042113229632377625e-01,-2.128534764051437378e-01,1.177535876631736755e-01,-1.083881407976150513e-01,5.776753425598144531e-01,-8.633431792259216309e-02,1.521324753761291504e+00,1.315347701311111450e-01,-1.249092519283294678e-01,-1.046705022454261780e-01,3.828950971364974976e-02,-4.237209260463714600e-01,5.345165729522705078e-01,1.135891079902648926e+00,1.216277256608009338e-01,-1.117828264832496643e-01,2.486972063779830933e-01
6.060912087559700012e-02,-2.838712744414806366e-02,7.425804138183593750e-01,5.333329737186431885e-02,1.209414936602115631e-02,7.768164873123168945e-01,6.273478865623474121e-01,-2.576018273830413818e-01,2.986628115177154541e-01,7.266364991664886475e-02,6.141532063484191895e-01,-1.825745552778244019e-01,-1.398856490850448608e-01,-3.258904814720153809e-01,-3.703760206699371338e-01,-1.998352408409118652e-01,1.078418850898742676e+00,-4.237554669380187988e-01,3.820240125060081482e-02,6.083624809980392456e-02,-1.746173053979873657e-01,1.386110782623291016e-01,-4.464964270591735840e-01,4.885755777359008789e-01,-2.354619801044464111e-01,1.475333929061889648e+00,-5.505175888538360596e-02,-1.103849932551383972e-01,2.050213515758514404e-02,-1.916272938251495361e-01,-3.970673978328704834e-01,3.939777612686157227e-01,1.267907261848449707e+00,4.045758247375488281e-01,-9.697923809289932251e-02,3.491916880011558533e-02
6.676680594682693481e-02,-3.314090147614479065e-02,7.428603172302246094e-01,5.201647803187370300e-02,3.759833984076976776e-03,8.059646487236022949e-01,5.896618962287902832e-01,-3.083763718605041504e-01,3.251518309116363525e-01,5.728659033775329590e-02,6.040549278259277344e-01,-9.216408431529998779e-02,-1.789706349372863770e-01,-3.069899082183837891e-01,-3.268080353736877441e-01,-1.866440623998641968e-01,1.057647705078125000e+00,-4.116701185703277588e-01,2.451464161276817322e-02,3.948366641998291016e-02,-1.430490911006927490e-01,1.558777838945388794e-01,-6.946703791618347168e-01,3.397779762744903564e-01,-3.590531647205352783e-01,1.346457362174987793e+00,-2.074900716543197632e-01,-1.568341851234436035e-01,1.074902787804603577e-01,-3.492710292339324951e-01,-3.905778229236602783e-01,3.443896770477294922e-01,1.238517284393310547e+00,6.204749345779418945e-01,-1.185442730784416199e-01,-4.085775837302207947e-02
7.113177329301834106e-02,-3.694543242454528809e-02,7.395804524421691895e-01,6.475315988063812256e-02,-4.051293246448040009e-03,8.239689469337463379e-01,5.629083514213562012e-01,-3.334490656852722168e-01,3.541081547737121582e-01,2.077990584075450897e-02,6.045762300491333008e-01,7.777437567710876465e-03,-2.227618694305419922e-01,-2.672401070594787598e-01,-3.180872201919555664e-01,-2.086348533630371094e-01,1.026202321052551270e+00,-4.428127706050872803e-01,5.503581371158361435e-03,3.503391891717910767e-02,-1.301438808441162109e-01,1.720742583274841309e-01,-9.211800694465637207e-01,1.667031347751617432e-01,-4.561318755149841309e-01,1.138047933578491211e+00,-3.019110858440399170e-01,-2.529437541961669922e-01,1.642646789550781250e-01,-5.184810757637023926e-01,-3.458121120929718018e-01,3.703183829784393311e-01,1.120019197463989258e+00,8.707320094108581543e-01,-1.636681854724884033e-01,-4.882270097732543945e-02
7.401851564645767212e-02,-3.931600227952003479e-02,7.340572476387023926e-01,5.700718984007835388e-02,7.683527190238237381e-03,8.319668769836425781e-01,5.518353581428527832e-01,-3.626905679702758789e-01,3.716325461864471436e-01,4.230377078056335449e-02,5.655428171157836914e-01,-7.849290035665035248e-03,-2.355185300111770630e-01,-2.879035770893096924e-01,-3.247629702091217041e-01,-2.246051877737045288e-01,9.995030164718627930e-01,-5.154471397399902344e-01,-1.077872514724731445e-02,8.383907377719879150e-03,-1.222058832645416260e-01,1.529971957206726074e-01,-1.139872550964355469e+00,7.201493252068758011e-03,-4.602193236351013184e-01,7.253149151802062988e-01,-4.263104200363159180e-01,-4.091028869152069092e-01,2.550836205482482910e-01,-7.065022587776184082e-01,-2.690111696720123291e-01,4.513941705226898193e-01,7.994605302810668945e-01,1.088586688041687012e+00,-2.293494790792465210e-01,-5.067320913076400757e-02
6.086209416389465332e-02,-4.264865070581436157e-02,7.293872237205505371e-01,3.611060976982116699e-02,7.970349863171577454e-03,8.348679542541503906e-01,5.492067337036132812e-01,-3.529208898544311523e-01,3.886673152446746826e-01,6.369861215353012085e-02,4.913434088230133057e-01,-7.375662028789520264e-02,-1.953853219747543335e-01,-2.938538491725921631e-01,-3.037903010845184326e-01,-2.211545258760452271e-01,9.337266683578491211e-01,-5.743092298507690430e-01,7.113686762750148773e-03,-1.543796621263027191e-02,-1.174011304974555969e-01,1.215835362672805786e-01,-1.272274136543273926e+00,-8.517342805862426758e-02,-5.488728284835815430e-01,5.219185948371887207e-01,-1.838448345661163330e-01,-3.862129449844360352e-01,1.842043101787567139e-01,-8.517255783081054688e-01,-2.418660223484039307e-01,5.712870359420776367e-01,5.037766098976135254e-01,8.565075397491455078e-01,-2.441127151250839233e-01,-4.775004088878631592e-02
4.353825747966766357e-02,-2.921127341687679291e-02,7.260144352912902832e-01,7.601130753755569458e-03,1.642178557813167572e-02,8.360024690628051758e-01,5.484272837638854980e-01,-3.642078340053558350e-01,4.023266732692718506e-01,1.028130874037742615e-01,4.528309702873229980e-01,-1.690196096897125244e-01,-1.531969904899597168e-01,-3.071128129959106445e-01,-2.909171581268310547e-01,-2.167313545942306519e-01,8.916085958480834961e-01,-6.245386004447937012e-01,1.429308392107486725e-02,-4.462941363453865051e-02,-1.082659438252449036e-01,8.867946267127990723e-02,-1.396378636360168457e+00,-1.883418262004852295e-01,-5.599243640899658203e-01,3.836143016815185547e-01,-1.336790919303894043e-01,-3.749732971191406250e-01,1.561830639839172363e-01,-9.645276665687561035e-01,-1.476228237152099609e-01,5.770168900489807129e-01,2.638743221759796143e-01,8.017280697822570801e-01,-2.919646799564361572e-01,-1.109167113900184631e-01
3.120146505534648895e-02,-2.633777447044849396e-02,7.245286703109741211e-01,-9.501677006483078003e-03,1.336618047207593918e-02,8.373548984527587891e-01,5.464136004447937012e-01,-3.375229537487030029e-01,4.069958031177520752e-01,1.026969999074935913e-01,3.705770969390869141e-01,-1.891182810068130493e-01,-1.478631198406219482e-01,-3.020162582397460938e-01,-2.786095142364501953e-01,-2.323216050863265991e-01,8.531903624534606934e-01,-6.381744146347045898e-01,1.029700879007577896e-02,-4.223088175058364868e-02,-7.939308881759643555e-02,7.200887799263000488e-02,-1.453576087951660156e+00,-2.674368023872375488e-01,-5.208279490470886230e-01,2.870028018951416016e-01,-1.248513460159301758e-01,-3.656478226184844971e-01,1.720273792743682861e-01,-1.048812031745910645e+00,-7.474612444639205933e-02,5.547274351119995117e-01,8.117824792861938477e-02,7.493154406547546387e-01,-3.097908496856689453e-01,-2.119127213954925537e-01
2.976046316325664520e-02,-2.824230678379535675e-02,7.221060991287231445e-01,-8.191415108740329742e-03,1.272319722920656204e-02,8.381190896034240723e-01,5.452774167060852051e-01,-3.374643325805664062e-01,4.010073840618133545e-01,9.812217205762863159e-02,3.879268467426300049e-01,-1.855411827564239502e-01,-1.424075961112976074e-01,-3.015201687812805176e-01,-2.867858707904815674e-01,-2.374649047851562500e-01,8.594981431961059570e-01,-6.545587182044982910e-01,4.608561750501394272e-03,-4.207951948046684265e-02,-7.120177149772644043e-02,5.485616996884346008e-02,-1.453623056411743164e+00,-3.031437098979949951e-01,-5.198675394058227539e-01,2.189997285604476929e-01,-1.214379593729972839e-01,-3.817918598651885986e-01,1.729046106338500977e-01,-1.101001381874084473e+00,-3.080986067652702332e-02,5.518828630447387695e-01,-2.750951796770095825e-02,7.373120188713073730e-01,-3.288503289222717285e-01,-2.224450558423995972e-01
2.877547591924667358e-02,-2.892062440514564514e-02,7.214232087135314941e-01,-8.948174305260181427e-03,1.124162692576646805e-02,8.394006490707397461e-01,5.433232188224792480e-01,-3.384394049644470215e-01,3.977418541908264160e-01,8.816602081060409546e-02,3.964743614196777344e-01,-1.811667680740356445e-01,-1.383299231529235840e-01,-2.979538142681121826e-01,-2.845482826232910156e-01,-2.387487888336181641e-01,8.553624749183654785e-01,-6.593455672264099121e-01,3.507320536300539970e-03,-3.653616830706596375e-02,-6.258634477853775024e-02,4.524339735507965088e-02,-1.437036752700805664e+00,-3.030458986759185791e-01,-5.184106826782226562e-01,1.791437864303588867e-01,-1.161222010850906372e-01,-3.849390745162963867e-01,1.739663928747177124e-01,-1.123427748680114746e+00,-7.482340559363365173e-03,5.429630875587463379e-01,-1.031801477074623108e-01,7.431828379631042480e-01,-3.357236981391906738e-01,-2.361907958984375000e-01
2.739563584327697754e-02,-2.910484559834003448e-02,7.219625711441040039e-01,-1.003728806972503662e-02,1.153943222016096115e-02,8.403805494308471680e-01,5.417809486389160156e-01,-3.392351567745208740e-01,3.917659521102905273e-01,8.137756586074829102e-02,4.011342227458953857e-01,-1.727747768163681030e-01,-1.391407549381256104e-01,-2.881858944892883301e-01,-2.808594703674316406e-01,-2.367251068353652954e-01,8.305100798606872559e-01,-6.665756106376647949e-01,5.250620190054178238e-03,-3.424873203039169312e-02,-5.331627279520034790e-02,3.362911567091941833e-02,-1.407611012458801270e+00,-2.761533260345458984e-01,-5.192717313766479492e-01,1.493384391069412231e-01,-1.017248183488845825e-01,-3.818572461605072021e-01,1.743450760841369629e-01,-1.118810772895812988e+00,-8.237534202635288239e-03,5.307962894439697266e-01,-1.557339280843734741e-01,7.506151795387268066e-01,-3.321277797222137451e-01,-2.304109036922454834e-01
2.479566074907779694e-02,-2.703925780951976776e-02,7.243625521659851074e-01,-1.489228568971157074e-02,7.764265406876802444e-03,8.407891392707824707e-01,5.411021709442138672e-01,-3.206871151924133301e-01,3.965117931365966797e-01,7.842675596475601196e-02,3.721216917037963867e-01,-1.494205445051193237e-01,-1.453487277030944824e-01,-2.700512707233428955e-01,-2.639383971691131592e-01,-2.433426827192306519e-01,7.932497859001159668e-01,-6.530993580818176270e-01,6.305278744548559189e-03,-3.006071411073207855e-02,-3.688260540366172791e-02,2.515302784740924835e-02,-1.365360856056213379e+00,-2.224953621625900269e-01,-5.223983526229858398e-01,1.145958676934242249e-01,-5.903629213571548462e-02,-3.736970126628875732e-01,1.676907092332839966e-01,-1.092504143714904785e+00,-2.820436097681522369e-02,5.070642232894897461e-01,-1.959080547094345093e-01,7.335218191146850586e-01,-3.280151784420013428e-01,-2.209077924489974976e-01
2.490880899131298065e-02,-2.589811012148857117e-02,7.256075739860534668e-01,-1.293145213276147842e-02,1.094731502234935760e-02,8.417075276374816895e-01,5.396678447723388672e-01,-3.331056535243988037e-01,3.855169415473937988e-01,7.294639945030212402e-02,4.040408730506896973e-01,-1.344564706087112427e-01,-1.515912264585494995e-01,-2.612268924713134766e-01,-2.738164663314819336e-01,-2.506365180015563965e-01,7.794874310493469238e-01,-6.522079706192016602e-01,1.733963377773761749e-02,-1.971803046762943268e-02,-3.522786498069763184e-02,2.057158946990966797e-02,-1.308878540992736816e+00,-1.556310951709747314e-01,-5.220475196838378906e-01,9.254574775695800781e-02,-2.795309014618396759e-02,-3.733933568000793457e-01,1.745898872613906860e-01,-1.044664621353149414e+00,-6.326307356357574463e-02,4.803466796875000000e-01,-2.254262417554855347e-01,7.239579558372497559e-01,-3.273725211620330811e-01,-2.148794382810592651e-01
3.058941662311553955e-02,-2.759902738034725189e-02,7.290857434272766113e-01,-1.158735714852809906e-02,9.660029783844947815e-03,8.449755311012268066e-01,5.345921516418457031e-01,-3.338176906108856201e-01,3.849295377731323242e-01,6.599342823028564453e-02,3.957323729991912842e-01,-9.284243732690811157e-02,-1.557741761207580566e-01,-2.512713968753814697e-01,-2.716700434684753418e-01,-2.747173607349395752e-01,7.661858201026916504e-01,-6.292301416397094727e-01,1.561001222580671310e-02,-1.245400868356227875e-02,-2.434962987899780273e-02,2.070584520697593689e-02,-1.209958314895629883e+00,-3.892016038298606873e-02,-5.228603482246398926e-01,4.327296093106269836e-02,-2.162919938564300537e-02,-3.600384294986724854e-01,1.925376504659652710e-01,-9.472455382347106934e-01,-1.320699900388717651e-01,4.407266676425933838e-01,-3.066204488277435303e-01,7.699974775314331055e-01,-3.152776658535003662e-01,-1.903923451900482178e-01
3.765774145722389221e-02,-2.783110551536083221e-02,7.315497398376464844e-01,-7.282641250640153885e-03,1.159423124045133591e-02,8.455505967140197754e-01,5.337197184562683105e-01,-3.570411205291748047e-01,3.857347667217254639e-01,6.334996223449707031e-02,4.421321451663970947e-01,-6.240456551313400269e-02,-1.505456119775772095e-01,-2.515587210655212402e-01,-2.719402909278869629e-01,-2.802214026451110840e-01,7.687546014785766602e-01,-6.156377196311950684e-01,-8.582887821830809116e-04,-5.548229441046714783e-03,-1.912069320678710938e-02,1.335457246750593185e-02,-1.079756021499633789e+00,1.084582656621932983e-01,-4.912116229534149170e-01,-1.938900537788867950e-02,-9.360355138778686523e-02,-3.562745451927185059e-01,1.762652248144149780e-01,-8.159230947494506836e-01,-2.245948314666748047e-01,3.831331431865692139e-01,-4.171710908412933350e-01,8.203471899032592773e-01,-3.173593282699584961e-01,-1.507741510868072510e-01
3.141940385103225708e-02,-2.469419315457344055e-02,7.347896099090576172e-01,-1.962778903543949127e-02,1.022723503410816193e-02,8.479236960411071777e-01,5.296560525894165039e-01,-3.769900798797607422e-01,3.971700966358184814e-01,6.829041242599487305e-02,4.414963424205780029e-01,-5.895354598760604858e-02,-1.536123603582382202e-01,-2.597301602363586426e-01,-2.570113539695739746e-01,-2.817853987216949463e-01,7.587435841560363770e-01,-5.720925927162170410e-01,-8.736291900277137756e-03,-2.909651584923267365e-02,-1.405498129315674305e-03,3.894191933795809746e-03,-9.519748687744140625e-01,2.216120064258575439e-01,-3.817793130874633789e-01,-1.055299267172813416e-01,-2.197887599468231201e-01,-3.780339360237121582e-01,1.542842984199523926e-01,-7.001547813415527344e-01,-3.221418857574462891e-01,2.432119846343994141e-01,-5.643386840820312500e-01,7.154239416122436523e-01,-3.285767436027526855e-01,-1.287496685981750488e-01
2.239158563315868378e-02,-2.396095171570777893e-02,7.377704381942749023e-01,-3.420467302203178406e-02,4.455377347767353058e-03,8.509089946746826172e-01,5.241794586181640625e-01,-4.019689261913299561e-01,4.090368151664733887e-01,6.725037097930908203e-02,4.466059207916259766e-01,-7.658407837152481079e-02,-1.372691690921783447e-01,-2.686405777931213379e-01,-2.393691390752792358e-01,-2.906345129013061523e-01,7.501284480094909668e-01,-5.117359161376953125e-01,8.895336650311946869e-03,-5.556129664182662964e-02,2.255859412252902985e-02,-3.247302025556564331e-03,-8.129400014877319336e-01,2.940639853477478027e-01,-2.332635223865509033e-01,-1.442012041807174683e-01,-2.921005785465240479e-01,-4.109006226062774658e-01,2.062228173017501831e-01,-5.473694801330566406e-01,-3.774730861186981201e-01,6.177815049886703491e-02,-6.278716325759887695e-01,7.040964365005493164e-01,-3.477487862110137939e-01,-1.418964415788650513e-01
2.214210294187068939e-02,-2.439389377832412720e-02,7.378762364387512207e-01,-3.670559450984001160e-02,5.981431342661380768e-03,8.540395498275756836e-01,5.188770890235900879e-01,-4.245060682296752930e-01,4.059759676456451416e-01,6.950923055410385132e-02,4.678880870342254639e-01,-8.559704571962356567e-02,-1.283642798662185669e-01,-2.860883176326751709e-01,-2.308763712644577026e-01,-2.695746719837188721e-01,7.630144357681274414e-01,-4.946895241737365723e-01,1.295412145555019379e-02,-7.814535498619079590e-02,2.300508879125118256e-02,1.576786045916378498e-03,-7.701721787452697754e-01,2.817555367946624756e-01,-2.123101204633712769e-01,-1.728082895278930664e-01,-2.965794205665588379e-01,-4.313071668148040771e-01,2.194383144378662109e-01,-5.008131265640258789e-01,-3.608283102512359619e-01,4.161479696631431580e-02,-6.384079456329345703e-01,6.766214370727539062e-01,-3.505699634552001953e-01,-1.610870957374572754e-01
3.215178474783897400e-02,-3.290647640824317932e-02,7.370852828025817871e-01,-3.530756011605262756e-02,8.768620900809764862e-03,8.547622561454772949e-01,5.177431106567382812e-01,-4.359809160232543945e-01,4.036195278167724609e-01,7.119572907686233521e-02,4.508893787860870361e-01,-5.131364613771438599e-02,-1.239491924643516541e-01,-3.143828213214874268e-01,-2.193337380886077881e-01,-2.491248846054077148e-01,7.681253552436828613e-01,-5.026221871376037598e-01,7.306142710149288177e-03,-8.257428556680679321e-02,1.046204753220081329e-02,6.728118285536766052e-03,-8.479145169258117676e-01,1.947414129972457886e-01,-3.257731795310974121e-01,-1.560695916414260864e-01,-2.966123223304748535e-01,-4.187353253364562988e-01,2.231010943651199341e-01,-5.839329361915588379e-01,-2.955851852893829346e-01,1.911169439554214478e-01,-6.263818740844726562e-01,6.393974423408508301e-01,-3.433262109756469727e-01,-2.181834578514099121e-01
4.490650445222854614e-02,-3.783233836293220520e-02,7.359741330146789551e-01,-2.779223211109638214e-02,1.171785872429609299e-02,8.547877073287963867e-01,5.181006193161010742e-01,-4.330955743789672852e-01,4.002501964569091797e-01,6.887068599462509155e-02,4.406469464302062988e-01,-2.939306385815143585e-02,-1.200689077377319336e-01,-3.312840163707733154e-01,-2.186679989099502563e-01,-2.412188202142715454e-01,7.870912551879882812e-01,-5.125844478607177734e-01,5.299992859363555908e-03,-7.849110662937164307e-02,-5.830798763781785965e-03,1.993905566632747650e-02,-9.666951298713684082e-01,8.173879235982894897e-02,-4.446281194686889648e-01,-6.829993426799774170e-02,-1.933746784925460815e-01,-3.785381019115447998e-01,2.358031123876571655e-01,-6.968855857849121094e-01,-1.924739629030227661e-01,3.531990051269531250e-01,-5.187565684318542480e-01,7.427531480789184570e-01,-3.335373401641845703e-01,-2.539952993392944336e-01
5.510481074452400208e-02,-4.162661358714103699e-02,7.350003719329833984e-01,-2.173484489321708679e-02,1.474885363131761551e-02,8.542749881744384766e-01,5.191572904586791992e-01,-4.375722706317901611e-01,3.966545760631561279e-01,5.962192639708518982e-02,4.442564547061920166e-01,-1.956399530172348022e-02,-1.182436421513557434e-01,-3.450521230697631836e-01,-2.232275158166885376e-01,-2.415058165788650513e-01,8.054334521293640137e-01,-5.199341177940368652e-01,1.609248109161853790e-02,-7.156201452016830444e-02,-1.712330244481563568e-02,3.082702681422233582e-02,-1.030667662620544434e+00,5.334873124957084656e-02,-5.037813782691955566e-01,-2.459194324910640717e-02,-1.105476915836334229e-01,-3.601605892181396484e-01,1.971433460712432861e-01,-7.537826299667358398e-01,-1.705709844827651978e-01,3.993052542209625244e-01,-4.473872184753417969e-01,7.691512703895568848e-01,-3.382752239704132080e-01,-2.344314604997634888e-01
7.100017368793487549e-02,-4.637914523482322693e-02,7.347370386123657227e-01,-1.251311507076025009e-02,1.942911371588706970e-02,8.561686277389526367e-01,5.161795020103454590e-01,-4.598334431648254395e-01,4.000662565231323242e-01,7.158805429935455322e-02,4.720422923564910889e-01,-5.655482411384582520e-02,-9.330166131258010864e-02,-3.465069234371185303e-01,-2.290179431438446045e-01,-2.518055438995361328e-01,8.021065592765808105e-01,-5.415065884590148926e-01,1.349951140582561493e-02,-7.075634598731994629e-02,-2.437292039394378662e-02,3.036396205425262451e-02,-1.043905973434448242e+00,1.140693724155426025e-01,-4.891374707221984863e-01,-6.514106877148151398e-03,-8.770952373743057251e-02,-3.557854294776916504e-01,1.763078421354293823e-01,-7.432993054389953613e-01,-2.459289729595184326e-01,3.545241057872772217e-01,-4.149043858051300049e-01,7.714605927467346191e-01,-3.451108634471893311e-01,-2.098176926374435425e-01
7.965877652168273926e-02,-5.184210091829299927e-02,7.359583973884582520e-01,-5.936532747000455856e-03,1.923887617886066437e-02,8.572328686714172363e-01,5.145351886749267578e-01,-4.884634613990783691e-01,4.086651504039764404e-01,9.456208348274230957e-02,5.133943557739257812e-01,-1.226590126752853394e-01,-5.639354512095451355e-02,-3.504367172718048096e-01,-2.326048314571380615e-01,-2.580160498619079590e-01,8.108693957328796387e-01,-5.265749096870422363e-01,1.806405186653137207e-02,-7.334001362323760986e-02,-1.992878504097461700e-02,3.005013056099414825e-02,-1.029577732086181641e+00,2.386188954114913940e-01,-4.683370590209960938e-01,-3.771221498027443886e-03,-9.520967304706573486e-02,-3.436599075794219971e-01,1.519587188959121704e-01,-6.974358558654785156e-01,-3.661523759365081787e-01,2.621392905712127686e-01,-4.090154170989990234e-01,7.637969851493835449e-01,-3.435030281543731689e-01,-1.774176210165023804e-01
7.626397907733917236e-02,-5.269797518849372864e-02,7.375268340110778809e-01,-9.857865981757640839e-03,1.123080682009458542e-02,8.571956157684326172e-01,5.147740840911865234e-01,-5.233092904090881348e-01,4.365308582782745361e-01,1.427249014377593994e-01,6.244425177574157715e-01,-1.749777942895889282e-01,-1.687937788665294647e-02,-3.605357706546783447e-01,-2.207723408937454224e-01,-2.599207758903503418e-01,8.369475603103637695e-01,-4.765044450759887695e-01,3.728257864713668823e-02,-8.337806910276412964e-02,-5.855080089531838894e-04,3.867792338132858276e-02,-9.412348270416259766e-01,4.607454240322113037e-01,-3.432096838951110840e-01,-1.059553399682044983e-02,-1.949297487735748291e-01,-3.587356805801391602e-01,1.384458541870117188e-01,-5.954536795616149902e-01,-5.815181732177734375e-01,5.649141594767570496e-02,-3.635779619216918945e-01,7.415271997451782227e-01,-3.418695926666259766e-01,-1.485849320888519287e-01
7.982970029115676880e-02,-5.597201362252235413e-02,7.381733655929565430e-01,-8.305799216032028198e-03,9.014913812279701233e-04,8.593226075172424316e-01,5.113657116889953613e-01,-5.580410361289978027e-01,4.621764123439788818e-01,1.686983257532119751e-01,7.845956087112426758e-01,-2.741110920906066895e-01,-8.123820647597312927e-03,-3.618745207786560059e-01,-1.974072158336639404e-01,-2.528451681137084961e-01,8.520818352699279785e-01,-4.345662593841552734e-01,4.836979508399963379e-02,-8.196096122264862061e-02,1.855248585343360901e-02,3.752386569976806641e-02,-7.954121232032775879e-01,7.961422801017761230e-01,-1.760223209857940674e-01,1.036523431539535522e-01,-2.220006883144378662e-01,-3.396801948547363281e-01,1.675919294357299805e-01,-4.223407506942749023e-01,-8.482050299644470215e-01,-2.091088443994522095e-01,-1.592596024274826050e-01,7.346612811088562012e-01,-3.543191552162170410e-01,-1.848449409008026123e-01
8.445210009813308716e-02,-5.631704255938529968e-02,7.372736334800720215e-01,-1.069898437708616257e-02,-5.620670970529317856e-03,8.608027696609497070e-01,5.087952017784118652e-01,-5.750341415405273438e-01,4.666475653648376465e-01,1.813863068819046021e-01,9.849820137023925781e-01,-4.050694406032562256e-01,1.419703010469675064e-02,-3.713313043117523193e-01,-1.716645807027816772e-01,-2.472602128982543945e-01,8.654230237007141113e-01,-4.193686246871948242e-01,3.837332874536514282e-02,-8.881280571222305298e-02,3.330762684345245361e-02,4.221066087484359741e-02,-5.816276073455810547e-01,1.159775257110595703e+00,-1.631790399551391602e-02,3.735500574111938477e-01,-1.138366386294364929e-01,-2.569105625152587891e-01,1.974938809871673584e-01,-1.915961056947708130e-01,-1.125884771347045898e+00,-4.519028067588806152e-01,1.916081458330154419e-01,5.011475086212158203e-01,-2.831595838069915771e-01,-2.663024067878723145e-01
8.358249813318252563e-02,-6.716346740722656250e-02,7.374225258827209473e-01,-1.474052947014570236e-02,-1.593891903758049011e-02,8.610407114028930664e-01,5.080724358558654785e-01,-5.727470517158508301e-01,4.374124109745025635e-01,2.131764590740203857e-01,1.138890385627746582e+00,-4.748097956180572510e-01,1.168963406234979630e-02,-3.879360258579254150e-01,-1.539567410945892334e-01,-2.453896999359130859e-01,8.720393776893615723e-01,-3.840160965919494629e-01,3.832855075597763062e-02,-9.938563406467437744e-02,5.493714287877082825e-02,2.907667681574821472e-02,-4.141559600830078125e-01,1.373184442520141602e+00,3.742091730237007141e-02,7.732537984848022461e-01,-4.539130628108978271e-02,-1.687084287405014038e-01,1.008448079228401184e-01,2.024160698056221008e-03,-1.365212559700012207e+00,-5.516190528869628906e-01,6.298122406005859375e-01,3.185400664806365967e-01,-1.859463006258010864e-01,-2.122676819562911987e-01
8.036825060844421387e-02,-6.802081316709518433e-02,7.401512265205383301e-01,-2.285160869359970093e-02,-1.464064698666334152e-02,8.649991750717163086e-01,5.010387897491455078e-01,-5.486347675323486328e-01,3.679554164409637451e-01,2.394314259290695190e-01,1.185440778732299805e+00,-4.868424534797668457e-01,1.938917208462953568e-03,-3.958322107791900635e-01,-1.464234888553619385e-01,-2.371532171964645386e-01,8.525735139846801758e-01,-3.681469261646270752e-01,2.362036705017089844e-02,-1.085312739014625549e-01,7.396837323904037476e-02,1.183325238525867462e-02,-3.359928727149963379e-01,1.463951110839843750e+00,2.663067728281021118e-02,1.201095700263977051e+00,9.179960936307907104e-02,-1.125785484910011292e-01,-4.414084553718566895e-02,1.101770028471946716e-01,-1.522811174392700195e+00,-5.539585351943969727e-01,1.110740900039672852e+00,1.520669013261795044e-01,-1.048138961195945740e-01,-4.174107313156127930e-02
7.914855331182479858e-02,-6.999014317989349365e-02,7.429262995719909668e-01,-2.037500962615013123e-02,-1.373075135052204132e-02,8.646714091300964355e-01,5.017367005348205566e-01,-4.977552890777587891e-01,2.790606319904327393e-01,2.446946948766708374e-01,1.159562468528747559e+00,-4.944658875465393066e-01,-1.015513553284108639e-03,-3.987874984741210938e-01,-1.389637738466262817e-01,-2.089406102895736694e-01,8.477532863616943359e-01,-3.520065546035766602e-01,1.377029903233051300e-02,-1.081607416272163391e-01,7.589896768331527710e-02,-3.959928289987146854e-04,-2.967486381530761719e-01,1.531379103660583496e+00,6.039018556475639343e-02,1.507815599441528320e+00,1.479848027229309082e-01,-9.267494827508926392e-02,-1.418135315179824829e-01,1.795961111783981323e-01,-1.603331685066223145e+00,-5.452892184257507324e-01,1.410074830055236816e+00,-8.176499046385288239e-03,-8.158710598945617676e-02,8.164346963167190552e-02
7.441378384828567505e-02,-7.234591245651245117e-02,7.448761463165283203e-01,-2.021889202296733856e-02,-1.149714458733797073e-02,8.639985918998718262e-01,5.029566884040832520e-01,-4.372637569904327393e-01,2.017266750335693359e-01,2.435823976993560791e-01,1.072897911071777344e+00,-5.090175867080688477e-01,4.391056485474109650e-03,-4.140871167182922363e-01,-1.350093334913253784e-01,-1.745566576719284058e-01,8.575873374938964844e-01,-3.400308787822723389e-01,1.596001535654067993e-02,-1.180721521377563477e-01,6.690003722906112671e-02,-1.959217526018619537e-02,-2.629553377628326416e-01,1.596864342689514160e+00,1.315789073705673218e-01,1.657669544219970703e+00,9.331290423870086670e-02,-8.392307907342910767e-02,-1.385640054941177368e-01,2.258021235466003418e-01,-1.634190201759338379e+00,-5.805082321166992188e-01,1.550746679306030273e+00,-2.680379524827003479e-02,-6.523016095161437988e-02,9.168481826782226562e-02
6.769370287656784058e-02,-7.740166038274765015e-02,7.467413544654846191e-01,-1.785214804112911224e-02,-1.004651840776205063e-02,8.650334477424621582e-01,5.012958645820617676e-01,-3.776890635490417480e-01,1.389155387878417969e-01,2.452736794948577881e-01,9.775383472442626953e-01,-5.081044435501098633e-01,1.211519632488489151e-02,-4.281651377677917480e-01,-1.389753371477127075e-01,-1.403612196445465088e-01,8.735002875328063965e-01,-3.290786743164062500e-01,2.688349969685077667e-02,-1.297922283411026001e-01,5.294379591941833496e-02,-2.762719616293907166e-02,-2.050258070230484009e-01,1.631134510040283203e+00,1.853124797344207764e-01,1.699999928474426270e+00,7.701865583658218384e-02,-7.121133804321289062e-02,-1.624285578727722168e-01,2.715278565883636475e-01,-1.649784207344055176e+00,-6.232151985168457031e-01,1.620207309722900391e+00,-2.510790526866912842e-02,-5.222173035144805908e-02,1.200007870793342590e-01
6.287755817174911499e-02,-8.557362854480743408e-02,7.481943964958190918e-01,-1.350550446659326553e-02,-6.253252271562814713e-03,8.668429851531982422e-01,4.983589947223663330e-01,-3.294743597507476807e-01,7.826298475265502930e-02,2.381441444158554077e-01,8.871386647224426270e-01,-5.051963925361633301e-01,2.717278711497783661e-02,-4.589677453041076660e-01,-1.371803730726242065e-01,-8.966742455959320068e-02,9.161370992660522461e-01,-3.378183245658874512e-01,3.777649253606796265e-02,-1.407470703125000000e-01,3.605984896421432495e-02,-2.693012543022632599e-02,-1.455741971731185913e-01,1.649613618850708008e+00,2.525591552257537842e-01,1.700000047683715820e+00,6.720541417598724365e-02,-4.474739357829093933e-02,-1.874380856752395630e-01,3.208819329738616943e-01,-1.655212521553039551e+00,-6.714618802070617676e-01,1.661055803298950195e+00,-2.606977149844169617e-02,-4.387708753347396851e-02,1.529757082462310791e-01
6.010997667908668518e-02,-9.517880529165267944e-02,7.486750483512878418e-01,-8.021042682230472565e-03,-5.321195349097251892e-03,8.685546517372131348e-01,4.954999685287475586e-01,-3.088071942329406738e-01,4.524507001042366028e-02,2.363193333148956299e-01,8.348986506462097168e-01,-4.910631477832794189e-01,3.822064027190208435e-02,-5.015273094177246094e-01,-1.347938328981399536e-01,-7.109811156988143921e-02,9.889327883720397949e-01,-3.504922986030578613e-01,3.537952154874801636e-02,-1.548318564891815186e-01,2.718172967433929443e-02,-1.962805539369583130e-02,-1.209926232695579529e-01,1.660192131996154785e+00,3.004950582981109619e-01,1.700000047683715820e+00,4.151915386319160461e-02,-3.926366195082664490e-02,-1.973736584186553955e-01,3.446035981178283691e-01,-1.665847897529602051e+00,-7.038268446922302246e-01,1.668581366539001465e+00,-2.875544689595699310e-02,-3.449901938438415527e-02,1.604203581809997559e-01
5.893179029226303101e-02,-1.051457375288009644e-01,7.484297752380371094e-01,-6.032297853380441666e-03,-2.352705458179116249e-03,8.690378069877624512e-01,4.947032928466796875e-01,-2.946106791496276855e-01,2.027911320328712463e-02,2.422562688589096069e-01,7.892332077026367188e-01,-4.818436205387115479e-01,4.553404822945594788e-02,-5.350235104560852051e-01,-1.421290040016174316e-01,-7.676098495721817017e-02,1.048477888107299805e+00,-3.599329292774200439e-01,2.211028337478637695e-02,-1.716081351041793823e-01,1.672868803143501282e-02,-1.487567089498043060e-02,-1.164996400475502014e-01,1.675034046173095703e+00,3.363172709941864014e-01,1.700000047683715820e+00,1.494698785245418549e-02,-5.105361342430114746e-02,-2.045625448226928711e-01,3.461012840270996094e-01,-1.689452171325683594e+00,-7.415077686309814453e-01,1.662608385086059570e+00,-1.653940603137016296e-02,-3.253602236509323120e-02,1.634242236614227295e-01
5.885058641433715820e-02,-1.136681884527206421e-01,7.468708157539367676e-01,-4.178381524980068207e-03,-2.512127684894949198e-04,8.694837093353271484e-01,4.939438998699188232e-01,-2.903760075569152832e-01,1.033684425055980682e-02,2.578534781932830811e-01,7.708628177642822266e-01,-4.866446256637573242e-01,4.848696291446685791e-02,-5.593699216842651367e-01,-1.470937877893447876e-01,-9.270095080137252808e-02,1.094220042228698730e+00,-3.763044178485870361e-01,9.469363838434219360e-03,-1.907391548156738281e-01,6.493729073554277420e-03,-8.157616481184959412e-03,-1.195293813943862915e-01,1.693707585334777832e+00,3.584424853324890137e-01,1.699805378913879395e+00,-1.421216223388910294e-02,-6.203279271721839905e-02,-2.056099921464920044e-01,3.430440723896026611e-01,-1.714698672294616699e+00,-7.689057588577270508e-01,1.654196143150329590e+00,-8.605451148469001055e-05,-3.594433516263961792e-02,1.593899577856063843e-01
5.909264832735061646e-02,-1.204967498779296875e-01,7.437502741813659668e-01,-7.380428723990917206e-04,6.515045184642076492e-03,8.706915378570556641e-01,4.917858242988586426e-01,-2.941413521766662598e-01,-1.011745631694793701e-02,2.556646764278411865e-01,7.618247270584106445e-01,-4.879636168479919434e-01,4.924049600958824158e-02,-5.658817887306213379e-01,-1.409674286842346191e-01,-8.672209829092025757e-02,1.108766674995422363e+00,-4.028936326503753662e-01,5.459898617118597031e-03,-2.025465965270996094e-01,-7.584520615637302399e-03,-2.669337205588817596e-03,-1.234009265899658203e-01,1.722321629524230957e+00,3.859040439128875732e-01,1.675896525382995605e+00,-5.952076613903045654e-02,-7.210083305835723877e-02,-1.977875083684921265e-01,3.390607535839080811e-01,-1.745073795318603516e+00,-8.053113222122192383e-01,1.632951974868774414e+00,3.170667588710784912e-02,-4.678970947861671448e-02,1.435388773679733276e-01
5.962778255343437195e-02,-1.252010315656661987e-01,7.377194762229919434e-01,3.011590335518121719e-03,1.479462347924709320e-02,8.736521601676940918e-01,4.863167703151702881e-01,-3.075017631053924561e-01,-2.356053516268730164e-02,2.583129703998565674e-01,7.775312662124633789e-01,-5.008491277694702148e-01,4.791986197233200073e-02,-5.557252764701843262e-01,-1.276874095201492310e-01,-7.112397253513336182e-02,1.100968003273010254e+00,-4.317474067211151123e-01,9.477764368057250977e-03,-2.102903425693511963e-01,-2.031249180436134338e-02,2.967885462567210197e-03,-1.240805909037590027e-01,1.744998693466186523e+00,4.050614833831787109e-01,1.599462389945983887e+00,-1.010044068098068237e-01,-9.176934510469436646e-02,-1.596391499042510986e-01,3.350656926631927490e-01,-1.771059870719909668e+00,-8.352476358413696289e-01,1.568215250968933105e+00,6.316586583852767944e-02,-7.436810433864593506e-02,1.091233119368553162e-01
6.069842353463172913e-02,-1.283071637153625488e-01,7.291945815086364746e-01,3.100443398579955101e-03,2.143564261496067047e-02,8.775995373725891113e-01,4.789049029350280762e-01,-3.330571651458740234e-01,-2.844035439193248749e-02,2.524593770503997803e-01,8.192334771156311035e-01,-5.245777964591979980e-01,5.177799984812736511e-02,-5.390582680702209473e-01,-1.072738096117973328e-01,-4.662612453103065491e-02,1.078282833099365234e+00,-4.693207740783691406e-01,1.455387938767671585e-02,-2.154748737812042236e-01,-3.150982409715652466e-02,-5.166740738786756992e-04,-1.161831766366958618e-01,1.767953515052795410e+00,4.233141839504241943e-01,1.457314014434814453e+00,-1.773875951766967773e-01,-1.237197741866111755e-01,-6.362971663475036621e-02,3.391496837139129639e-01,-1.776126265525817871e+00,-8.628893494606018066e-01,1.433265924453735352e+00,1.293701678514480591e-01,-1.193044111132621765e-01,2.979572862386703491e-02
6.266871839761734009e-02,-1.310663670301437378e-01,7.174993157386779785e-01,2.001959364861249924e-03,2.207614108920097351e-02,8.800291419029235840e-01,4.744020700454711914e-01,-3.660917580127716064e-01,-5.149004049599170685e-03,2.603037953376770020e-01,8.934779167175292969e-01,-5.638759732246398926e-01,6.052824854850769043e-02,-5.281192660331726074e-01,-8.862993121147155762e-02,-4.718325287103652954e-02,1.059411644935607910e+00,-5.166555047035217285e-01,2.299208194017410278e-03,-1.977799981832504272e-01,-4.687854275107383728e-02,-3.246002830564975739e-03,-7.532473653554916382e-02,1.770619630813598633e+00,4.900418519973754883e-01,1.101938843727111816e+00,-2.495118528604507446e-01,-2.097475677728652954e-01,1.859055906534194946e-01,4.871415793895721436e-01,-1.647376298904418945e+00,-1.028517246246337891e+00,1.039516687393188477e+00,2.075134217739105225e-01,-2.115667611360549927e-01,-1.889050155878067017e-01
6.365408003330230713e-02,-1.332148462533950806e-01,7.035300135612487793e-01,5.994726903736591339e-03,1.884184405207633972e-02,8.800978660583496094e-01,4.743804037570953369e-01,-4.044676423072814941e-01,1.757998578250408173e-02,2.567486763000488281e-01,9.912635684013366699e-01,-5.903211832046508789e-01,7.204777002334594727e-02,-5.229661464691162109e-01,-8.514766395092010498e-02,-6.324308365583419800e-02,1.066151142120361328e+00,-5.862184762954711914e-01,-3.280660510063171387e-02,-1.501304209232330322e-01,-2.781425416469573975e-02,3.260983154177665710e-02,-2.674963325262069702e-03,1.665469646453857422e+00,6.288637518882751465e-01,6.854625940322875977e-01,-1.966772973537445068e-01,-2.712787389755249023e-01,3.369971215724945068e-01,6.519459486007690430e-01,-1.484087586402893066e+00,-1.281160235404968262e+00,5.575202703475952148e-01,1.979205012321472168e-01,-2.701498866081237793e-01,-3.429259955883026123e-01
6.969628483057022095e-02,-1.357405185699462891e-01,6.899023652076721191e-01,1.192149240523576736e-02,1.134293898940086365e-02,8.835008740425109863e-01,4.681403934955596924e-01,-4.360702335834503174e-01,3.970238938927650452e-02,2.427215874195098877e-01,1.071587443351745605e+00,-6.187800168991088867e-01,9.431347250938415527e-02,-5.169705152511596680e-01,-6.851068139076232910e-02,-6.503310799598693848e-02,1.087184548377990723e+00,-6.637589335441589355e-01,-6.664542108774185181e-02,-1.377551704645156860e-01,1.464875601232051849e-02,6.713746488094329834e-02,4.455474670976400375e-03,1.482680559158325195e+00,7.300820350646972656e-01,2.463575601577758789e-01,-1.130245402455329895e-01,-3.186914026737213135e-01,4.753035604953765869e-01,5.580899715423583984e-01,-1.390482902526855469e+00,-1.310579776763916016e+00,1.369993537664413452e-01,1.545040011405944824e-01,-2.968980967998504639e-01,-4.666596651077270508e-01
7.825482636690139771e-02,-1.456275135278701782e-01,6.802200675010681152e-01,2.135731093585491180e-02,-2.857868093997240067e-03,8.865078687667846680e-01,4.622115492820739746e-01,-4.665386974811553955e-01,6.437604874372482300e-02,2.229452431201934814e-01,1.139115929603576660e+00,-6.070170402526855469e-01,1.030647307634353638e-01,-5.111724138259887695e-01,-4.915261641144752502e-02,-7.223669439554214478e-02,1.109019756317138672e+00,-6.934201717376708984e-01,-9.525032341480255127e-02,-1.347169280052185059e-01,3.590098023414611816e-02,8.542695641517639160e-02,-2.066277563571929932e-01,1.279447197914123535e+00,6.185490489006042480e-01,-1.299562752246856689e-01,1.026830542832612991e-02,-3.408471643924713135e-01,5.930855274200439453e-01,2.447585612535476685e-01,-1.275699496269226074e+00,-1.058435559272766113e+00,-2.162247151136398315e-01,1.001527681946754456e-01,-3.135623633861541748e-01,-5.669206380844116211e-01
7.874955236911773682e-02,-1.596998870372772217e-01,6.789654493331909180e-01,2.674494124948978424e-02,-1.844957470893859863e-02,8.886624574661254883e-01,4.574093520641326904e-01,-4.865218997001647949e-01,8.612716943025588989e-02,2.160080373287200928e-01,1.181176424026489258e+00,-5.529103279113769531e-01,8.416904509067535400e-02,-5.036409497261047363e-01,-4.485159367322921753e-02,-8.588556200265884399e-02,1.110855460166931152e+00,-6.526959538459777832e-01,-1.007985249161720276e-01,-1.312919557094573975e-01,3.205100446939468384e-02,9.512836486101150513e-02,-5.004547834396362305e-01,1.043110728263854980e+00,3.495740890502929688e-01,-3.241241574287414551e-01,2.751707285642623901e-02,-3.643960654735565186e-01,5.786807537078857422e-01,-8.712805062532424927e-02,-1.081060528755187988e+00,-6.933450698852539062e-01,-4.389072060585021973e-01,1.453177779912948608e-01,-3.346919715404510498e-01,-5.429295897483825684e-01
7.421819865703582764e-02,-1.726082712411880493e-01,6.856728792190551758e-01,3.064714558422565460e-02,-3.536102920770645142e-02,8.942846059799194336e-01,4.450454115867614746e-01,-5.017518997192382812e-01,1.101804599165916443e-01,2.164193987846374512e-01,1.225483655929565430e+00,-4.938114583492279053e-01,5.217643827199935913e-02,-4.704275727272033691e-01,-6.187542900443077087e-02,-1.236943155527114868e-01,1.079309821128845215e+00,-5.691292285919189453e-01,-5.160668864846229553e-02,-1.429513245820999146e-01,3.561276197433471680e-02,1.251218169927597046e-01,-7.463614940643310547e-01,6.496825218200683594e-01,1.566283777356147766e-02,-3.496618270874023438e-01,-1.133663952350616455e-01,-3.844301104545593262e-01,4.106324911117553711e-01,-3.461247682571411133e-01,-8.188087940216064453e-01,-3.444996774196624756e-01,-4.799401760101318359e-01,3.605584800243377686e-01,-3.408453464508056641e-01,-4.009116888046264648e-01
7.811319828033447266e-02,-1.777096986770629883e-01,6.990374326705932617e-01,3.249597176909446716e-02,-3.870541602373123169e-02,8.991177082061767578e-01,4.347795844078063965e-01,-4.754737913608551025e-01,1.306467503309249878e-01,2.193377614021301270e-01,1.219877004623413086e+00,-4.650675356388092041e-01,2.075996436178684235e-02,-4.368252456188201904e-01,-7.807170599699020386e-02,-1.586290150880813599e-01,1.012754678726196289e+00,-4.757151007652282715e-01,4.767114762216806412e-03,-1.475629806518554688e-01,3.898470476269721985e-02,1.377280205488204956e-01,-8.937215805053710938e-01,3.805160820484161377e-01,-1.662942022085189819e-01,-1.798078715801239014e-01,-1.632807552814483643e-01,-3.626320362091064453e-01,3.379304409027099609e-01,-4.709239006042480469e-01,-6.957680583000183105e-01,-1.837469488382339478e-01,-3.277987241744995117e-01,5.160564780235290527e-01,-3.358934819698333740e-01,-3.276812434196472168e-01
8.467774838209152222e-02,-1.776045113801956177e-01,7.164236903190612793e-01,4.264571890234947205e-02,-3.706032037734985352e-02,8.996081352233886719e-01,4.330278635025024414e-01,-4.167532920837402344e-01,1.399609893560409546e-01,2.131639420986175537e-01,1.221230745315551758e+00,-4.421696364879608154e-01,-8.956745266914367676e-03,-3.914964199066162109e-01,-8.782957494258880615e-02,-1.738850027322769165e-01,9.453557729721069336e-01,-3.644423782825469971e-01,7.703194022178649902e-02,-1.415313184261322021e-01,2.297326363623142242e-02,1.362365186214447021e-01,-1.087368965148925781e+00,2.063766270875930786e-01,-3.620814979076385498e-01,2.783870697021484375e-01,-2.149001955986022949e-01,-3.425620496273040771e-01,3.251344561576843262e-01,-6.463326215744018555e-01,-7.171925306320190430e-01,-9.782434441149234772e-03,9.567349404096603394e-02,6.929478645324707031e-01,-3.360950052738189697e-01,-2.511727213859558105e-01
8.743666857481002808e-02,-1.860746443271636963e-01,7.352821826934814453e-01,5.931398645043373108e-02,-3.998421505093574524e-02,9.038422107696533203e-01,4.218439459800720215e-01,-3.244508504867553711e-01,1.639630347490310669e-01,2.207514792680740356e-01,1.234353661537170410e+00,-3.638195395469665527e-01,-5.067692324519157410e-02,-3.356042206287384033e-01,-9.754074364900588989e-02,-1.741887480020523071e-01,8.672815561294555664e-01,-2.366836071014404297e-01,1.247157454490661621e-01,-1.504558622837066650e-01,1.493699615821242332e-03,1.040784865617752075e-01,-1.312401771545410156e+00,8.024699985980987549e-02,-5.805863142013549805e-01,8.982871174812316895e-01,-2.323884516954421997e-01,-2.686638832092285156e-01,2.171140164136886597e-01,-9.204873442649841309e-01,-7.919865250587463379e-01,2.773559689521789551e-01,7.314166426658630371e-01,7.778557538986206055e-01,-2.418481558561325073e-01,-1.076689139008522034e-01
8.979439735412597656e-02,-1.938270181417465210e-01,7.515662908554077148e-01,7.202619314193725586e-02,-4.307796806097030640e-02,9.058696627616882324e-01,4.151585996150970459e-01,-2.506149113178253174e-01,2.046918720006942749e-01,2.074345350265502930e-01,1.278113961219787598e+00,-2.650825381278991699e-01,-9.612223505973815918e-02,-2.878310382366180420e-01,-6.825373321771621704e-02,-1.164230182766914368e-01,7.564966678619384766e-01,-1.563383489847183228e-01,1.695493012666702271e-01,-1.663618087768554688e-01,-2.797004533931612968e-03,5.368999391794204712e-02,-1.490609407424926758e+00,2.097099088132381439e-02,-7.587949633598327637e-01,1.241769433021545410e+00,-1.111439168453216553e-01,-1.750240921974182129e-01,4.618404060602188110e-02,-1.165590643882751465e+00,-8.026825189590454102e-01,5.408592820167541504e-01,1.157950162887573242e+00,6.718396544456481934e-01,-1.009586304426193237e-01,9.070676565170288086e-02
9.064253419637680054e-02,-2.020501196384429932e-01,7.649053335189819336e-01,5.903304740786552429e-02,-4.433910176157951355e-02,9.055219292640686035e-01,4.178267419338226318e-01,-2.013251632452011108e-01,2.363580912351608276e-01,1.759448498487472534e-01,1.295404314994812012e+00,-1.941452175378799438e-01,-1.757846623659133911e-01,-2.526226639747619629e-01,-3.647221997380256653e-02,-7.309835404157638550e-02,6.292250156402587891e-01,-9.212481230497360229e-02,1.999814361333847046e-01,-1.877345144748687744e-01,8.293069899082183838e-03,-8.041419088840484619e-03,-1.692793130874633789e+00,5.458123981952667236e-02,-8.121685981750488281e-01,1.337881326675415039e+00,-8.706881850957870483e-02,-1.760518252849578857e-01,-2.557082846760749817e-02,-1.470682859420776367e+00,-8.169676065444946289e-01,7.896668910980224609e-01,1.302742600440979004e+00,3.608263731002807617e-01,-6.963698565959930420e-02,1.858655214309692383e-01
9.002666920423507690e-02,-2.089184969663619995e-01,7.764836549758911133e-01,4.537368565797805786e-02,-3.816415369510650635e-02,9.051992893218994141e-01,4.208312928676605225e-01,-1.432008892297744751e-01,2.605854570865631104e-01,1.660567969083786011e-01,1.261337161064147949e+00,-1.201921030879020691e-01,-2.364201247692108154e-01,-2.396799325942993164e-01,-3.340496122837066650e-02,-4.059734195470809937e-02,5.422737002372741699e-01,-4.571681469678878784e-02,2.122649401426315308e-01,-2.034574896097183228e-01,1.280801370739936829e-02,-6.333991885185241699e-02,-1.845402956008911133e+00,1.072906553745269775e-01,-8.619758486747741699e-01,1.374715089797973633e+00,-1.560083925724029541e-01,-1.594520658254623413e-01,-6.306348741054534912e-02,-1.644752621650695801e+00,-8.208019733428955078e-01,8.479657173156738281e-01,1.376253128051757812e+00,3.889505267143249512e-01,-6.077438592910766602e-02,1.913452893495559692e-01
8.749540895223617554e-02,-2.186143845319747925e-01,7.884984016418457031e-01,3.273329138755798340e-02,-2.225616015493869781e-02,9.114084243774414062e-01,4.095948338508605957e-01,-1.160558536648750305e-01,2.331818193197250366e-01,1.517200469970703125e-01,1.202614903450012207e+00,-2.776210382580757141e-02,-2.617999911308288574e-01,-2.452922463417053223e-01,-7.973534613847732544e-02,-1.663173548877239227e-02,4.835985004901885986e-01,1.821727305650711060e-02,2.317249327898025513e-01,-2.258013486862182617e-01,-3.718760854098945856e-04,-1.191813796758651733e-01,-2.017851114273071289e+00,1.469967067241668701e-01,-9.367894530296325684e-01,1.421525597572326660e+00,-1.665584146976470947e-01,-1.524211615324020386e-01,-1.339234113693237305e-01,-1.860368728637695312e+00,-8.209727406501770020e-01,9.744659066200256348e-01,1.423330903053283691e+00,3.241439163684844971e-01,-6.538791954517364502e-02,2.363903075456619263e-01
8.519562333822250366e-02,-2.275641858577728271e-01,7.988280653953552246e-01,1.300196442753076553e-02,-9.663175791501998901e-03,9.159640669822692871e-01,4.009331464767456055e-01,-8.439341932535171509e-02,2.206432074308395386e-01,1.458814889192581177e-01,1.112650632858276367e+00,3.741857036948204041e-02,-2.617999911308288574e-01,-2.452841103076934814e-01,-1.106562465429306030e-01,2.677434356883168221e-03,4.170387387275695801e-01,6.637991964817047119e-02,2.382921129465103149e-01,-2.423802167177200317e-01,-6.040598731487989426e-03,-1.722545325756072998e-01,-2.177430391311645508e+00,1.870005875825881958e-01,-9.792197942733764648e-01,1.431912660598754883e+00,-1.851618438959121704e-01,-1.570104509592056274e-01,-1.546141952276229858e-01,-2.069429397583007812e+00,-8.043615221977233887e-01,1.072976589202880859e+00,1.422245860099792480e+00,3.071323335170745850e-01,-8.346657454967498779e-02,2.529938519001007080e-01
8.398150652647018433e-02,-2.338807135820388794e-01,8.054578900337219238e-01,-8.365621761186048388e-05,-7.306405808776617050e-03,9.180461764335632324e-01,3.964061439037322998e-01,-4.031812772154808044e-02,2.219924479722976685e-01,1.144510954618453979e-01,1.008975505828857422e+00,6.324742734432220459e-02,-2.617999911308288574e-01,-2.421789914369583130e-01,-1.201183944940567017e-01,8.374864235520362854e-03,3.853046298027038574e-01,7.193370908498764038e-02,2.451249957084655762e-01,-2.364100813865661621e-01,-4.178231465630233288e-04,-2.083877325057983398e-01,-2.324814558029174805e+00,2.110020220279693604e-01,-1.026011466979980469e+00,1.412328362464904785e+00,-2.353300452232360840e-01,-1.555728316307067871e-01,-1.168017685413360596e-01,-2.267549753189086914e+00,-7.921477556228637695e-01,1.155861020088195801e+00,1.407434105873107910e+00,3.621816039085388184e-01,-9.184685349464416504e-02,2.409939467906951904e-01
8.246590197086334229e-02,-2.408947199583053589e-01,8.097411990165710449e-01,-9.224158711731433868e-03,-5.612938664853572845e-03,9.218469262123107910e-01,3.874037265777587891e-01,-4.031479358673095703e-03,2.179653495550155640e-01,9.601482748985290527e-02,9.007806181907653809e-01,8.044729381799697876e-02,-2.617999911308288574e-01,-2.398668676614761353e-01,-1.376117914915084839e-01,-1.016456913203001022e-02,3.599903285503387451e-01,7.781066745519638062e-02,2.488289922475814819e-01,-2.294943183660507202e-01,7.790184579789638519e-03,-2.295752763748168945e-01,-2.444610118865966797e+00,2.405214309692382812e-01,-1.054660916328430176e+00,1.380081892013549805e+00,-2.702963352203369141e-01,-1.492284685373306274e-01,-7.832065224647521973e-02,-2.422899007797241211e+00,-7.708241343498229980e-01,1.211866736412048340e+00,1.376945376396179199e+00,3.958854973316192627e-01,-1.014422029256820679e-01,1.935569047927856445e-01
8.254434168338775635e-02,-2.473556250333786011e-01,8.103880286216735840e-01,-1.604763977229595184e-02,-8.557735942304134369e-03,9.252611994743347168e-01,3.788944184780120850e-01,3.003018908202648163e-02,2.312524318695068359e-01,7.267957180738449097e-02,7.928672432899475098e-01,6.826826930046081543e-02,-2.617999911308288574e-01,-2.429008930921554565e-01,-1.414561420679092407e-01,-2.323929965496063232e-02,3.457943499088287354e-01,8.709354698657989502e-02,2.559193074703216553e-01,-2.237689644098281860e-01,2.201407961547374725e-02,-2.328243106603622437e-01,-2.538448572158813477e+00,2.735799551010131836e-01,-1.064425826072692871e+00,1.334732770919799805e+00,-3.198638558387756348e-01,-1.540909558534622192e-01,-3.381394594907760620e-02,-2.547652006149291992e+00,-7.532285451889038086e-01,1.277093529701232910e+00,1.329409360885620117e+00,3.989398181438446045e-01,-1.081867739558219910e-01,1.542408019304275513e-01
8.483123779296875000e-02,-2.543013393878936768e-01,8.073530793190002441e-01,-1.999801397323608398e-02,-1.453716680407524109e-02,9.270058274269104004e-01,3.742312192916870117e-01,5.438939854502677917e-02,2.521126866340637207e-01,6.333337724208831787e-02,6.948481798171997070e-01,4.653910547494888306e-02,-2.617999911308288574e-01,-2.455487996339797974e-01,-1.425082683563232422e-01,-5.242470279335975647e-02,3.358880877494812012e-01,8.019665628671646118e-02,2.617999911308288574e-01,-2.099227458238601685e-01,3.335455060005187988e-02,-2.189747244119644165e-01,-2.600432157516479492e+00,3.146039843559265137e-01,-1.100577592849731445e+00,1.267643809318542480e+00,-3.315149247646331787e-01,-1.639587134122848511e-01,8.042289875447750092e-03,-2.624092102050781250e+00,-7.531685233116149902e-01,1.337725281715393066e+00,1.271533966064453125e+00,4.133176505565643311e-01,-1.151909679174423218e-01,1.081244274973869324e-01
8.953572064638137817e-02,-2.622496485710144043e-01,8.004733920097351074e-01,-2.416810393333435059e-02,-2.559191547334194183e-02,9.287596940994262695e-01,3.690072894096374512e-01,6.321813166141510010e-02,2.899141907691955566e-01,6.330882757902145386e-02,6.340639591217041016e-01,-4.188467934727668762e-02,-2.617999911308288574e-01,-2.564304172992706299e-01,-1.379387229681015015e-01,-8.100735396146774292e-02,3.440879583358764648e-01,4.577883705496788025e-02,2.617999911308288574e-01,-2.021785080432891846e-01,5.064949393272399902e-02,-1.978081017732620239e-01,-2.629363536834716797e+00,3.479000031948089600e-01,-1.124205827713012695e+00,1.197358608245849609e+00,-3.009944856166839600e-01,-1.875026822090148926e-01,5.646705999970436096e-02,-2.649634122848510742e+00,-7.745283246040344238e-01,1.377773165702819824e+00,1.223968148231506348e+00,3.863559961318969727e-01,-1.339101046323776245e-01,6.571563333272933960e-02
9.494633972644805908e-02,-2.725388407707214355e-01,7.916290163993835449e-01,-2.068544365465641022e-02,-3.528152406215667725e-02,9.318785667419433594e-01,3.604576289653778076e-01,6.083193421363830566e-02,3.133473992347717285e-01,5.936837941408157349e-02,6.128970384597778320e-01,-1.546712815761566162e-01,-2.507784366607666016e-01,-2.607265114784240723e-01,-1.384952962398529053e-01,-1.019370630383491516e-01,3.590480685234069824e-01,-2.482669660821557045e-03,2.502905428409576416e-01,-1.935037672519683838e-01,6.375220417976379395e-02,-1.600632518529891968e-01,-2.625104665756225586e+00,3.779731690883636475e-01,-1.107558727264404297e+00,1.093610167503356934e+00,-2.804825007915496826e-01,-2.289168536663055420e-01,1.413745433092117310e-01,-2.639525413513183594e+00,-8.269739747047424316e-01,1.396507978439331055e+00,1.162529945373535156e+00,3.722439706325531006e-01,-1.572277396917343140e-01,4.239673260599374771e-03
1.008246392011642456e-01,-2.852034568786621094e-01,7.817171812057495117e-01,-1.540793199092149734e-02,-4.262458160519599915e-02,9.357849359512329102e-01,3.496460020542144775e-01,4.070656001567840576e-02,3.292298614978790283e-01,8.714568614959716797e-02,6.355355978012084961e-01,-2.706716060638427734e-01,-2.102833837270736694e-01,-2.634011507034301758e-01,-1.430564075708389282e-01,-1.053721457719802856e-01,3.673989176750183105e-01,-3.539725765585899353e-02,2.531307935714721680e-01,-1.956284195184707642e-01,6.756614893674850464e-02,-1.079541817307472229e-01,-2.591871738433837891e+00,3.879280686378479004e-01,-1.072662115097045898e+00,9.926503896713256836e-01,-2.775992453098297119e-01,-2.558488845825195312e-01,2.208704799413681030e-01,-2.587015151977539062e+00,-8.837202787399291992e-01,1.382153391838073730e+00,1.129777431488037109e+00,3.883476555347442627e-01,-1.634427160024642944e-01,-6.627032905817031860e-02
1.083630695939064026e-01,-2.983947694301605225e-01,7.706440091133117676e-01,-1.932505401782691479e-03,-5.189372971653938293e-02,9.389105439186096191e-01,3.402208983898162842e-01,4.906955175101757050e-03,3.463076949119567871e-01,1.113331019878387451e-01,7.080270051956176758e-01,-3.775572478771209717e-01,-1.712354868650436401e-01,-2.623272538185119629e-01,-1.470272839069366455e-01,-1.083494052290916443e-01,3.863988220691680908e-01,-5.642950907349586487e-02,2.599552571773529053e-01,-1.974895149469375610e-01,6.146269664168357849e-02,-4.519593343138694763e-02,-2.499736070632934570e+00,3.632676601409912109e-01,-1.002646327018737793e+00,8.734042644500732422e-01,-2.627122700214385986e-01,-2.803795337677001953e-01,3.012477159500122070e-01,-2.473360300064086914e+00,-9.632925391197204590e-01,1.323508858680725098e+00,1.100217938423156738e+00,4.064000844955444336e-01,-1.736155599355697632e-01,-1.510332226753234863e-01
1.182355359196662903e-01,-3.089858591556549072e-01,7.599586844444274902e-01,1.611451245844364166e-02,-6.535378098487854004e-02,9.419737458229064941e-01,3.288687467575073242e-01,-2.731019631028175354e-02,3.785676658153533936e-01,1.320395171642303467e-01,7.950960993766784668e-01,-4.593046605587005615e-01,-1.177804321050643921e-01,-2.522641122341156006e-01,-1.479883939027786255e-01,-1.477729380130767822e-01,4.162927269935607910e-01,-8.001002669334411621e-02,2.617999911308288574e-01,-1.841049939393997192e-01,5.138109251856803894e-02,1.952597685158252716e-02,-2.333461523056030273e+00,2.869098484516143799e-01,-9.105325937271118164e-01,7.750834226608276367e-01,-2.459127455949783325e-01,-2.713767588138580322e-01,3.607999980449676514e-01,-2.261640310287475586e+00,-1.064025521278381348e+00,1.173885822296142578e+00,1.096459865570068359e+00,4.516873955726623535e-01,-1.715152710676193237e-01,-2.479998916387557983e-01
1.340360194444656372e-01,-3.283703029155731201e-01,7.510466575622558594e-01,2.950403094291687012e-02,-8.541040122509002686e-02,9.406462311744689941e-01,3.271379172801971436e-01,-5.555381253361701965e-02,4.156566560268402100e-01,1.235939189791679382e-01,8.698509335517883301e-01,-5.463595986366271973e-01,-9.647297114133834839e-02,-2.588171064853668213e-01,-1.222221031785011292e-01,-1.732892245054244995e-01,4.363506436347961426e-01,-5.662267282605171204e-02,2.617999911308288574e-01,-1.589597165584564209e-01,5.230028554797172546e-02,9.674207866191864014e-02,-2.144485712051391602e+00,1.858399063348770142e-01,-8.045731782913208008e-01,7.240246534347534180e-01,-2.604944109916687012e-01,-2.792941331863403320e-01,4.140615165233612061e-01,-2.012640476226806641e+00,-1.130835533142089844e+00,9.632722139358520508e-01,1.120266437530517578e+00,5.334106087684631348e-01,-1.800323426723480225e-01,-3.226263225078582764e-01
1.522927582263946533e-01,-3.420571684837341309e-01,7.449380755424499512e-01,4.439091682434082031e-02,-1.004534214735031128e-01,9.392993450164794922e-01,3.250465691089630127e-01,-8.112096041440963745e-02,4.333375394344329834e-01,8.352671563625335693e-02,9.308339953422546387e-01,-5.852949619293212891e-01,-9.562842547893524170e-02,-2.601037621498107910e-01,-1.057357192039489746e-01,-2.064869403839111328e-01,4.543035030364990234e-01,-2.989111840724945068e-02,2.617999911308288574e-01,-1.163678243756294250e-01,5.863080546259880066e-02,1.645701229572296143e-01,-1.914897203445434570e+00,7.048209011554718018e-02,-7.026285529136657715e-01,6.811862587928771973e-01,-2.630676329135894775e-01,-3.032204806804656982e-01,4.566169679164886475e-01,-1.709540843963623047e+00,-1.172833442687988281e+00,6.997733712196350098e-01,1.146852016448974609e+00,6.423689723014831543e-01,-2.008009403944015503e-01,-3.527933657169342041e-01
1.723865121603012085e-01,-3.555847406387329102e-01,7.417266368865966797e-01,6.237325444817543030e-02,-1.126700192689895630e-01,9.380136728286743164e-01,3.217847347259521484e-01,-1.047647446393966675e-01,4.455688297748565674e-01,5.076238140463829041e-02,9.853005409240722656e-01,-5.805072784423828125e-01,-1.132575199007987976e-01,-2.574981153011322021e-01,-9.780181944370269775e-02,-2.344601005315780640e-01,4.709295630455017090e-01,1.725820824503898621e-02,2.617999911308288574e-01,-9.401568025350570679e-02,5.332267284393310547e-02,2.281294018030166626e-01,-1.666607379913330078e+00,-2.732532285153865814e-02,-6.521117687225341797e-01,6.096394062042236328e-01,-2.903667688369750977e-01,-3.022808730602264404e-01,4.283938407897949219e-01,-1.388903021812438965e+00,-1.146210193634033203e+00,4.484759867191314697e-01,1.245024919509887695e+00,7.556207180023193359e-01,-1.545571535825729370e-01,-2.845669090747833252e-01
1.675066947937011719e-01,-3.547997176647186279e-01,7.430672049522399902e-01,5.916599929332733154e-02,-1.257035434246063232e-01,9.377050399780273438e-01,3.184451460838317871e-01,-1.170351132750511169e-01,4.617510437965393066e-01,1.011296175420284271e-02,1.015109062194824219e+00,-5.664475560188293457e-01,-1.379111558198928833e-01,-2.480988949537277222e-01,-6.163514032959938049e-02,-2.196828126907348633e-01,4.556823670864105225e-01,6.558846682310104370e-02,2.617999911308288574e-01,-5.539269000291824341e-02,3.446785360574722290e-02,2.835934758186340332e-01,-1.431577920913696289e+00,-9.232221543788909912e-02,-6.562202572822570801e-01,5.641265511512756348e-01,-2.813868820667266846e-01,-3.223637342453002930e-01,3.884177207946777344e-01,-1.117885470390319824e+00,-1.092505335807800293e+00,2.235825359821319580e-01,1.347339391708374023e+00,8.234768509864807129e-01,-1.481150686740875244e-01,-2.438108772039413452e-01
1.747503578662872314e-01,-3.550649285316467285e-01,7.441111803054809570e-01,6.608880311250686646e-02,-1.364868730306625366e-01,9.369540214538574219e-01,3.148344755172729492e-01,-1.218281537294387817e-01,4.836405515670776367e-01,-1.543134171515703201e-02,1.034187078475952148e+00,-5.427452921867370605e-01,-1.714707165956497192e-01,-2.300148904323577881e-01,-3.625472635030746460e-02,-2.272543013095855713e-01,4.344888925552368164e-01,1.125740855932235718e-01,2.617999911308288574e-01,-1.474315952509641647e-02,2.344949543476104736e-02,3.191721439361572266e-01,-1.274416804313659668e+00,-1.159645020961761475e-01,-6.881405115127563477e-01,5.311503410339355469e-01,-2.539636492729187012e-01,-3.190713822841644287e-01,3.282795250415802002e-01,-9.222164154052734375e-01,-1.041759490966796875e+00,9.493513405323028564e-02,1.415886044502258301e+00,8.015071153640747070e-01,-1.302160322666168213e-01,-2.328598648309707642e-01
1.808326542377471924e-01,-3.565526306629180908e-01,7.443256974220275879e-01,6.885817646980285645e-02,-1.395897865295410156e-01,9.350480437278747559e-01,3.185253739356994629e-01,-1.361223757266998291e-01,4.937935769557952881e-01,-2.366030775010585785e-02,1.061075091361999512e+00,-5.169717669486999512e-01,-1.963818222284317017e-01,-2.305616289377212524e-01,-2.507464587688446045e-02,-2.244313657283782959e-01,4.221420884132385254e-01,1.390799432992935181e-01,2.617999911308288574e-01,1.387198828160762787e-02,7.829120382666587830e-03,3.365361392498016357e-01,-1.213163614273071289e+00,-1.002691388130187988e-01,-7.076399922370910645e-01,5.240011811256408691e-01,-2.166654765605926514e-01,-3.198940455913543701e-01,2.920662164688110352e-01,-8.493613600730895996e-01,-1.025168061256408691e+00,4.182967171072959900e-02,1.459438323974609375e+00,7.908813953399658203e-01,-1.156698167324066162e-01,-2.111490815877914429e-01
1.738776862621307373e-01,-3.567517995834350586e-01,7.449184060096740723e-01,5.624017491936683655e-02,-1.424572467803955078e-01,9.339970350265502930e-01,3.227886259555816650e-01,-1.491449326276779175e-01,5.065259337425231934e-01,-2.002916112542152405e-02,1.059319496154785156e+00,-5.283920764923095703e-01,-1.964876651763916016e-01,-2.512964010238647461e-01,-1.066631451249122620e-02,-2.144999057054519653e-01,4.182714223861694336e-01,1.617993861436843872e-01,2.617999911308288574e-01,1.486049499362707138e-02,2.320702886208891869e-03,3.210515677928924561e-01,-1.230991482734680176e+00,-7.831546664237976074e-02,-7.255766987800598145e-01,5.186913013458251953e-01,-2.007471472024917603e-01,-3.194186985492706299e-01,2.962721884250640869e-01,-8.569557070732116699e-01,-1.048955202102661133e+00,2.558803185820579529e-02,1.453373670578002930e+00,8.091546893119812012e-01,-1.190050318837165833e-01,-2.181477695703506470e-01
1.702654361724853516e-01,-3.661102354526519775e-01,7.454676032066345215e-01,5.117318034172058105e-02,-1.460364162921905518e-01,9.316082596778869629e-01,3.288780450820922852e-01,-1.579228490591049194e-01,5.101798772811889648e-01,-6.227952893823385239e-03,1.065399646759033203e+00,-5.377671718597412109e-01,-1.973900943994522095e-01,-2.712135314941406250e-01,-1.230646856129169464e-02,-2.093694508075714111e-01,4.242232739925384521e-01,1.973144114017486572e-01,2.617999911308288574e-01,1.033142954111099243e-02,-4.517411347478628159e-03,2.958446145057678223e-01,-1.301123380661010742e+00,-4.131399840116500854e-02,-7.387019991874694824e-01,4.740656316280364990e-01,-2.191315740346908569e-01,-3.183623850345611572e-01,3.024466633796691895e-01,-9.265093803405761719e-01,-1.115708589553833008e+00,3.488061577081680298e-02,1.405496716499328613e+00,8.358367681503295898e-01,-1.246300339698791504e-01,-2.221956104040145874e-01
1.781454384326934814e-01,-3.766236007213592529e-01,7.476665377616882324e-01,5.001243203878402710e-02,-1.416817456483840942e-01,9.282608628273010254e-01,3.402305543422698975e-01,-1.664564460515975952e-01,5.021833777427673340e-01,1.791072450578212738e-02,1.052009224891662598e+00,-5.300658345222473145e-01,-1.917028725147247314e-01,-2.959543466567993164e-01,-1.741033606231212616e-02,-2.059984505176544189e-01,4.131997227668762207e-01,2.316114753484725952e-01,2.617999911308288574e-01,7.041881792247295380e-03,-1.771377772092819214e-02,2.633446156978607178e-01,-1.448783993721008301e+00,1.339738350361585617e-02,-7.667145729064941406e-01,4.571034312248229980e-01,-2.296107262372970581e-01,-2.980878055095672607e-01,3.237226307392120361e-01,-1.050226211547851562e+00,-1.206342935562133789e+00,1.125239133834838867e-01,1.318333148956298828e+00,7.919380068778991699e-01,-1.284292489290237427e-01,-2.405527085065841675e-01
1.763629913330078125e-01,-3.834475576877593994e-01,7.525784373283386230e-01,3.901446610689163208e-02,-1.337913125753402710e-01,9.267430901527404785e-01,3.488910198211669922e-01,-1.796908080577850342e-01,4.926784336566925049e-01,5.261545628309249878e-02,1.027451634407043457e+00,-5.125966072082519531e-01,-1.846036612987518311e-01,-3.143245279788970947e-01,-3.037900105118751526e-02,-2.111819684505462646e-01,3.822890222072601318e-01,2.411149442195892334e-01,2.617999911308288574e-01,-4.367048386484384537e-03,-2.009193412959575653e-02,2.297177016735076904e-01,-1.622427225112915039e+00,8.364540338516235352e-02,-7.688862085342407227e-01,4.659203290939331055e-01,-1.924092024564743042e-01,-2.809203863143920898e-01,3.807541728019714355e-01,-1.209671139717102051e+00,-1.285795450210571289e+00,1.961324661970138550e-01,1.169297456741333008e+00,6.953127384185791016e-01,-1.796028912067413330e-01,-3.252123892307281494e-01
1.760947406291961670e-01,-3.873215019702911377e-01,7.577188611030578613e-01,3.324199095368385315e-02,-1.231826320290565491e-01,9.268254637718200684e-01,3.531509637832641602e-01,-1.845385879278182983e-01,4.795805513858795166e-01,9.048146754503250122e-02,1.001128077507019043e+00,-4.855473637580871582e-01,-1.894522905349731445e-01,-3.287840187549591064e-01,-5.722322314977645874e-02,-2.087719738483428955e-01,3.720032274723052979e-01,2.071573883295059204e-01,2.617999911308288574e-01,-1.868839189410209656e-02,-3.720112144947052002e-02,1.880058944225311279e-01,-1.809772610664367676e+00,1.473598778247833252e-01,-8.063844442367553711e-01,5.307852029800415039e-01,-1.587453484535217285e-01,-2.501048743724822998e-01,4.152213633060455322e-01,-1.427892684936523438e+00,-1.324541568756103516e+00,3.853153288364410400e-01,1.059682488441467285e+00,5.417189598083496094e-01,-1.730795949697494507e-01,-3.529433012008666992e-01
1.745055615901947021e-01,-3.893647193908691406e-01,7.628832459449768066e-01,2.496781200170516968e-02,-1.100589111447334290e-01,9.268292188644409180e-01,3.581219017505645752e-01,-1.953469663858413696e-01,4.632036983966827393e-01,1.258524656295776367e-01,9.797275066375732422e-01,-4.469849169254302979e-01,-2.084681242704391479e-01,-3.435263335704803467e-01,-9.281688183546066284e-02,-2.148004472255706787e-01,3.539269566535949707e-01,1.825346052646636963e-01,2.617999911308288574e-01,-4.177684709429740906e-02,-4.830176010727882385e-02,1.285240501165390015e-01,-1.958977103233337402e+00,2.177131175994873047e-01,-8.510647416114807129e-01,5.726928114891052246e-01,-1.282352507114410400e-01,-2.357835322618484497e-01,4.283069074153900146e-01,-1.729676604270935059e+00,-1.312115550041198730e+00,6.418210268020629883e-01,1.020964026451110840e+00,4.383248388767242432e-01,-1.653733849525451660e-01,-3.501856923103332520e-01
1.698773950338363647e-01,-3.841993808746337891e-01,7.668323516845703125e-01,1.808625832200050354e-02,-9.778369963169097900e-02,9.285826683044433594e-01,3.575548827648162842e-01,-1.964157521724700928e-01,4.421482086181640625e-01,1.400914788246154785e-01,9.555593132972717285e-01,-4.213323593139648438e-01,-2.109428644180297852e-01,-3.444596827030181885e-01,-1.190558299422264099e-01,-2.084669768810272217e-01,3.444419503211975098e-01,1.464018076658248901e-01,2.617999911308288574e-01,-6.632845848798751831e-02,-4.121402278542518616e-02,7.814154773950576782e-02,-2.077935695648193359e+00,2.899195253849029541e-01,-9.056130647659301758e-01,6.080829501152038574e-01,-9.765683114528656006e-02,-2.207727283239364624e-01,4.133144319057464600e-01,-1.997150063514709473e+00,-1.274776101112365723e+00,8.946908712387084961e-01,1.002197623252868652e+00,3.685464560985565186e-01,-1.601208448410034180e-01,-3.075763583183288574e-01
1.676255464553833008e-01,-3.764057755470275879e-01,7.690936326980590820e-01,1.430955249816179276e-02,-8.739545196294784546e-02,9.296205639839172363e-01,3.577190041542053223e-01,-1.907364428043365479e-01,4.270524680614471436e-01,1.481199711561203003e-01,9.338424801826477051e-01,-4.025580883026123047e-01,-2.162642627954483032e-01,-3.369641005992889404e-01,-1.355241388082504272e-01,-2.085567414760589600e-01,3.343213796615600586e-01,1.137736365199089050e-01,2.617999911308288574e-01,-7.484514266252517700e-02,-2.659206464886665344e-02,5.244813859462738037e-02,-2.155219793319702148e+00,3.419646620750427246e-01,-9.237549304962158203e-01,6.349453330039978027e-01,-8.181678503751754761e-02,-2.241883873939514160e-01,4.184703826904296875e-01,-2.198151350021362305e+00,-1.217756986618041992e+00,1.067876458168029785e+00,9.927268624305725098e-01,3.504486083984375000e-01,-1.711597293615341187e-01,-2.866939008235931396e-01
1.666449755430221558e-01,-3.732615113258361816e-01,7.697345614433288574e-01,1.198805589228868484e-02,-8.584643155336380005e-02,9.296098947525024414e-01,3.582068681716918945e-01,-1.882265806198120117e-01,4.256760478019714355e-01,1.454559862613677979e-01,9.237292408943176270e-01,-4.019329249858856201e-01,-2.129036188125610352e-01,-3.260126709938049316e-01,-1.312550604343414307e-01,-2.004734426736831665e-01,3.224349021911621094e-01,9.413325786590576172e-02,2.617999911308288574e-01,-6.989279389381408691e-02,-7.349145133048295975e-03,4.266086220741271973e-02,-2.194465637207031250e+00,3.582423329353332520e-01,-9.206714630126953125e-01,6.429105401039123535e-01,-8.312014490365982056e-02,-2.343616336584091187e-01,4.191852509975433350e-01,-2.299415826797485352e+00,-1.179187536239624023e+00,1.139590859413146973e+00,9.728767871856689453e-01,3.530426025390625000e-01,-1.859410852193832397e-01,-2.948268055915832520e-01
1.658402830362319946e-01,-3.739042580127716064e-01,7.690483331680297852e-01,1.208589505404233932e-02,-8.906297385692596436e-02,9.287296533584594727e-01,3.596983551979064941e-01,-1.861558258533477783e-01,4.315419197082519531e-01,1.420334726572036743e-01,9.272251725196838379e-01,-4.099212288856506348e-01,-2.117113173007965088e-01,-3.112822175025939941e-01,-1.218880191445350647e-01,-2.079959511756896973e-01,3.137555420398712158e-01,8.189280331134796143e-02,2.617999911308288574e-01,-5.802827328443527222e-02,9.748364798724651337e-03,5.488493666052818298e-02,-2.170833587646484375e+00,3.329081535339355469e-01,-8.722441792488098145e-01,6.355452537536621094e-01,-1.105230972170829773e-01,-2.438068985939025879e-01,4.165340960025787354e-01,-2.306954145431518555e+00,-1.157907843589782715e+00,1.137275218963623047e+00,9.637575745582580566e-01,3.729015290737152100e-01,-1.920522749423980713e-01,-3.106888234615325928e-01
1.683747917413711548e-01,-3.775675296783447266e-01,7.676930427551269531e-01,1.618167757987976074e-02,-9.407358616590499878e-02,9.279589653015136719e-01,3.602505028247833252e-01,-1.842899173498153687e-01,4.427575767040252686e-01,1.446492522954940796e-01,9.375203847885131836e-01,-4.189531803131103516e-01,-2.113051265478134155e-01,-2.915077507495880127e-01,-1.105004251003265381e-01,-2.271772623062133789e-01,3.035367131233215332e-01,8.025688678026199341e-02,2.617999911308288574e-01,-4.774809628725051880e-02,1.891775615513324738e-02,7.721872627735137939e-02,-2.096837997436523438e+00,2.813639938831329346e-01,-8.051301836967468262e-01,6.291547417640686035e-01,-1.430385708808898926e-01,-2.538119256496429443e-01,4.077579081058502197e-01,-2.245376586914062500e+00,-1.155346035957336426e+00,1.081869244575500488e+00,9.610815048217773438e-01,4.042282998561859131e-01,-1.915765553712844849e-01,-3.320151865482330322e-01
1.714273691177368164e-01,-3.802728354930877686e-01,7.654895186424255371e-01,2.619546279311180115e-02,-1.028490290045738220e-01,9.269496798515319824e-01,3.598613142967224121e-01,-1.724060624837875366e-01,4.567764997482299805e-01,1.381581425666809082e-01,9.580331444740295410e-01,-4.298039078712463379e-01,-2.062184661626815796e-01,-2.600869238376617432e-01,-9.693273901939392090e-02,-2.554516196250915527e-01,2.977138459682464600e-01,7.450432330369949341e-02,2.617999911308288574e-01,-4.004704207181930542e-02,2.720772288739681244e-02,1.191226541996002197e-01,-1.962562441825866699e+00,1.998066306114196777e-01,-7.130653858184814453e-01,6.013531684875488281e-01,-1.537305414676666260e-01,-2.556327283382415771e-01,3.960769176483154297e-01,-2.074720382690429688e+00,-1.175682663917541504e+00,9.393889904022216797e-01,9.309060573577880859e-01,4.455033838748931885e-01,-1.943879127502441406e-01,-3.619750440120697021e-01
1.707610040903091431e-01,-3.781400024890899658e-01,7.629149556159973145e-01,3.415015339851379395e-02,-1.137673929333686829e-01,9.251469969749450684e-01,3.605464994907379150e-01,-1.605523377656936646e-01,4.744187295436859131e-01,1.171625405550003052e-01,9.896276593208312988e-01,-4.357658028602600098e-01,-1.951525658369064331e-01,-2.266964614391326904e-01,-7.264815270900726318e-02,-2.692182958126068115e-01,2.954369783401489258e-01,5.209018662571907043e-02,2.617999911308288574e-01,-3.947572410106658936e-02,3.905107453465461731e-02,1.558808982372283936e-01,-1.775221467018127441e+00,9.735972434282302856e-02,-6.236991882324218750e-01,5.510604977607727051e-01,-1.621295660734176636e-01,-2.685360908508300781e-01,3.659339249134063721e-01,-1.794478654861450195e+00,-1.175925254821777344e+00,6.750391125679016113e-01,8.896251916885375977e-01,5.326160192489624023e-01,-2.176848053932189941e-01,-3.873883485794067383e-01
1.505727767944335938e-01,-3.671458661556243896e-01,7.612165808677673340e-01,2.538168989121913910e-02,-1.242298483848571777e-01,9.266429543495178223e-01,3.539146482944488525e-01,-1.515946984291076660e-01,4.939372837543487549e-01,9.567516297101974487e-02,1.010211348533630371e+00,-4.582225382328033447e-01,-1.775002330541610718e-01,-2.127632349729537964e-01,-5.522168800234794617e-02,-2.647616267204284668e-01,3.285276591777801514e-01,-5.857116077095270157e-03,2.617999911308288574e-01,-4.688595980405807495e-02,5.483965203166007996e-02,1.844411790370941162e-01,-1.542885422706604004e+00,1.863034442067146301e-02,-5.722876191139221191e-01,5.032668709754943848e-01,-1.307991743087768555e-01,-2.959231436252593994e-01,3.340614140033721924e-01,-1.430243730545043945e+00,-1.126462697982788086e+00,3.359818458557128906e-01,8.200801014900207520e-01,6.577662825584411621e-01,-2.721253037452697754e-01,-3.967928290367126465e-01
1.538126319646835327e-01,-3.599452078342437744e-01,7.604286670684814453e-01,2.846643328666687012e-02,-1.276522874832153320e-01,9.281578063964843750e-01,3.484502732753753662e-01,-1.587798744440078735e-01,5.012221336364746094e-01,6.079427525401115417e-02,1.029797911643981934e+00,-4.492802321910858154e-01,-1.803434193134307861e-01,-2.062645405530929565e-01,-4.610345885157585144e-02,-2.665918767452239990e-01,3.487682938575744629e-01,-1.381001528352499008e-02,2.617999911308288574e-01,-4.469205066561698914e-02,4.844958335161209106e-02,1.853163987398147583e-01,-1.359414339065551758e+00,-5.340607464313507080e-02,-5.889478325843811035e-01,4.834268689155578613e-01,-1.381890177726745605e-01,-3.186097741127014160e-01,3.272518515586853027e-01,-1.182803869247436523e+00,-1.027251958847045898e+00,1.506367772817611694e-01,8.599907159805297852e-01,7.912939190864562988e-01,-3.085637688636779785e-01,-3.878746330738067627e-01
1.595610529184341431e-01,-3.548942208290100098e-01,7.602292895317077637e-01,3.156117349863052368e-02,-1.348367631435394287e-01,9.281166195869445801e-01,3.455755114555358887e-01,-1.739088743925094604e-01,5.208360552787780762e-01,2.556599117815494537e-02,1.059375166893005371e+00,-4.291004836559295654e-01,-1.871841400861740112e-01,-2.104928940534591675e-01,-1.861843653023242950e-02,-2.396404892206192017e-01,3.733124434947967529e-01,7.010317407548427582e-03,2.617999911308288574e-01,-4.891602694988250732e-02,3.667543083429336548e-02,1.918857842683792114e-01,-1.237773776054382324e+00,-1.126639768481254578e-01,-6.303446292877197266e-01,5.298364162445068359e-01,-1.557408571243286133e-01,-3.346954584121704102e-01,3.083969354629516602e-01,-1.061010360717773438e+00,-9.153437614440917969e-01,1.101415678858757019e-01,9.979731440544128418e-01,9.117340445518493652e-01,-2.999334037303924561e-01,-3.311435878276824951e-01
