8.102290332317352295e-03,-1.251919288188219070e-02,7.389033436775207520e-01,2.812420390546321869e-02,-1.788191348314285278e-01,9.085652232170104980e-01,3.764863312244415283e-01,-2.027148604393005371e-01,4.879636764526367188e-01,-1.237681359052658081e-01,1.178291082382202148e+00,-6.578804850578308105e-01,-2.183454632759094238e-01,-2.676347792148590088e-01,-5.167537182569503784e-02,-3.203416168689727783e-01,3.650093376636505127e-01,2.998384237289428711e-01,2.617999911308288574e-01,1.897440850734710693e-01,-1.616703160107135773e-02,1.572150886058807373e-01,-8.334766626358032227e-01,-2.681143209338188171e-02,-8.301888704299926758e-01,2.202865928411483765e-01,-3.056178390979766846e-01,-2.742184102535247803e-01,4.634705185890197754e-02,-5.857138037681579590e-01,-1.014330625534057617e+00,2.580878138542175293e-01,1.367884397506713867e+00,1.239162161946296692e-01,-1.522977836430072784e-02,-1.095094624906778336e-02
1.161414198577404022e-02,-1.319372933357954025e-02,7.436856627464294434e-01,2.426632493734359741e-02,-1.360002458095550537e-01,9.227904677391052246e-01,3.596843481063842773e-01,-2.494465261697769165e-01,3.800100386142730713e-01,-1.124294176697731018e-01,1.152260661125183105e+00,-6.160122156143188477e-01,-2.003675997257232666e-01,-2.811761796474456787e-01,-1.416135132312774658e-01,-3.176814615726470947e-01,3.072519302368164062e-01,3.172259032726287842e-01,2.617999911308288574e-01,1.547186970710754395e-01,-9.257619082927703857e-02,1.765559613704681396e-01,-9.259105920791625977e-01,1.653710380196571350e-02,-7.805500030517578125e-01,2.305684238672256470e-01,-3.473677635192871094e-01,-2.853927314281463623e-01,3.457968588918447495e-03,-7.289687991142272949e-01,-1.070602416992187500e+00,3.165825307369232178e-01,1.461282849311828613e+00,1.547648012638092041e-01,-3.775197267532348633e-02,4.013798013329505920e-02
8.175974711775779724e-03,-1.249927561730146408e-02,7.419885993003845215e-01,1.738564856350421906e-02,-1.352699846029281616e-01,9.258947968482971191e-01,3.523046970367431641e-01,-2.708320915699005127e-01,3.757729530334472656e-01,-1.260269880294799805e-01,1.162215352058410645e+00,-6.291348338127136230e-01,-2.057072818279266357e-01,-2.927052676677703857e-01,-1.537358909845352173e-01,-3.273114562034606934e-01,3.163752853870391846e-01,3.029227554798126221e-01,2.617999911308288574e-01,1.589673161506652832e-01,-8.476439118385314941e-02,1.692036390304565430e-01,-9.434914588928222656e-01,2.446040138602256775e-02,-7.739155888557434082e-01,2.132042348384857178e-01,-3.221240639686584473e-01,-2.836541533470153809e-01,-1.082225702702999115e-02,-7.501023411750793457e-01,-1.100816369056701660e+00,3.107872009277343750e-01,1.476910591125488281e+00,1.797576695680618286e-01,-4.257980361580848694e-02,2.613716386258602142e-02
4.426295403391122818e-03,-1.046634186059236526e-02,7.400172948837280273e-01,1.020959205925464630e-02,-1.351141035556793213e-01,9.268795251846313477e-01,3.500490486621856689e-01,-2.828867137432098389e-01,3.842112123966217041e-01,-1.240350008010864258e-01,1.164799332618713379e+00,-6.502928137779235840e-01,-1.984598487615585327e-01,-3.017082810401916504e-01,-1.529041975736618042e-01,-3.230073750019073486e-01,3.155305087566375732e-01,2.847737669944763184e-01,2.617999911308288574e-01,1.596406102180480957e-01,-7.841950654983520508e-02,1.560240536928176880e-01,-9.535763859748840332e-01,3.270723670721054077e-02,-7.781163454055786133e-01,2.010328471660614014e-01,-3.155376911163330078e-01,-2.708339989185333252e-01,-3.117849677801132202e-02,-7.647604942321777344e-01,-1.107939362525939941e+00,3.134815990924835205e-01,1.471058964729309082e+00,1.839092373847961426e-01,-3.852279111742973328e-02,2.098981291055679321e-02
2.168234670534729958e-03,-7.923792116343975067e-03,7.385848760604858398e-01,6.042641587555408478e-03,-1.350253373384475708e-01,9.292432665824890137e-01,3.438583910465240479e-01,-2.978984415531158447e-01,3.862046003341674805e-01,-1.326720565557479858e-01,1.177325844764709473e+00,-6.562711000442504883e-01,-2.056048065423965454e-01,-3.090083599090576172e-01,-1.603915393352508545e-01,-3.281518220901489258e-01,3.263640701770782471e-01,2.707121074199676514e-01,2.617999911308288574e-01,1.614097952842712402e-01,-6.799995899200439453e-02,1.442222744226455688e-01,-9.933210015296936035e-01,3.984246030449867249e-02,-7.731017470359802246e-01,1.901226043701171875e-01,-2.682981789112091064e-01,-2.659706771373748779e-01,-3.626015782356262207e-02,-7.720188498497009277e-01,-1.130897402763366699e+00,3.051425516605377197e-01,1.474363446235656738e+00,1.887787729501724243e-01,-3.971774131059646606e-02,1.050298288464546204e-02
3.310130210593342781e-03,-7.244952023029327393e-03,7.382169365882873535e-01,2.371174516156315804e-03,-1.318120509386062622e-01,9.317047595977783203e-01,3.384467959403991699e-01,-3.198467791080474854e-01,3.789027929306030273e-01,-1.409257799386978149e-01,1.187745451927185059e+00,-6.494832038879394531e-01,-2.084417641162872314e-01,-3.146162927150726318e-01,-1.701775938272476196e-01,-3.446034491062164307e-01,3.180958926677703857e-01,2.749101221561431885e-01,2.617999911308288574e-01,1.737440973520278931e-01,-7.042058557271957397e-02,1.346911936998367310e-01,-1.050697088241577148e+00,4.830596596002578735e-02,-7.653879523277282715e-01,1.888613104820251465e-01,-2.727501988410949707e-01,-2.605736851692199707e-01,-5.474854633212089539e-02,-7.694311141967773438e-01,-1.149513244628906250e+00,3.079280555248260498e-01,1.479436159133911133e+00,1.755495220422744751e-01,-3.117846697568893433e-02,2.660712040960788727e-02
2.332524629309773445e-03,-9.023210033774375916e-03,7.377844452857971191e-01,-6.119937170296907425e-04,-1.339100003242492676e-01,9.342514276504516602e-01,3.305178284645080566e-01,-3.363199830055236816e-01,3.772572875022888184e-01,-1.520647704601287842e-01,1.195053339004516602e+00,-6.546156406402587891e-01,-2.030528485774993896e-01,-3.153732419013977051e-01,-1.748037636280059814e-01,-3.468127846717834473e-01,3.186299800872802734e-01,2.790930569171905518e-01,2.617999911308288574e-01,1.807322353124618530e-01,-6.093161180615425110e-02,1.193403154611587524e-01,-1.095736861228942871e+00,7.214378565549850464e-02,-7.844089865684509277e-01,1.734965890645980835e-01,-2.743682265281677246e-01,-2.436041384935379028e-01,-9.168697148561477661e-02,-7.337958216667175293e-01,-1.160541892051696777e+00,3.117116391658782959e-01,1.475708723068237305e+00,1.642631739377975464e-01,-1.954373158514499664e-02,5.484693497419357300e-02
7.413593120872974396e-03,-9.965072385966777802e-03,7.376381754875183105e-01,-2.664471976459026337e-04,-1.346627026796340942e-01,9.351416826248168945e-01,3.276826143264770508e-01,-3.483416438102722168e-01,3.743311464786529541e-01,-1.661117225885391235e-01,1.199060916900634766e+00,-6.538209915161132812e-01,-1.925507038831710815e-01,-3.213798105716705322e-01,-1.773664802312850952e-01,-3.499684631824493408e-01,3.287916779518127441e-01,2.704975903034210205e-01,2.617999911308288574e-01,1.945417523384094238e-01,-5.524354055523872375e-02,1.091267913579940796e-01,-1.137868523597717285e+00,1.019871458411216736e-01,-7.929048538208007812e-01,1.503404825925827026e-01,-2.674464583396911621e-01,-2.453121244907379150e-01,-1.159862056374549866e-01,-6.565359830856323242e-01,-1.151430010795593262e+00,3.102979063987731934e-01,1.482888936996459961e+00,1.307417005300521851e-01,-1.156507339328527451e-02,8.936615288257598877e-02
-3.172315424308180809e-03,-8.002480491995811462e-03,7.386004924774169922e-01,-5.916215479373931885e-03,-1.373561769723892212e-01,9.377472996711730957e-01,3.189486563205718994e-01,-3.480909168720245361e-01,3.713783323764801025e-01,-1.730473339557647705e-01,1.197452306747436523e+00,-6.600939631462097168e-01,-1.771192401647567749e-01,-3.065797984600067139e-01,-1.816743612289428711e-01,-3.474218845367431641e-01,3.285068571567535400e-01,2.430621981620788574e-01,2.617999911308288574e-01,1.988403797149658203e-01,-5.981517210602760315e-02,1.063617467880249023e-01,-1.158682703971862793e+00,1.396132707595825195e-01,-7.955232858657836914e-01,1.116275414824485779e-01,-2.839802503585815430e-01,-2.389675080776214600e-01,-1.306428015232086182e-01,-5.092788934707641602e-01,-1.109613776206970215e+00,2.716113030910491943e-01,1.420009016990661621e+00,1.088139340281486511e-01,1.015248824842274189e-03,1.267798542976379395e-01
-1.371512305922806263e-03,-1.508469507098197937e-02,7.387229800224304199e-01,-5.120857618749141693e-03,-1.436767578125000000e-01,9.399867653846740723e-01,3.094441592693328857e-01,-3.578643202781677246e-01,3.654564023017883301e-01,-1.934132725000381470e-01,1.195281267166137695e+00,-6.731824874877929688e-01,-1.769991517066955566e-01,-2.983886301517486572e-01,-1.893883794546127319e-01,-3.432108759880065918e-01,3.379763066768646240e-01,2.354639023542404175e-01,2.617999911308288574e-01,1.940186768770217896e-01,-6.554982066154479980e-02,1.042135655879974365e-01,-1.202252745628356934e+00,1.361421346664428711e-01,-7.674623727798461914e-01,1.312883794307708740e-01,-2.079178392887115479e-01,-2.437748163938522339e-01,-1.042898893356323242e-01,-3.125610947608947754e-01,-1.032823324203491211e+00,1.997569054365158081e-01,1.475739836692810059e+00,1.249064952135086060e-01,2.192653901875019073e-02,1.770860701799392700e-01
-1.397148473188281059e-03,-1.487092394381761551e-02,7.389069199562072754e-01,-7.630961947143077850e-03,-1.424381583929061890e-01,9.414402246475219727e-01,3.055215477943420410e-01,-3.660455048084259033e-01,3.667164742946624756e-01,-1.905942857265472412e-01,1.191867828369140625e+00,-6.791478395462036133e-01,-1.663349419832229614e-01,-2.943683862686157227e-01,-2.014333158731460571e-01,-3.641548454761505127e-01,3.412135243415832520e-01,2.106634974479675293e-01,2.617999911308288574e-01,1.982936710119247437e-01,-7.136072218418121338e-02,1.011949107050895691e-01,-1.226589083671569824e+00,1.168390661478042603e-01,-7.111569046974182129e-01,1.355422586202621460e-01,-1.753134280443191528e-01,-2.516962885856628418e-01,-3.506381809711456299e-02,-1.586907356977462769e-01,-9.242911934852600098e-01,1.267104446887969971e-01,1.503127694129943848e+00,1.481188535690307617e-01,3.478658571839332581e-02,1.690950095653533936e-01
-3.178867744281888008e-03,-1.129075791686773300e-02,7.389133572578430176e-01,-1.061309408396482468e-02,-1.377628147602081299e-01,9.420742988586425781e-01,3.056219220161437988e-01,-3.668121695518493652e-01,3.751104474067687988e-01,-1.688946336507797241e-01,1.185281395912170410e+00,-6.869556903839111328e-01,-1.536393761634826660e-01,-3.084959983825683594e-01,-2.238482534885406494e-01,-3.890597224235534668e-01,3.779293298721313477e-01,1.686566621065139771e-01,2.617999911308288574e-01,1.927761137485504150e-01,-7.542023807764053345e-02,9.814421087503433228e-02,-1.245497941970825195e+00,1.109634488821029663e-01,-6.355885863304138184e-01,1.158796176314353943e-01,-1.382061541080474854e-01,-2.704417705535888672e-01,7.391843199729919434e-02,-3.926569223403930664e-02,-7.727589011192321777e-01,7.841262221336364746e-02,1.517491221427917480e+00,1.974470764398574829e-01,3.976560384035110474e-02,1.452492922544479370e-01
-6.613642908632755280e-03,3.524631028994917870e-03,7.395086288452148438e-01,-1.571863703429698944e-02,-1.285689324140548706e-01,9.421759247779846191e-01,3.090752661228179932e-01,-3.551933467388153076e-01,3.972131609916687012e-01,-1.356171965599060059e-01,1.168320536613464355e+00,-6.893522739410400391e-01,-1.433728933334350586e-01,-3.305259644985198975e-01,-2.481170892715454102e-01,-4.101300239562988281e-01,4.344612956047058105e-01,1.071589738130569458e-01,2.617999911308288574e-01,1.756128519773483276e-01,-8.076790720224380493e-02,1.051924452185630798e-01,-1.240346550941467285e+00,9.734908491373062134e-02,-5.434939861297607422e-01,9.749906510114669800e-02,-1.671560406684875488e-01,-2.930924594402313232e-01,1.691641211509704590e-01,3.948692977428436279e-02,-6.032949090003967285e-01,5.877843871712684631e-02,1.508993625640869141e+00,2.843505442142486572e-01,3.625515475869178772e-02,1.345277279615402222e-01
-6.908461917191743851e-03,2.495456486940383911e-02,7.410129904747009277e-01,-2.077969536185264587e-02,-1.138823628425598145e-01,9.417766332626342773e-01,3.156830072402954102e-01,-3.353029191493988037e-01,4.187995493412017822e-01,-9.696912765502929688e-02,1.137405276298522949e+00,-6.810656189918518066e-01,-1.326965540647506714e-01,-3.678874075412750244e-01,-2.779958248138427734e-01,-4.305751025676727295e-01,5.162292718887329102e-01,2.796102873980998993e-02,2.414093315601348877e-01,1.462913453578948975e-01,-9.198217093944549561e-02,1.112704500555992126e-01,-1.229086637496948242e+00,8.459454029798507690e-02,-4.544450640678405762e-01,8.329552412033081055e-02,-1.700166165828704834e-01,-3.166117966175079346e-01,2.602940499782562256e-01,9.693501144647598267e-02,-4.430628716945648193e-01,7.190243154764175415e-02,1.490728139877319336e+00,3.300468027591705322e-01,2.867055125534534454e-02,1.253578066825866699e-01
-3.766585141420364380e-03,4.598555341362953186e-02,7.428233623504638672e-01,-2.254717238247394562e-02,-9.430006891489028931e-02,9.375167489051818848e-01,3.341579139232635498e-01,-2.986952066421508789e-01,4.387824833393096924e-01,-3.148844093084335327e-02,1.097995162010192871e+00,-6.591188907623291016e-01,-1.267362684011459351e-01,-4.165299534797668457e-01,-3.233801126480102539e-01,-4.766314923763275146e-01,6.316457390785217285e-01,-3.955613076686859131e-02,2.056777775287628174e-01,1.045628562569618225e-01,-1.131995245814323425e-01,1.208419352769851685e-01,-1.206341981887817383e+00,5.856677517294883728e-02,-3.882491886615753174e-01,8.444339781999588013e-02,-1.657282412052154541e-01,-3.316626846790313721e-01,3.350466787815093994e-01,1.214172244071960449e-01,-3.245389163494110107e-01,1.125619783997535706e-01,1.457596421241760254e+00,3.580637574195861816e-01,1.671094447374343872e-02,1.196389868855476379e-01
-1.021599862724542618e-02,7.499603182077407837e-02,7.453698515892028809e-01,-3.239281848073005676e-02,-7.446046918630599976e-02,9.269537329673767090e-01,3.662829101085662842e-01,-2.367872893810272217e-01,4.745674431324005127e-01,6.893605738878250122e-02,1.049669504165649414e+00,-6.278362870216369629e-01,-1.124652326107025146e-01,-4.636839628219604492e-01,-3.661234080791473389e-01,-5.261783003807067871e-01,7.469600439071655273e-01,-1.132183074951171875e-01,1.639711111783981323e-01,8.908800780773162842e-03,-1.426103413105010986e-01,1.170582249760627747e-01,-1.168293952941894531e+00,6.352822761982679367e-03,-3.193176090717315674e-01,4.157060012221336365e-02,-1.644327044486999512e-01,-3.545908033847808838e-01,3.909192979335784912e-01,1.405551582574844360e-01,-2.176519632339477539e-01,1.760674715042114258e-01,1.411270856857299805e+00,3.805795907974243164e-01,-1.252654183190315962e-04,1.464855968952178955e-01
-1.528551988303661346e-02,1.024676337838172913e-01,7.495037317276000977e-01,-3.298313170671463013e-02,-4.557134211063385010e-02,9.140226840972900391e-01,4.017436206340789795e-01,-1.357528120279312134e-01,4.920615255832672119e-01,2.405703216791152954e-01,9.758224487304687500e-01,-5.803943276405334473e-01,-7.726231962442398071e-02,-5.012249350547790527e-01,-4.125266969203948975e-01,-5.341130495071411133e-01,8.591002821922302246e-01,-1.942343115806579590e-01,1.299245208501815796e-01,-1.241488456726074219e-01,-1.811377257108688354e-01,9.702543914318084717e-02,-1.089068531990051270e+00,-2.217783825471997261e-03,-2.720324695110321045e-01,-4.632076248526573181e-02,-1.426534354686737061e-01,-3.567250669002532959e-01,3.975687026977539062e-01,1.709709763526916504e-01,-1.533533632755279541e-01,2.386655658483505249e-01,1.348617911338806152e+00,3.569990098476409912e-01,-1.035331003367900848e-02,1.659136563539505005e-01
-1.079114619642496109e-02,1.221427842974662781e-01,7.552189230918884277e-01,-2.927213162183761597e-02,-2.506077475845813751e-02,8.928631544113159180e-01,4.486764371395111084e-01,-3.446481376886367798e-02,4.761361777782440186e-01,3.473900258541107178e-01,9.137653112411499023e-01,-5.344337224960327148e-01,-4.029814526438713074e-02,-5.354015827178955078e-01,-3.899611830711364746e-01,-4.859218895435333252e-01,9.153363108634948730e-01,-2.429610341787338257e-01,1.014030650258064270e-01,-2.586835026741027832e-01,-1.985911428928375244e-01,5.906232446432113647e-02,-9.845290184020996094e-01,1.526030898094177246e-02,-2.669939696788787842e-01,-9.455863386392593384e-02,-2.049390375614166260e-01,-3.575706183910369873e-01,3.287777304649353027e-01,2.343774586915969849e-01,-1.212391629815101624e-01,2.453432232141494751e-01,1.304350733757019043e+00,3.994058072566986084e-01,-1.971744932234287262e-02,2.133898586034774780e-01
-4.880492575466632843e-03,1.434325724840164185e-01,7.616388797760009766e-01,-1.953720487654209137e-02,-7.317440118640661240e-03,8.655904531478881836e-01,5.003177523612976074e-01,3.025264106690883636e-02,4.762857258319854736e-01,3.797704279422760010e-01,9.137916564941406250e-01,-4.444890022277832031e-01,-2.455427125096321106e-02,-5.468231439590454102e-01,-3.238235116004943848e-01,-4.080551266670227051e-01,9.217170476913452148e-01,-2.925081253051757812e-01,5.948427692055702209e-02,-3.487027287483215332e-01,-1.791535913944244385e-01,3.590010479092597961e-02,-8.945774435997009277e-01,6.565740704536437988e-02,-2.847658395767211914e-01,-1.049248501658439636e-01,-2.263449430465698242e-01,-3.585053980350494385e-01,2.516916394233703613e-01,2.884972095489501953e-01,-1.350980252027511597e-01,2.249384671449661255e-01,1.261201143264770508e+00,4.121531844139099121e-01,-4.334131628274917603e-02,2.190839648246765137e-01
1.403363887220621109e-03,1.642706394195556641e-01,7.671985626220703125e-01,-1.167725957930088043e-02,9.455418214201927185e-03,8.299614191055297852e-01,5.576184391975402832e-01,7.449775934219360352e-02,4.583379328250885010e-01,3.768199384212493896e-01,9.235204458236694336e-01,-3.820466399192810059e-01,-1.754205673933029175e-02,-5.501087307929992676e-01,-2.467248737812042236e-01,-3.342802226543426514e-01,9.067119359970092773e-01,-3.435709178447723389e-01,3.010460920631885529e-02,-4.004934728145599365e-01,-1.516086459159851074e-01,1.825898140668869019e-02,-8.078704476356506348e-01,1.318044066429138184e-01,-2.894521653652191162e-01,-1.043866127729415894e-01,-2.752177715301513672e-01,-3.631499409675598145e-01,1.834204941987991333e-01,3.520792126655578613e-01,-1.562026739120483398e-01,1.829762607812881470e-01,1.213819742202758789e+00,4.430396258831024170e-01,-5.380512028932571411e-02,2.363568097352981567e-01
7.817710749804973602e-03,1.841128170490264893e-01,7.714069485664367676e-01,-6.906063761562108994e-03,2.298583462834358215e-02,7.921595573425292969e-01,6.098419427871704102e-01,8.123519271612167358e-02,4.403648078441619873e-01,3.603278696537017822e-01,9.294338822364807129e-01,-3.444708883762359619e-01,-2.167559973895549774e-02,-5.422459244728088379e-01,-1.783189922571182251e-01,-2.785991430282592773e-01,8.871377706527709961e-01,-3.857225477695465088e-01,1.582013070583343506e-02,-4.267331361770629883e-01,-1.201452463865280151e-01,1.284845639020204544e-02,-7.267060279846191406e-01,2.062583863735198975e-01,-2.864372432231903076e-01,-1.036180257797241211e-01,-3.204058408737182617e-01,-3.614024519920349121e-01,1.422046571969985962e-01,3.956690728664398193e-01,-1.874759048223495483e-01,1.415969729423522949e-01,1.184880018234252930e+00,4.845785200595855713e-01,-4.293449223041534424e-02,2.473070025444030762e-01
1.464116852730512619e-02,2.022908329963684082e-01,7.736407518386840820e-01,-9.986815275624394417e-04,3.436961397528648376e-02,7.561662197113037109e-01,6.534756422042846680e-01,4.562456160783767700e-02,4.318409264087677002e-01,3.196319341659545898e-01,9.446871876716613770e-01,-3.342828452587127686e-01,-1.777855493128299713e-02,-5.334407091140747070e-01,-1.201590821146965027e-01,-2.155979126691818237e-01,8.774468898773193359e-01,-4.188517928123474121e-01,-5.890028551220893860e-03,-4.436857998371124268e-01,-9.346221387386322021e-02,1.330512389540672302e-02,-6.479122638702392578e-01,2.977651059627532959e-01,-2.739236652851104736e-01,-8.665521442890167236e-02,-3.212030827999114990e-01,-3.547815680503845215e-01,1.016688048839569092e-01,4.272496402263641357e-01,-2.196890711784362793e-01,6.566010415554046631e-02,1.163356184959411621e+00,5.404410958290100098e-01,-2.967498824000358582e-02,2.719653546810150146e-01
2.228745631873607635e-02,2.188528925180435181e-01,7.749829292297363281e-01,-2.234864048659801483e-03,4.212247207760810852e-02,7.246342301368713379e-01,6.878414750099182129e-01,6.548244971781969070e-03,4.455433785915374756e-01,2.902924716472625732e-01,9.146149754524230957e-01,-3.063609898090362549e-01,-2.610064856708049774e-02,-5.200633406639099121e-01,-5.760031193494796753e-02,-1.498449146747589111e-01,8.470874428749084473e-01,-4.303593635559082031e-01,4.106193315237760544e-03,-4.592308104038238525e-01,-8.016488701105117798e-02,2.602764219045639038e-02,-5.790392160415649414e-01,4.042426645755767822e-01,-2.379667460918426514e-01,-9.351890534162521362e-02,-2.900965809822082520e-01,-3.537794053554534912e-01,1.210104450583457947e-01,4.662447869777679443e-01,-2.483649700880050659e-01,-4.560566972941160202e-03,1.138306856155395508e+00,5.941913723945617676e-01,-4.052761569619178772e-02,2.457142025232315063e-01
3.023445419967174530e-02,2.330326139926910400e-01,7.749261856079101562e-01,-1.950089645106345415e-04,4.822225868701934814e-02,6.983994245529174805e-01,7.140817642211914062e-01,-3.659040853381156921e-02,4.734969735145568848e-01,2.551944553852081299e-01,8.355832695960998535e-01,-2.991117835044860840e-01,-3.339436277747154236e-02,-5.159184932708740234e-01,-1.629505120217800140e-02,-9.729437530040740967e-02,8.508244156837463379e-01,-4.370047152042388916e-01,1.065365877002477646e-02,-4.635127186775207520e-01,-8.194856345653533936e-02,3.143210709095001221e-02,-5.124310255050659180e-01,5.106417536735534668e-01,-2.226306647062301636e-01,-8.144304901361465454e-02,-2.384949922561645508e-01,-3.398776650428771973e-01,1.216551959514617920e-01,4.969042241573333740e-01,-2.588197886943817139e-01,-8.229653537273406982e-02,1.103919267654418945e+00,6.855220198631286621e-01,-6.029475852847099304e-02,2.039732187986373901e-01
2.781447954475879669e-02,2.445925325155258179e-01,7.750375270843505859e-01,1.737946062348783016e-03,4.852795228362083435e-02,6.764268279075622559e-01,7.349073290824890137e-01,-8.212537318468093872e-02,5.129836797714233398e-01,2.328803837299346924e-01,7.239203453063964844e-01,-2.547367513179779053e-01,-4.709834605455398560e-02,-5.093940496444702148e-01,1.038588304072618484e-02,-4.792845621705055237e-02,8.663826584815979004e-01,-4.423790276050567627e-01,1.684232614934444427e-02,-4.681986570358276367e-01,-7.893726974725723267e-02,5.428402498364448547e-02,-4.649905860424041748e-01,5.981650352478027344e-01,-1.864272207021713257e-01,-7.455574721097946167e-02,-2.071467339992523193e-01,-3.268613815307617188e-01,1.452878713607788086e-01,5.202129483222961426e-01,-2.814998328685760498e-01,-1.524591147899627686e-01,1.084737658500671387e+00,7.117331624031066895e-01,-7.864525169134140015e-02,1.549508571624755859e-01
2.309252135455608368e-02,2.555321753025054932e-01,7.745811939239501953e-01,-5.072497297078371048e-04,4.742468893527984619e-02,6.566272974014282227e-01,7.527225613594055176e-01,-1.309378445148468018e-01,5.588195323944091797e-01,2.238354682922363281e-01,6.213901638984680176e-01,-1.871139705181121826e-01,-7.614720612764358521e-02,-4.969576597213745117e-01,3.476028516888618469e-02,-1.174763962626457214e-02,8.614148497581481934e-01,-4.573525786399841309e-01,2.128990739583969116e-02,-4.692394137382507324e-01,-7.398245483636856079e-02,6.738916784524917603e-02,-4.084131121635437012e-01,6.634467840194702148e-01,-1.605755239725112915e-01,-6.734003126621246338e-02,-2.122564464807510376e-01,-3.293068110942840576e-01,1.522342562675476074e-01,5.462913513183593750e-01,-3.017093241214752197e-01,-2.185219824314117432e-01,1.043819427490234375e+00,7.324376106262207031e-01,-9.850746393203735352e-02,1.059707626700401306e-01
2.290359884500503540e-02,2.668446600437164307e-01,7.728765010833740234e-01,1.819140859879553318e-03,4.730394855141639709e-02,6.420556902885437012e-01,7.651950716972351074e-01,-1.682378351688385010e-01,5.822548866271972656e-01,2.218077182769775391e-01,5.199108719825744629e-01,-1.181514859199523926e-01,-1.001780703663825989e-01,-4.842575490474700928e-01,4.638384655117988586e-02,1.171006355434656143e-02,8.744045495986938477e-01,-4.847256541252136230e-01,1.781992428004741669e-02,-4.721084833145141602e-01,-7.852315902709960938e-02,7.579729706048965454e-02,-3.555407226085662842e-01,7.151399850845336914e-01,-1.377249211072921753e-01,-7.066766917705535889e-02,-2.342668920755386353e-01,-3.235389292240142822e-01,1.549165248870849609e-01,5.574181079864501953e-01,-3.148806095123291016e-01,-2.797275483608245850e-01,1.000764727592468262e+00,7.444125413894653320e-01,-1.210733130574226379e-01,6.057012826204299927e-02
1.947225444018840790e-02,2.778611481189727783e-01,7.705041170120239258e-01,1.016016234643757343e-03,4.415656998753547668e-02,6.323499083518981934e-01,7.734227180480957031e-01,-2.025811821222305298e-01,5.980603694915771484e-01,2.094633877277374268e-01,4.503645896911621094e-01,-7.727866619825363159e-02,-1.124927699565887451e-01,-4.753709435462951660e-01,5.198987945914268494e-02,1.864465326070785522e-02,8.969046473503112793e-01,-5.072191357612609863e-01,1.910408958792686462e-02,-4.661153852939605713e-01,-8.047031611204147339e-02,9.266358613967895508e-02,-3.231010735034942627e-01,7.722660899162292480e-01,-1.426534205675125122e-01,-6.280535459518432617e-02,-2.306642234325408936e-01,-3.161708116531372070e-01,1.429576575756072998e-01,5.542712807655334473e-01,-3.329269886016845703e-01,-3.219687342643737793e-01,9.761621356010437012e-01,7.674549818038940430e-01,-1.373493522405624390e-01,2.493680827319622040e-02
1.542197726666927338e-02,2.871993482112884521e-01,7.687398195266723633e-01,-1.314855762757360935e-03,4.006320610642433167e-02,6.261564493179321289e-01,7.786663770675659180e-01,-2.296260744333267212e-01,6.062780618667602539e-01,2.013719379901885986e-01,3.719028830528259277e-01,-1.644953526556491852e-02,-1.262781769037246704e-01,-4.666986167430877686e-01,5.505914986133575439e-02,1.769841648638248444e-02,9.138715863227844238e-01,-5.219534635543823242e-01,1.794135756790637970e-02,-4.584155380725860596e-01,-7.720524072647094727e-02,9.855753928422927856e-02,-2.950428724288940430e-01,8.256464004516601562e-01,-1.598926782608032227e-01,-4.814647138118743896e-02,-2.257338017225265503e-01,-3.048254549503326416e-01,1.049162596464157104e-01,5.340029597282409668e-01,-3.528390824794769287e-01,-3.653646707534790039e-01,9.440799355506896973e-01,8.057842254638671875e-01,-1.570253074169158936e-01,-5.757855717092752457e-03
1.319205760955810547e-02,2.943158745765686035e-01,7.662656307220458984e-01,3.476606914773583412e-03,3.434133902192115784e-02,6.192647218704223633e-01,7.844232320785522461e-01,-2.646131813526153564e-01,6.017140150070190430e-01,1.971620917320251465e-01,3.644314706325531006e-01,-4.153311310801655054e-04,-1.275591403245925903e-01,-4.506018161773681641e-01,4.878618195652961731e-02,1.464325096458196640e-02,9.382542967796325684e-01,-5.370462536811828613e-01,2.114329673349857330e-02,-4.389212429523468018e-01,-7.594162225723266602e-02,9.928231686353683472e-02,-2.590158283710479736e-01,8.676968812942504883e-01,-1.821815371513366699e-01,-2.472031302750110626e-02,-2.212003618478775024e-01,-2.937228381633758545e-01,7.701414823532104492e-02,5.093149542808532715e-01,-3.742476403713226318e-01,-3.962644040584564209e-01,8.990272879600524902e-01,8.290897607803344727e-01,-1.857987344264984131e-01,-3.631521388888359070e-02
1.233131438493728638e-02,2.979451715946197510e-01,7.652549147605895996e-01,7.769714575260877609e-03,2.599814534187316895e-02,6.155050396919250488e-01,7.876657247543334961e-01,-2.922981381416320801e-01,5.898978114128112793e-01,1.957632601261138916e-01,3.385769128799438477e-01,4.095980897545814514e-02,-1.268969327211380005e-01,-4.322422146797180176e-01,4.028728604316711426e-02,-4.510849714279174805e-03,9.557000994682312012e-01,-5.377700328826904297e-01,2.949958294630050659e-02,-4.156330525875091553e-01,-6.376375257968902588e-02,1.093804761767387390e-01,-2.391824424266815186e-01,9.010339379310607910e-01,-1.892496496438980103e-01,1.902480795979499817e-02,-2.218469679355621338e-01,-2.778800427913665771e-01,4.420451447367668152e-02,4.675700366497039795e-01,-4.026718735694885254e-01,-4.100833833217620850e-01,8.416770100593566895e-01,8.353503942489624023e-01,-2.065949887037277222e-01,-8.279613405466079712e-02
5.512241274118423462e-03,3.067151308059692383e-01,7.652593851089477539e-01,1.011092867702245712e-02,1.893431320786476135e-02,6.140779852867126465e-01,7.889534235000610352e-01,-3.183673322200775146e-01,5.654416680335998535e-01,2.060531526803970337e-01,3.341685235500335693e-01,6.439126282930374146e-02,-1.342942863702774048e-01,-4.069225490093231201e-01,1.834215782582759857e-02,-2.334716916084289551e-02,9.636498093605041504e-01,-5.401258468627929688e-01,4.532177001237869263e-02,-3.817692399024963379e-01,-4.522198811173439026e-02,1.122839972376823425e-01,-2.144099771976470947e-01,8.928343653678894043e-01,-1.952252537012100220e-01,1.106522232294082642e-01,-2.518498003482818604e-01,-2.599925696849822998e-01,3.744463250041007996e-02,3.905921876430511475e-01,-4.109501242637634277e-01,-4.303908646106719971e-01,7.687806487083435059e-01,9.228706359863281250e-01,-2.666045427322387695e-01,-1.570786386728286743e-01
4.919084254652261734e-03,3.079847991466522217e-01,7.648394107818603516e-01,1.553651690483093262e-02,7.225130219012498856e-03,6.226813197135925293e-01,7.822878956794738770e-01,-3.618531227111816406e-01,5.343189239501953125e-01,2.119506895542144775e-01,3.745199441909790039e-01,7.255577296018600464e-02,-1.259811073541641235e-01,-3.717806041240692139e-01,-5.494799930602312088e-03,-6.957066804170608521e-02,9.672814011573791504e-01,-5.357384085655212402e-01,6.511723250150680542e-02,-3.387500047683715820e-01,-1.771833188831806183e-02,1.219853982329368591e-01,-2.058386802673339844e-01,8.671156167984008789e-01,-1.734264791011810303e-01,2.783536911010742188e-01,-2.486168593168258667e-01,-2.304176390171051025e-01,7.536562532186508179e-02,2.804726660251617432e-01,-4.035632610321044922e-01,-4.720821380615234375e-01,6.899147033691406250e-01,1.056154966354370117e+00,-3.429445922374725342e-01,-2.477421909570693970e-01
1.913543441332876682e-03,3.107900619506835938e-01,7.653123140335083008e-01,2.468894794583320618e-02,-5.045427475124597549e-03,6.290720105171203613e-01,7.769384980201721191e-01,-3.931732773780822754e-01,4.790647029876708984e-01,2.051326632499694824e-01,4.227134883403778076e-01,6.990027427673339844e-02,-1.219342723488807678e-01,-3.348633646965026855e-01,-2.713352814316749573e-02,-9.208399057388305664e-02,9.808728694915771484e-01,-5.222352147102355957e-01,7.773107290267944336e-02,-2.843672037124633789e-01,5.600403528660535812e-03,1.255638748407363892e-01,-2.399933785200119019e-01,7.933734655380249023e-01,-1.131786257028579712e-01,5.341650247573852539e-01,-3.309039771556854248e-01,-1.982619017362594604e-01,1.349502354860305786e-01,1.256488263607025146e-01,-3.901070654392242432e-01,-4.834779500961303711e-01,6.101313829421997070e-01,1.189521074295043945e+00,-4.054358005523681641e-01,-3.328202366828918457e-01
-1.001443155109882355e-02,3.109133839607238770e-01,7.668724060058593750e-01,3.077573329210281372e-02,-2.050633728504180908e-02,6.351230740547180176e-01,7.715251445770263672e-01,-4.319262206554412842e-01,4.176124632358551025e-01,2.127463370561599731e-01,5.098062157630920410e-01,6.734334677457809448e-02,-1.311656236648559570e-01,-2.935160696506500244e-01,-6.317795068025588989e-02,-1.345611065626144409e-01,9.777908325195312500e-01,-5.020665526390075684e-01,8.839318901300430298e-02,-2.090081274509429932e-01,2.126045152544975281e-02,1.288246214389801025e-01,-2.936882674694061279e-01,7.070335745811462402e-01,6.103402376174926758e-02,7.196009159088134766e-01,-4.999262690544128418e-01,-2.033989876508712769e-01,2.914736866950988770e-01,-2.269461192190647125e-02,-3.493269085884094238e-01,-5.189965963363647461e-01,5.053957104682922363e-01,1.327617645263671875e+00,-4.909839332103729248e-01,-4.097777009010314941e-01
-1.426439359784126282e-02,3.165475726127624512e-01,7.723218798637390137e-01,3.288404643535614014e-02,-2.080407366156578064e-02,6.425558924674987793e-01,7.652501463890075684e-01,-4.431745707988739014e-01,3.328241705894470215e-01,2.196338921785354614e-01,5.888512134552001953e-01,3.747121244668960571e-02,-1.150371357798576355e-01,-2.649870812892913818e-01,-1.067482829093933105e-01,-1.836984753608703613e-01,9.563722610473632812e-01,-4.613564312458038330e-01,1.193315163254737854e-01,-1.186685636639595032e-01,3.612373769283294678e-02,1.281409412622451782e-01,-3.965643048286437988e-01,6.866071224212646484e-01,2.217368334531784058e-01,7.601169347763061523e-01,-7.695521116256713867e-01,-2.920910716056823730e-01,4.320119917392730713e-01,-1.931225210428237915e-01,-3.538914024829864502e-01,-5.029446482658386230e-01,3.402905464172363281e-01,1.381477475166320801e+00,-5.936163067817687988e-01,-4.369886219501495361e-01
-9.420062415301799774e-03,3.088702261447906494e-01,7.830052971839904785e-01,3.740780055522918701e-02,-2.088393457233905792e-02,6.530254483222961426e-01,7.561231851577758789e-01,-4.242911338806152344e-01,2.421575337648391724e-01,2.156257480382919312e-01,5.971575975418090820e-01,3.421984985470771790e-02,-1.232306584715843201e-01,-2.279823720455169678e-01,-1.368823945522308350e-01,-2.504386603832244873e-01,8.880056142807006836e-01,-3.902929425239562988e-01,1.316705942153930664e-01,-4.551085829734802246e-02,5.507918819785118103e-02,1.140746250748634338e-01,-5.308064222335815430e-01,6.873730421066284180e-01,2.951121032238006592e-01,6.723725199699401855e-01,-1.043708443641662598e+00,-4.096508920192718506e-01,4.733575880527496338e-01,-3.837660849094390869e-01,-3.901189863681793213e-01,-4.217827320098876953e-01,1.676153987646102905e-01,1.352307438850402832e+00,-6.492307186126708984e-01,-4.186682701110839844e-01
-8.548058569431304932e-03,3.077253401279449463e-01,8.006911277770996094e-01,3.483629226684570312e-02,-1.779478415846824646e-02,6.595478653907775879e-01,7.506439685821533203e-01,-3.858684301376342773e-01,1.998723447322845459e-01,2.515135109424591064e-01,5.597680211067199707e-01,6.094738095998764038e-02,-1.424131244421005249e-01,-1.731407791376113892e-01,-1.686800569295883179e-01,-3.491570055484771729e-01,7.873448729515075684e-01,-2.899789214134216309e-01,1.222559809684753418e-01,7.988433353602886200e-03,7.643398642539978027e-02,8.990530669689178467e-02,-6.383990049362182617e-01,7.108433842658996582e-01,2.555519342422485352e-01,5.117703080177307129e-01,-1.128106474876403809e+00,-4.890702366828918457e-01,4.578259885311126709e-01,-5.783224105834960938e-01,-4.302530884742736816e-01,-2.832034230232238770e-01,3.269681707024574280e-02,1.291144847869873047e+00,-6.551759243011474609e-01,-4.031698405742645264e-01
-8.769460953772068024e-03,3.059686720371246338e-01,8.235218524932861328e-01,2.997587807476520538e-02,-1.014641020447015762e-02,6.626541018486022949e-01,7.482566237449645996e-01,-3.323832750320434570e-01,1.473979353904724121e-01,2.740408778190612793e-01,4.858880043029785156e-01,1.343290954828262329e-01,-1.745653450489044189e-01,-1.204568296670913696e-01,-1.650864183902740479e-01,-4.116703569889068604e-01,6.447739005088806152e-01,-1.159909740090370178e-01,1.679764389991760254e-01,6.528189033269882202e-02,8.748559653759002686e-02,7.058651000261306763e-02,-7.198476791381835938e-01,7.674827575683593750e-01,1.122206151485443115e-01,2.716605067253112793e-01,-1.045539021492004395e+00,-4.934464991092681885e-01,3.793905079364776611e-01,-7.161294817924499512e-01,-5.063479542732238770e-01,-9.959631413221359253e-02,-1.140604242682456970e-01,1.158454298973083496e+00,-5.703732967376708984e-01,-3.266798257827758789e-01
-7.659166585654020309e-03,3.052619993686676025e-01,8.464183807373046875e-01,1.343125291168689728e-02,3.996659535914659500e-03,6.761577725410461426e-01,7.366235852241516113e-01,-3.166050314903259277e-01,8.681084215641021729e-02,2.515538334846496582e-01,4.170472621917724609e-01,2.699425816535949707e-01,-2.470726519823074341e-01,-1.296683251857757568e-01,-1.039763167500495911e-01,-3.876891136169433594e-01,4.825126528739929199e-01,1.763379573822021484e-01,2.617999911308288574e-01,1.307461112737655640e-01,7.781112194061279297e-02,6.523736286908388138e-03,-7.875830531120300293e-01,8.599247336387634277e-01,-1.801242679357528687e-01,2.142581902444362640e-02,-9.313337206840515137e-01,-4.361128807067871094e-01,1.488610208034515381e-01,-8.050113916397094727e-01,-6.677209138870239258e-01,1.452719271183013916e-01,-2.191055417060852051e-01,9.864398837089538574e-01,-4.252992570400238037e-01,-1.658390015363693237e-01
-5.740735679864883423e-03,3.012408614158630371e-01,8.650730252265930176e-01,-1.967779546976089478e-02,2.244815602898597717e-02,6.930893659591674805e-01,7.202333211898803711e-01,-3.307841122150421143e-01,4.523248970508575439e-02,2.571399509906768799e-01,3.584536314010620117e-01,3.749320805072784424e-01,-2.617999911308288574e-01,-1.889273077249526978e-01,-6.818674504756927490e-03,-3.871647417545318604e-01,3.309871256351470947e-01,4.055980145931243896e-01,2.617999911308288574e-01,1.652487814426422119e-01,8.271232247352600098e-02,-6.998543441295623779e-02,-8.995084166526794434e-01,9.483768939971923828e-01,-4.600926339626312256e-01,-1.021629795432090759e-01,-8.933143615722656250e-01,-3.642053008079528809e-01,-1.724177002906799316e-01,-9.199855327606201172e-01,-8.471401929855346680e-01,4.393847584724426270e-01,-2.586209475994110107e-01,8.288853168487548828e-01,-2.645084559917449951e-01,8.829899132251739502e-02
-6.945525296032428741e-03,3.026998043060302734e-01,8.777951002120971680e-01,-3.002083674073219299e-02,2.641754411160945892e-02,7.182458043098449707e-01,6.946393847465515137e-01,-3.122125864028930664e-01,2.521212212741374969e-02,2.592054009437561035e-01,3.385803103446960449e-01,3.914832472801208496e-01,-2.617999911308288574e-01,-1.879307031631469727e-01,2.627783827483654022e-02,-3.826725780963897705e-01,2.335572838783264160e-01,4.671196639537811279e-01,2.617999911308288574e-01,1.641809493303298950e-01,8.170274645090103149e-02,-1.119528487324714661e-01,-9.885988831520080566e-01,1.000768661499023438e+00,-6.728516221046447754e-01,-1.466039568185806274e-01,-8.545311093330383301e-01,-3.038460612297058105e-01,-3.314706683158874512e-01,-1.012240171432495117e+00,-9.749889373779296875e-01,7.012740969657897949e-01,-2.422325909137725830e-01,8.024357557296752930e-01,-1.677650809288024902e-01,2.714700400829315186e-01
-1.111996732652187347e-02,3.067507445812225342e-01,8.852392435073852539e-01,-2.833509258925914764e-02,1.502589508891105652e-02,7.439509034156799316e-01,6.674641370773315430e-01,-2.835716903209686279e-01,1.079294923692941666e-02,2.316401153802871704e-01,3.655952811241149902e-01,3.481562733650207520e-01,-2.617999911308288574e-01,-1.613595932722091675e-01,3.369029238820075989e-02,-3.619647324085235596e-01,1.839353293180465698e-01,4.561028778553009033e-01,2.617999911308288574e-01,1.473476439714431763e-01,7.852739840745925903e-02,-1.255585253238677979e-01,-1.055249571800231934e+00,1.071682929992675781e+00,-9.191687703132629395e-01,-2.744652926921844482e-01,-7.924002408981323242e-01,-2.500660121440887451e-01,-4.718689024448394775e-01,-1.148404955863952637e+00,-1.092050433158874512e+00,1.061762571334838867e+00,-3.051683902740478516e-01,7.787536978721618652e-01,-1.031762957572937012e-01,4.209272563457489014e-01
-1.627307757735252380e-02,3.074432015419006348e-01,8.878720998764038086e-01,-2.637257054448127747e-02,1.415149774402379990e-03,7.782456278800964355e-01,6.274043321609497070e-01,-2.656450867652893066e-01,1.098530460149049759e-02,1.963597983121871948e-01,4.201231300830841064e-01,2.746206820011138916e-01,-2.617999911308288574e-01,-1.358544081449508667e-01,2.165498770773410797e-02,-3.631421625614166260e-01,1.970044076442718506e-01,4.015715122222900391e-01,2.617999911308288574e-01,1.416664272546768188e-01,7.660999149084091187e-02,-1.135067194700241089e-01,-1.094729423522949219e+00,1.086765408515930176e+00,-1.107029557228088379e+00,-3.863209486007690430e-01,-7.210815548896789551e-01,-2.431100457906723022e-01,-4.818806350231170654e-01,-1.254710912704467773e+00,-1.140239477157592773e+00,1.358848094940185547e+00,-4.090263247489929199e-01,7.619215250015258789e-01,-6.857798248529434204e-02,4.719615280628204346e-01
-2.152478136122226715e-02,3.052429556846618652e-01,8.846295475959777832e-01,-2.415273152291774750e-02,-7.072356063872575760e-03,8.090866804122924805e-01,5.871502161026000977e-01,-2.639422714710235596e-01,7.472109515219926834e-03,1.594557017087936401e-01,4.722672700881958008e-01,2.065334320068359375e-01,-2.311355024576187134e-01,-1.466279923915863037e-01,3.993028309196233749e-03,-3.505156040191650391e-01,2.522333860397338867e-01,3.268411159515380859e-01,2.419065982103347778e-01,1.364724487066268921e-01,4.302208870649337769e-02,-8.537296950817108154e-02,-1.117002844810485840e+00,1.073081016540527344e+00,-1.239473581314086914e+00,-4.028686881065368652e-01,-6.401504278182983398e-01,-2.373196780681610107e-01,-4.670254290103912354e-01,-1.196573019027709961e+00,-1.159890174865722656e+00,1.399999737739562988e+00,-4.257859885692596436e-01,7.330690622329711914e-01,-2.522941306233406067e-02,5.089072585105895996e-01
-2.559483796358108521e-02,3.015328347682952881e-01,8.745276331901550293e-01,-2.465083263814449310e-02,-7.804285734891891479e-03,8.382418155670166016e-01,5.446852445602416992e-01,-2.708724737167358398e-01,-7.628994528204202652e-03,1.201861277222633362e-01,4.979410469532012939e-01,1.353741884231567383e-01,-1.980754882097244263e-01,-1.864792704582214355e-01,-1.558484043926000595e-02,-3.217896819114685059e-01,3.414352238178253174e-01,2.451913505792617798e-01,2.237797528505325317e-01,1.243162602186203003e-01,2.330538444221019745e-02,-5.478226765990257263e-02,-1.059726119041442871e+00,1.024592995643615723e+00,-1.288833260536193848e+00,-3.848417997360229492e-01,-5.729917883872985840e-01,-2.207498252391815186e-01,-4.454760849475860596e-01,-1.110290884971618652e+00,-1.161046743392944336e+00,1.399999976158142090e+00,-4.144592285156250000e-01,7.001327872276306152e-01,-8.258260786533355713e-03,5.215710997581481934e-01
-2.875349856913089752e-02,2.981601953506469727e-01,8.576861619949340820e-01,-2.820417471230030060e-02,-4.695114213973283768e-03,8.600543737411499023e-01,5.094005465507507324e-01,-2.854031026363372803e-01,-2.803238481283187866e-02,7.427162677049636841e-02,5.145266056060791016e-01,3.337254375219345093e-02,-1.590584516525268555e-01,-2.368370294570922852e-01,-2.958919852972030640e-02,-2.940368056297302246e-01,4.451613426208496094e-01,1.451348960399627686e-01,1.991539448499679565e-01,1.110003441572189331e-01,1.530823577195405960e-02,-2.810416743159294128e-02,-1.000558257102966309e+00,9.893581867218017578e-01,-1.316829562187194824e+00,-3.580251932144165039e-01,-5.137744545936584473e-01,-2.058419436216354370e-01,-4.542293846607208252e-01,-1.043955922126770020e+00,-1.161629676818847656e+00,1.399999976158142090e+00,-4.124398827552795410e-01,6.671109199523925781e-01,4.822403192520141602e-03,5.479035377502441406e-01
-3.091729804873466492e-02,2.953045964241027832e-01,8.333820700645446777e-01,-2.966527082026004791e-02,3.245423315092921257e-03,8.814201951026916504e-01,4.713892936706542969e-01,-3.071168065071105957e-01,-6.519529223442077637e-02,2.327325008809566498e-02,5.300940871238708496e-01,-7.002919912338256836e-02,-1.037848740816116333e-01,-3.215318918228149414e-01,-5.122638121247291565e-02,-2.340758442878723145e-01,6.056664586067199707e-01,2.154533192515373230e-02,1.634803861379623413e-01,9.002444893121719360e-02,2.128841588273644447e-03,6.439244840294122696e-03,-9.117603898048400879e-01,9.287704825401306152e-01,-1.320814847946166992e+00,-2.937502861022949219e-01,-4.250955581665039062e-01,-1.890610307455062866e-01,-4.886226654052734375e-01,-9.570420980453491211e-01,-1.145102143287658691e+00,1.399999976158142090e+00,-3.738677501678466797e-01,6.277412176132202148e-01,4.051526635885238647e-02,6.239628195762634277e-01
-3.226817026734352112e-02,2.922237515449523926e-01,8.025555610656738281e-01,-3.602917492389678955e-02,1.221960596740245819e-02,8.974132537841796875e-01,4.395475387573242188e-01,-3.405242562294006348e-01,-9.887249022722244263e-02,-2.378505468368530273e-02,5.928341746330261230e-01,-2.390480190515518188e-01,-2.566822245717048645e-02,-4.194459617137908936e-01,-6.275212019681930542e-02,-1.781767010688781738e-01,7.666804790496826172e-01,-1.356566548347473145e-01,1.171370521187782288e-01,6.436347961425781250e-02,2.214591018855571747e-03,5.022432282567024231e-02,-7.963426113128662109e-01,8.636201620101928711e-01,-1.271353602409362793e+00,-2.074335962533950806e-01,-3.496199846267700195e-01,-1.790051609277725220e-01,-4.757804274559020996e-01,-8.888909220695495605e-01,-1.122632265090942383e+00,1.399999976158142090e+00,-3.180222809314727783e-01,5.269480943679809570e-01,3.505636006593704224e-02,6.330975890159606934e-01
-3.194676712155342102e-02,2.893077135086059570e-01,7.685346007347106934e-01,-3.909636288881301880e-02,2.108294516801834106e-02,9.096235036849975586e-01,4.130521714687347412e-01,-3.941120803356170654e-01,-1.311736255884170532e-01,-6.163120269775390625e-02,6.897531151771545410e-01,-3.876147866249084473e-01,4.110998287796974182e-02,-5.252878069877624512e-01,-7.659913599491119385e-02,-1.404626965522766113e-01,9.419129490852355957e-01,-2.682099342346191406e-01,6.677065789699554443e-02,5.051325634121894836e-02,-5.208428483456373215e-04,9.957681596279144287e-02,-6.837217211723327637e-01,7.813950181007385254e-01,-1.239438772201538086e+00,-9.846054017543792725e-02,-2.579593956470489502e-01,-1.727990955114364624e-01,-4.687791168689727783e-01,-8.034703135490417480e-01,-1.076209306716918945e+00,1.399999976158142090e+00,-2.299515604972839355e-01,3.715001344680786133e-01,2.645156346261501312e-02,6.468836665153503418e-01
-3.142531588673591614e-02,2.865188717842102051e-01,7.353516817092895508e-01,-4.582713171839714050e-02,3.445869311690330505e-02,9.147952795028686523e-01,3.998276293277740479e-01,-4.712252318859100342e-01,-1.679503917694091797e-01,-8.498816192150115967e-02,8.052140474319458008e-01,-5.301913619041442871e-01,9.110759198665618896e-02,-6.416687369346618652e-01,-8.504760265350341797e-02,-1.024085283279418945e-01,1.095249772071838379e+00,-3.682871758937835693e-01,2.638564445078372955e-02,5.275745689868927002e-02,-7.487555034458637238e-03,1.487911492586135864e-01,-5.702471137046813965e-01,6.805792450904846191e-01,-1.191949844360351562e+00,6.056801602244377136e-02,-1.140660122036933899e-01,-1.932058781385421753e-01,-4.542376697063446045e-01,-7.083908915519714355e-01,-9.842665791511535645e-01,1.399999976158142090e+00,-7.082943618297576904e-02,1.364126354455947876e-01,-1.047890819609165192e-02,6.911065578460693359e-01
-3.176777437329292297e-02,2.838443219661712646e-01,7.078467011451721191e-01,-5.530881509184837341e-02,3.862939029932022095e-02,9.195377230644226074e-01,3.871680796146392822e-01,-5.459480285644531250e-01,-1.880878806114196777e-01,-9.013663977384567261e-02,9.120588898658752441e-01,-6.477871537208557129e-01,1.316540986299514771e-01,-7.290959954261779785e-01,-8.308222889900207520e-02,-7.100185006856918335e-02,1.200636625289916992e+00,-4.159880280494689941e-01,1.064692251384258270e-02,5.544806271791458130e-02,-8.008566685020923615e-03,1.916458606719970703e-01,-4.844334125518798828e-01,5.682287812232971191e-01,-1.144229888916015625e+00,2.101105749607086182e-01,1.068235025741159916e-03,-2.175712585449218750e-01,-3.938351571559906006e-01,-6.302784085273742676e-01,-8.965151906013488770e-01,1.399999976158142090e+00,8.293291181325912476e-02,-3.895663470029830933e-02,-7.161564379930496216e-02,6.823781728744506836e-01
-3.176335990428924561e-02,2.821111679077148438e-01,6.851902008056640625e-01,-5.913227051496505737e-02,3.680818527936935425e-02,9.226604700088500977e-01,3.792705535888671875e-01,-6.187602281570434570e-01,-1.925885528326034546e-01,-7.956715673208236694e-02,1.033285617828369141e+00,-7.199193239212036133e-01,1.522556096315383911e-01,-8.146674633026123047e-01,-8.562929928302764893e-02,-4.735262319445610046e-02,1.308362126350402832e+00,-4.257556498050689697e-01,-5.695954896509647369e-03,5.566760152578353882e-02,-1.054797414690256119e-02,2.306307703256607056e-01,-4.161192178726196289e-01,4.305951297283172607e-01,-1.075683832168579102e+00,3.891742825508117676e-01,1.249397248029708862e-01,-2.411090582609176636e-01,-2.677258253097534180e-01,-5.528932213783264160e-01,-7.730119824409484863e-01,1.399624109268188477e+00,3.039703071117401123e-01,-2.144567668437957764e-01,-1.450337618589401245e-01,5.736288428306579590e-01
-1.571216247975826263e-02,2.794442176818847656e-01,6.676486730575561523e-01,-5.196349695324897766e-02,3.659039363265037537e-02,9.225878715515136719e-01,3.805161118507385254e-01,-6.675376296043395996e-01,-1.784235388040542603e-01,-6.428591907024383545e-02,1.119983673095703125e+00,-7.741786837577819824e-01,1.553577631711959839e-01,-8.792164921760559082e-01,-8.245643228292465210e-02,-2.069376409053802490e-02,1.392294764518737793e+00,-4.461018443107604980e-01,4.422685131430625916e-03,5.474157258868217468e-02,-2.990005351603031158e-02,2.654829919338226318e-01,-4.021777808666229248e-01,3.467919528484344482e-01,-9.889796972274780273e-01,4.740171432495117188e-01,1.622760295867919922e-01,-2.243995815515518188e-01,-1.475679427385330200e-01,-5.160795450210571289e-01,-7.145575284957885742e-01,1.380607604980468750e+00,3.918510675430297852e-01,-2.632926106452941895e-01,-1.640902757644653320e-01,5.077236294746398926e-01
-9.941373020410537720e-03,2.870175540447235107e-01,6.551968455314636230e-01,-4.780035465955734253e-02,4.066609591245651245e-02,9.138702154159545898e-01,4.011267125606536865e-01,-6.835345625877380371e-01,-1.565149128437042236e-01,-4.967530071735382080e-02,1.184082150459289551e+00,-8.309704065322875977e-01,1.648712754249572754e-01,-9.164981842041015625e-01,-8.692932128906250000e-02,-7.006963714957237244e-03,1.426958918571472168e+00,-4.762273728847503662e-01,1.808889023959636688e-02,5.261914432048797607e-02,-6.202789023518562317e-02,2.782464623451232910e-01,-4.415242671966552734e-01,3.204194009304046631e-01,-9.226664900779724121e-01,4.295838475227355957e-01,9.180102497339248657e-02,-2.327892035245895386e-01,-1.089114621281623840e-01,-5.580527186393737793e-01,-7.659304738044738770e-01,1.371986508369445801e+00,2.824479341506958008e-01,-1.336370110511779785e-01,-1.713410466909408569e-01,5.428209900856018066e-01
-4.245458636432886124e-03,2.823892235755920410e-01,6.454496979713439941e-01,-4.029798880219459534e-02,3.391355648636817932e-02,8.987581729888916016e-01,4.352696537971496582e-01,-6.974321603775024414e-01,-1.097350344061851501e-01,-2.416756562888622284e-02,1.255762815475463867e+00,-8.490117788314819336e-01,1.484663933515548706e-01,-9.493653774261474609e-01,-1.228785961866378784e-01,-2.531528659164905548e-02,1.431245923042297363e+00,-4.907703995704650879e-01,1.310283038765192032e-02,4.159513488411903381e-02,-7.719630748033523560e-02,2.856037914752960205e-01,-5.470221638679504395e-01,3.596420884132385254e-01,-8.541094064712524414e-01,2.330259233713150024e-01,-3.067016415297985077e-02,-2.357800006866455078e-01,-1.110978126525878906e-01,-7.213172912597656250e-01,-9.552823305130004883e-01,1.364208102226257324e+00,-1.272856537252664566e-02,1.802137196063995361e-01,-1.094020083546638489e-01,5.914611220359802246e-01
1.168425660580396652e-02,2.738869190216064453e-01,6.372038722038269043e-01,-2.898559160530567169e-02,2.613726444542407990e-02,8.811802268028259277e-01,4.711667299270629883e-01,-7.200040221214294434e-01,-5.835079029202461243e-02,-1.760890707373619080e-02,1.333068013191223145e+00,-8.260974287986755371e-01,1.140705123543739319e-01,-9.660351276397705078e-01,-1.561809629201889038e-01,-4.694532230496406555e-02,1.445747375488281250e+00,-5.012004971504211426e-01,1.744719780981540680e-02,2.876236662268638611e-02,-9.058053046464920044e-02,2.522659897804260254e-01,-6.908609271049499512e-01,4.048683643341064453e-01,-8.195553421974182129e-01,5.651868879795074463e-02,-1.227646023035049438e-01,-2.616038918495178223e-01,-1.028953343629837036e-01,-9.632631540298461914e-01,-1.102061629295349121e+00,1.396803379058837891e+00,-1.998146325349807739e-01,3.941941261291503906e-01,-1.062209308147430420e-01,5.759803056716918945e-01
2.162758447229862213e-02,2.573485076427459717e-01,6.298788785934448242e-01,-1.634695753455162048e-02,1.549297943711280823e-02,8.608472943305969238e-01,5.083647370338439941e-01,-7.338525056838989258e-01,-1.962051354348659515e-02,-1.440294831991195679e-02,1.396809935569763184e+00,-8.062961697578430176e-01,8.231746405363082886e-02,-9.669793844223022461e-01,-1.794104129076004028e-01,-6.254421919584274292e-02,1.442065834999084473e+00,-4.753684401512145996e-01,4.440639913082122803e-02,8.980287238955497742e-03,-1.022035479545593262e-01,2.079643309116363525e-01,-9.167100787162780762e-01,4.654726088047027588e-01,-8.022120594978332520e-01,-5.187679454684257507e-02,-2.140265852212905884e-01,-2.866890430450439453e-01,-4.165548458695411682e-02,-1.231309294700622559e+00,-1.159916520118713379e+00,1.399998188018798828e+00,-2.421104162931442261e-01,5.114411711692810059e-01,-1.051390841603279114e-01,4.987919032573699951e-01
2.775473892688751221e-02,2.559951245784759521e-01,6.256614923477172852e-01,-1.015683729201555252e-02,7.112761028110980988e-03,8.417546749114990234e-01,5.397178530693054199e-01,-7.229971289634704590e-01,3.142487630248069763e-02,-1.089317351579666138e-02,1.440215706825256348e+00,-8.160805702209472656e-01,8.361383527517318726e-02,-9.549274444580078125e-01,-1.886033862829208374e-01,-3.675886243581771851e-02,1.439669132232666016e+00,-4.506809413433074951e-01,8.494678884744644165e-02,-1.916629634797573090e-02,-8.711253851652145386e-02,1.449905633926391602e-01,-1.191593050956726074e+00,5.428698658943176270e-01,-8.071637153625488281e-01,-5.610502511262893677e-02,-2.481468915939331055e-01,-2.936095297336578369e-01,6.481469422578811646e-02,-1.480942249298095703e+00,-1.155501246452331543e+00,1.399999856948852539e+00,-1.735119521617889404e-01,5.382630825042724609e-01,-1.134035289287567139e-01,4.072880744934082031e-01
2.803660556674003601e-02,2.681309580802917480e-01,6.246973872184753418e-01,-1.283827982842922211e-02,2.915577497333288193e-03,8.205974102020263672e-01,5.713550448417663574e-01,-7.086556553840637207e-01,7.797624915838241577e-02,-1.773063838481903076e-02,1.491420388221740723e+00,-8.114880919456481934e-01,7.565300166606903076e-02,-9.491024613380432129e-01,-2.171598970890045166e-01,1.056018751114606857e-03,1.454661011695861816e+00,-4.495980143547058105e-01,1.025051996111869812e-01,-3.086637146770954132e-02,-3.753406181931495667e-02,8.374063670635223389e-02,-1.537895917892456055e+00,6.307584047317504883e-01,-8.574708700180053711e-01,8.977998793125152588e-02,-2.298988252878189087e-01,-2.854253649711608887e-01,1.788624823093414307e-01,-1.764049410820007324e+00,-1.073627233505249023e+00,1.399999976158142090e+00,4.436067864298820496e-02,4.653279185295104980e-01,-1.274179518222808838e-01,2.928010821342468262e-01
1.599589549005031586e-02,2.760616838932037354e-01,6.257421970367431641e-01,-1.008366607129573822e-02,-8.548870682716369629e-03,7.966709733009338379e-01,6.042686700820922852e-01,-6.654410958290100098e-01,6.773055344820022583e-02,-6.449738889932632446e-02,1.531939506530761719e+00,-8.243503570556640625e-01,5.506150051951408386e-02,-9.083435535430908203e-01,-2.385406941175460815e-01,5.007566511631011963e-02,1.494705080986022949e+00,-4.821172952651977539e-01,1.167379841208457947e-01,-9.863248560577630997e-04,5.344515666365623474e-02,3.449941053986549377e-02,-1.844978332519531250e+00,6.967009305953979492e-01,-9.461730718612670898e-01,3.035923540592193604e-01,-3.032439351081848145e-01,-2.644817233085632324e-01,2.693479657173156738e-01,-2.039702653884887695e+00,-9.348983764648437500e-01,1.399999856948852539e+00,3.528479039669036865e-01,4.372011721134185791e-01,-1.411109864711761475e-01,5.990270152688026428e-02
-1.724271569401025772e-03,2.837864160537719727e-01,6.294398903846740723e-01,-2.578810229897499084e-02,-2.458513341844081879e-02,7.746020555496215820e-01,6.314445734024047852e-01,-6.436819434165954590e-01,8.498735725879669189e-02,-9.659406542778015137e-02,1.566879391670227051e+00,-8.465083837509155273e-01,8.773083239793777466e-02,-8.969801664352416992e-01,-2.086529582738876343e-01,9.828122705221176147e-02,1.537521719932556152e+00,-4.949762225151062012e-01,1.429914534091949463e-01,3.340116888284683228e-02,1.387066692113876343e-01,-2.349406853318214417e-02,-2.160192251205444336e+00,7.386112213134765625e-01,-1.092981457710266113e+00,6.080878376960754395e-01,-4.215413033962249756e-01,-2.364008873701095581e-01,2.542886734008789062e-01,-2.230792522430419922e+00,-7.877719402313232422e-01,1.291295289993286133e+00,6.785585880279541016e-01,5.597539544105529785e-01,-1.558227688074111938e-01,-9.014552086591720581e-02
-1.983864791691303253e-02,2.954236268997192383e-01,6.379683613777160645e-01,-4.190912470221519470e-02,-3.181151673197746277e-02,7.564282417297363281e-01,6.519569754600524902e-01,-6.223573684692382812e-01,1.092580035328865051e-01,-9.172195196151733398e-02,1.570630550384521484e+00,-8.340478539466857910e-01,1.042128056287765503e-01,-8.792324662208557129e-01,-2.121372818946838379e-01,9.229710698127746582e-02,1.537710785865783691e+00,-5.006529092788696289e-01,1.341902911663055420e-01,5.735653638839721680e-02,2.059903293848037720e-01,-7.297027856111526489e-02,-2.403471946716308594e+00,7.338293790817260742e-01,-1.175038099288940430e+00,9.642618298530578613e-01,-4.909733533859252930e-01,-1.873531937599182129e-01,2.400064915418624878e-01,-2.379126310348510742e+00,-6.533539891242980957e-01,1.113596439361572266e+00,9.331538677215576172e-01,6.483960151672363281e-01,-1.704030930995941162e-01,-1.892681121826171875e-01
-2.443136461079120636e-02,2.927727103233337402e-01,6.502847075462341309e-01,-4.173011332750320435e-02,-3.193903714418411255e-02,7.425611019134521484e-01,6.677136421203613281e-01,-5.855531096458435059e-01,8.964832127094268799e-02,-1.145658791065216064e-01,1.533083081245422363e+00,-8.270878195762634277e-01,7.829196006059646606e-02,-8.385438919067382812e-01,-2.210457324981689453e-01,8.121488988399505615e-02,1.510192632675170898e+00,-5.145238041877746582e-01,1.262753009796142578e-01,9.220211952924728394e-02,2.560146749019622803e-01,-1.155875697731971741e-01,-2.543891191482543945e+00,7.562268972396850586e-01,-1.242697477340698242e+00,1.181794524192810059e+00,-4.693907797336578369e-01,-1.560742855072021484e-01,2.074873447418212891e-01,-2.462574481964111328e+00,-5.794430375099182129e-01,9.972803592681884766e-01,1.016753554344177246e+00,7.510926127433776855e-01,-2.073870450258255005e-01,-2.400607466697692871e-01
-2.669504657387733459e-02,3.018899857997894287e-01,6.628807783126831055e-01,-3.310524672269821167e-02,-3.563544154167175293e-02,7.362580895423889160e-01,6.749504804611206055e-01,-5.493083000183105469e-01,1.148404479026794434e-01,-1.017718538641929626e-01,1.505477428436279297e+00,-7.597637176513671875e-01,3.945467993617057800e-02,-7.902826070785522461e-01,-2.312677949666976929e-01,7.145687192678451538e-02,1.464745044708251953e+00,-5.080485343933105469e-01,1.325105130672454834e-01,8.591275662183761597e-02,2.825158536434173584e-01,-1.316141188144683838e-01,-2.627552747726440430e+00,8.227288126945495605e-01,-1.341248631477355957e+00,1.254654169082641602e+00,-4.547088146209716797e-01,-1.677769422531127930e-01,2.126078158617019653e-01,-2.505466938018798828e+00,-5.542045831680297852e-01,9.727349281311035156e-01,1.014575600624084473e+00,7.911915183067321777e-01,-2.381234019994735718e-01,-2.782171070575714111e-01
-2.838313207030296326e-02,3.071754574775695801e-01,6.755163073539733887e-01,-2.219514735043048859e-02,-3.541235253214836121e-02,7.351000905036926270e-01,6.766692399978637695e-01,-5.331549048423767090e-01,1.470801681280136108e-01,-7.389974594116210938e-02,1.467180490493774414e+00,-7.238181233406066895e-01,1.198660768568515778e-02,-7.436970472335815430e-01,-2.629719376564025879e-01,4.524050652980804443e-02,1.422209262847900391e+00,-5.165047049522399902e-01,1.358896046876907349e-01,9.096922725439071655e-02,2.903060913085937500e-01,-1.222124323248863220e-01,-2.618373632431030273e+00,9.384083151817321777e-01,-1.399999976158142090e+00,1.147754073143005371e+00,-4.702744483947753906e-01,-2.319049537181854248e-01,2.721784114837646484e-01,-2.468836784362792969e+00,-6.007058620452880859e-01,9.970434308052062988e-01,8.749339580535888672e-01,8.005897402763366699e-01,-2.951527237892150879e-01,-3.353015780448913574e-01
-2.889050543308258057e-02,3.112988770008087158e-01,6.892349720001220703e-01,-6.596366874873638153e-04,-3.956488892436027527e-02,7.353302836418151855e-01,6.765527129173278809e-01,-5.049767494201660156e-01,1.857150495052337646e-01,-6.633279472589492798e-02,1.417584657669067383e+00,-7.358997464179992676e-01,-1.239623222500085831e-02,-6.532250642776489258e-01,-2.790527939796447754e-01,4.150527715682983398e-02,1.353261590003967285e+00,-5.497834682464599609e-01,1.340957134962081909e-01,7.607495039701461792e-02,2.786259949207305908e-01,-8.625306934118270874e-02,-2.520963668823242188e+00,1.136306881904602051e+00,-1.399999976158142090e+00,8.448298573493957520e-01,-4.392389357089996338e-01,-3.158609271049499512e-01,4.521005451679229736e-01,-2.337034702301025391e+00,-7.186281085014343262e-01,1.016634464263916016e+00,5.717382431030273438e-01,7.099071741104125977e-01,-3.592401742935180664e-01,-4.628244638442993164e-01
-2.666376158595085144e-02,3.157002031803131104e-01,7.039088010787963867e-01,1.559208054095506668e-02,-3.973622247576713562e-02,7.446720004081726074e-01,6.660642027854919434e-01,-4.715817868709564209e-01,2.484931945800781250e-01,-5.997144803404808044e-02,1.331060886383056641e+00,-7.250050902366638184e-01,-3.936867043375968933e-02,-5.525175929069519043e-01,-2.838259339332580566e-01,4.548405855894088745e-02,1.259316205978393555e+00,-5.931956768035888672e-01,1.267379969358444214e-01,2.408370189368724823e-02,2.364365309476852417e-01,-4.506760463118553162e-02,-2.388113975524902344e+00,1.357699751853942871e+00,-1.391732454299926758e+00,4.477242827415466309e-01,-2.994455695152282715e-01,-3.715769648551940918e-01,6.650046110153198242e-01,-2.191375017166137695e+00,-9.095465540885925293e-01,1.027261018753051758e+00,2.645741999149322510e-01,4.847477078437805176e-01,-3.685435652732849121e-01,-6.115199923515319824e-01
-2.280849777162075043e-02,3.198302686214447021e-01,7.193584442138671875e-01,3.460629284381866455e-02,-4.677531123161315918e-02,7.536680698394775391e-01,6.546746492385864258e-01,-4.044713079929351807e-01,2.963260412216186523e-01,-5.218973010778427124e-02,1.198310136795043945e+00,-6.214735507965087891e-01,-8.710703253746032715e-02,-4.226718544960021973e-01,-2.728030383586883545e-01,5.916279181838035583e-02,1.129814743995666504e+00,-6.047502756118774414e-01,1.440854519605636597e-01,-2.510061860084533691e-02,1.645199805498123169e-01,5.280053243041038513e-03,-2.115857601165771484e+00,1.555492877960205078e+00,-1.256616711616516113e+00,1.026562005281448364e-01,-2.919808924198150635e-01,-4.112476110458374023e-01,7.227638959884643555e-01,-1.973048567771911621e+00,-1.103646516799926758e+00,9.579572081565856934e-01,6.499106436967849731e-02,4.109880626201629639e-01,-3.582310378551483154e-01,-6.513940095901489258e-01
-1.849241368472576141e-02,3.236884176731109619e-01,7.353259921073913574e-01,4.595644772052764893e-02,-4.432967305183410645e-02,7.607829570770263672e-01,6.458576917648315430e-01,-3.520557880401611328e-01,3.418853878974914551e-01,-3.558033704757690430e-02,1.064195513725280762e+00,-5.007796287536621094e-01,-1.344751268625259399e-01,-3.184069991111755371e-01,-2.743057012557983398e-01,6.965686380863189697e-02,9.999378323554992676e-01,-5.624091029167175293e-01,1.775172352790832520e-01,-3.088383749127388000e-02,7.681070268154144287e-02,3.123035654425621033e-02,-1.724742293357849121e+00,1.590659260749816895e+00,-1.007624030113220215e+00,1.650617830455303192e-02,-3.313573598861694336e-01,-3.959234058856964111e-01,6.241990923881530762e-01,-1.720180034637451172e+00,-1.260849118232727051e+00,8.206290602684020996e-01,3.610511124134063721e-02,3.868517577648162842e-01,-3.297438323497772217e-01,-5.687809586524963379e-01
-1.446028705686330795e-02,3.285538852214813232e-01,7.497273683547973633e-01,5.019705370068550110e-02,-3.735210373997688293e-02,7.650107145309448242e-01,6.409708857536315918e-01,-3.193707466125488281e-01,3.614642918109893799e-01,-5.914894863963127136e-02,9.170445799827575684e-01,-3.858346641063690186e-01,-1.800872087478637695e-01,-2.718740105628967285e-01,-2.898059189319610596e-01,6.538081914186477661e-02,9.282854795455932617e-01,-4.653633236885070801e-01,2.115204036235809326e-01,2.608794905245304108e-02,2.379799820482730865e-02,3.056525252759456635e-02,-1.161481738090515137e+00,1.456146955490112305e+00,-5.222408175468444824e-01,1.463736742734909058e-01,-4.131287634372711182e-01,-4.001052081584930420e-01,5.003110766410827637e-01,-1.400294661521911621e+00,-1.413280248641967773e+00,6.098324060440063477e-01,1.839281767606735229e-01,4.957701563835144043e-01,-3.420388996601104736e-01,-4.284209609031677246e-01
-1.319083012640476227e-02,3.362343609333038330e-01,7.612131834030151367e-01,4.878325760364532471e-02,-3.178074210882186890e-02,7.653084993362426758e-01,6.410250067710876465e-01,-2.802338302135467529e-01,3.608043193817138672e-01,-9.097070246934890747e-02,7.723550200462341309e-01,-2.569485306739807129e-01,-2.154686301946640015e-01,-2.402250766754150391e-01,-2.977541983127593994e-01,6.903237104415893555e-02,8.648294806480407715e-01,-3.853706121444702148e-01,2.428358346223831177e-01,4.249729216098785400e-02,1.768218167126178741e-02,3.413824364542961121e-02,-6.134798526763916016e-01,1.297288894653320312e+00,-2.168885199353098869e-03,2.899102866649627686e-01,-4.432704746723175049e-01,-3.744956851005554199e-01,4.852929413318634033e-01,-1.214251399040222168e+00,-1.514552593231201172e+00,5.164499282836914062e-01,4.464261233806610107e-01,5.424420237541198730e-01,-3.173520267009735107e-01,-3.660253286361694336e-01
-1.350649073719978333e-02,3.439177572727203369e-01,7.683349847793579102e-01,5.266305804252624512e-02,-2.831099554896354675e-02,7.705351710319519043e-01,6.345869898796081543e-01,-2.419484406709671021e-01,3.658922612667083740e-01,-9.216824918985366821e-02,6.831342577934265137e-01,-1.782501488924026489e-01,-2.230246812105178833e-01,-2.070488631725311279e-01,-3.260068893432617188e-01,5.321295186877250671e-02,8.180745244026184082e-01,-3.232901394367218018e-01,2.511371076107025146e-01,3.885940089821815491e-02,-1.360920071601867676e-02,4.810800403356552124e-02,-4.157789349555969238e-01,1.225981235504150391e+00,1.999676078557968140e-01,5.080692172050476074e-01,-6.288728713989257812e-01,-3.231061995029449463e-01,4.850628972053527832e-01,-1.122162699699401855e+00,-1.520959258079528809e+00,4.799308776855468750e-01,8.275883197784423828e-01,6.583000421524047852e-01,-2.357976138591766357e-01,-2.868504226207733154e-01
-1.545798964798450470e-02,3.514073491096496582e-01,7.710092067718505859e-01,5.676016584038734436e-02,-2.928352914750576019e-02,7.755059003829956055e-01,6.281014084815979004e-01,-2.137091457843780518e-01,3.670046329498291016e-01,-7.743246853351593018e-02,6.433840990066528320e-01,-1.598286181688308716e-01,-2.213122099637985229e-01,-1.878239959478378296e-01,-3.523285686969757080e-01,3.254122659564018250e-02,8.040364980697631836e-01,-2.666413187980651855e-01,2.617999911308288574e-01,3.987096250057220459e-02,-3.948983177542686462e-02,6.438758224248886108e-02,-3.231718838214874268e-01,1.192543148994445801e+00,2.729753255844116211e-01,6.542111039161682129e-01,-7.562597393989562988e-01,-2.804963588714599609e-01,4.388651549816131592e-01,-1.044911384582519531e+00,-1.518986105918884277e+00,4.404298663139343262e-01,1.094688892364501953e+00,6.694967150688171387e-01,-1.597194224596023560e-01,-2.070806622505187988e-01
-1.797428168356418610e-02,3.591064810752868652e-01,7.708417773246765137e-01,5.230989679694175720e-02,-3.203522413969039917e-02,7.766123414039611816e-01,6.269853711128234863e-01,-1.879069060087203979e-01,3.660010695457458496e-01,-8.339468389749526978e-02,6.163539290428161621e-01,-1.675077676773071289e-01,-2.211572676897048950e-01,-1.754253506660461426e-01,-3.517974913120269775e-01,2.368088625371456146e-02,7.811353802680969238e-01,-2.435341924428939819e-01,2.617999911308288574e-01,5.497448518872261047e-02,-5.655177682638168335e-02,6.593553721904754639e-02,-2.380053102970123291e-01,1.178121328353881836e+00,3.342046737670898438e-01,7.121665477752685547e-01,-8.156265616416931152e-01,-2.600204944610595703e-01,4.034668505191802979e-01,-9.571015834808349609e-01,-1.529517769813537598e+00,3.809593915939331055e-01,1.230135679244995117e+00,6.552071571350097656e-01,-1.206753328442573547e-01,-1.496941447257995605e-01
-2.136949822306632996e-02,3.658853173255920410e-01,7.698357105255126953e-01,4.780836030840873718e-02,-3.609697148203849792e-02,7.755932807922363281e-01,6.283839344978332520e-01,-1.607363820075988770e-01,3.593012988567352295e-01,-9.998840838670730591e-02,5.902043581008911133e-01,-1.920194029808044434e-01,-2.168876379728317261e-01,-1.588912606239318848e-01,-3.391703963279724121e-01,3.718392923474311829e-02,7.529053092002868652e-01,-2.291336208581924438e-01,2.617999911308288574e-01,6.719423085451126099e-02,-6.653491407632827759e-02,6.589926034212112427e-02,-1.428753435611724854e-01,1.170543313026428223e+00,3.820148408412933350e-01,6.942737698554992676e-01,-8.320020437240600586e-01,-2.482772022485733032e-01,3.680915236473083496e-01,-8.425803780555725098e-01,-1.523454546928405762e+00,3.179050087928771973e-01,1.252998232841491699e+00,6.425169706344604492e-01,-9.941274672746658325e-02,-1.031754165887832642e-01
-2.490048669278621674e-02,3.724206686019897461e-01,7.696908712387084961e-01,4.172606021165847778e-02,-3.676867485046386719e-02,7.741547822952270508e-01,6.305484771728515625e-01,-1.423244923353195190e-01,3.471259474754333496e-01,-1.182560473680496216e-01,5.684607028961181641e-01,-2.239078581333160400e-01,-2.021592408418655396e-01,-1.473821550607681274e-01,-3.328087627887725830e-01,5.655986070632934570e-02,7.227781414985656738e-01,-2.148348093032836914e-01,2.617999911308288574e-01,8.134738355875015259e-02,-7.913078367710113525e-02,6.426400691270828247e-02,6.508049089461565018e-03,1.159509778022766113e+00,4.248913824558258057e-01,5.977141261100769043e-01,-7.709344625473022461e-01,-2.454013228416442871e-01,3.065414130687713623e-01,-6.591994762420654297e-01,-1.508043169975280762e+00,2.711098790168762207e-01,1.173049569129943848e+00,5.408337116241455078e-01,-8.582650125026702881e-02,-2.441275864839553833e-02
-2.658920548856258392e-02,3.786786794662475586e-01,7.720753550529479980e-01,2.847123332321643829e-02,-3.296049311757087708e-02,7.735283970832824707e-01,6.322632431983947754e-01,-1.369432359933853149e-01,3.401219546794891357e-01,-1.449380666017532349e-01,5.326858758926391602e-01,-2.372387647628784180e-01,-1.885113567113876343e-01,-1.373679637908935547e-01,-3.200494050979614258e-01,7.538827508687973022e-02,6.706532835960388184e-01,-1.929269433021545410e-01,2.617999911308288574e-01,9.054111689329147339e-02,-9.436807036399841309e-02,4.898260906338691711e-02,2.266509830951690674e-01,1.148396134376525879e+00,4.524954557418823242e-01,4.226954877376556396e-01,-6.874552965164184570e-01,-2.440714091062545776e-01,1.335474401712417603e-01,-3.702170550823211670e-01,-1.502053737640380859e+00,2.286376059055328369e-01,9.656755924224853516e-01,4.222382903099060059e-01,-8.029915392398834229e-02,1.488302648067474365e-01
-4.490603506565093994e-02,3.814051449298858643e-01,7.740266919136047363e-01,1.889504864811897278e-02,-2.687542326748371124e-02,7.711045145988464355e-01,6.358604431152343750e-01,-1.342043131589889526e-01,3.099408149719238281e-01,-1.536254435777664185e-01,5.138736963272094727e-01,-2.753323316574096680e-01,-1.694928109645843506e-01,-1.468959599733352661e-01,-3.592313230037689209e-01,5.138678848743438721e-02,6.477599143981933594e-01,-1.310584247112274170e-01,2.617999911308288574e-01,9.936248511075973511e-02,-1.155735924839973450e-01,2.684576064348220825e-02,4.527307152748107910e-01,1.130295038223266602e+00,4.257272779941558838e-01,1.776969134807586670e-01,-6.764053106307983398e-01,-2.457939833402633667e-01,-1.408306509256362915e-01,-6.255140155553817749e-02,-1.503429174423217773e+00,1.439404636621475220e-01,6.280916333198547363e-01,4.245169162750244141e-01,-8.928621560335159302e-02,3.195934295654296875e-01
-5.044295638799667358e-02,3.867969810962677002e-01,7.746528387069702148e-01,1.920120231807231903e-02,-2.077207900583744049e-02,7.688408493995666504e-01,6.388142108917236328e-01,-1.243714839220046997e-01,2.902415990829467773e-01,-1.498568207025527954e-01,5.100134015083312988e-01,-2.828430235385894775e-01,-1.562368720769882202e-01,-1.456074416637420654e-01,-4.002484977245330811e-01,4.219770897179841995e-03,6.443485021591186523e-01,-1.099269837141036987e-01,2.617999911308288574e-01,1.118080690503120422e-01,-1.266078799962997437e-01,1.650677993893623352e-02,5.735210180282592773e-01,1.131666898727416992e+00,2.659794688224792480e-01,-8.748962730169296265e-02,-6.533464193344116211e-01,-2.024830728769302368e-01,-4.335810840129852295e-01,1.441885381937026978e-01,-1.529085755348205566e+00,1.090124398469924927e-01,2.595536112785339355e-01,4.071677327156066895e-01,-6.860227882862091064e-02,4.972299933433532715e-01
-5.431824922561645508e-02,3.885608613491058350e-01,7.756190896034240723e-01,2.112583629786968231e-02,-1.654435507953166962e-02,7.658453583717346191e-01,6.424646973609924316e-01,-1.118980720639228821e-01,2.791974544525146484e-01,-1.291023790836334229e-01,4.979364573955535889e-01,-2.770720720291137695e-01,-1.514156311750411987e-01,-1.356061547994613647e-01,-4.245277345180511475e-01,-1.752455346286296844e-02,6.305536627769470215e-01,-9.750552475452423096e-02,2.617999911308288574e-01,1.304772347211837769e-01,-1.355301886796951294e-01,1.759244874119758606e-02,5.587697625160217285e-01,1.092616200447082520e+00,4.976836964488029480e-02,-2.656459510326385498e-01,-6.549201607704162598e-01,-1.642746478319168091e-01,-5.849814414978027344e-01,2.513155043125152588e-01,-1.510230541229248047e+00,1.706268191337585449e-01,-4.426751658320426941e-02,4.629282951354980469e-01,-2.817140147089958191e-02,6.207190752029418945e-01
-5.831537395715713501e-02,3.857158124446868896e-01,7.770183086395263672e-01,2.786348946392536163e-02,-1.460770890116691589e-02,7.593842744827270508e-01,6.498813033103942871e-01,-9.134414792060852051e-02,2.655603885650634766e-01,-9.918978810310363770e-02,4.880946874618530273e-01,-2.674350440502166748e-01,-1.508117020130157471e-01,-1.327445358037948608e-01,-4.510701000690460205e-01,-3.891318663954734802e-02,6.262543201446533203e-01,-8.600646257400512695e-02,2.617999911308288574e-01,1.730100512504577637e-01,-1.508912444114685059e-01,3.219722583889961243e-02,4.790461063385009766e-01,1.017604589462280273e+00,-1.682397276163101196e-01,-3.307315111160278320e-01,-6.874193549156188965e-01,-1.324080079793930054e-01,-6.384044885635375977e-01,2.536243498325347900e-01,-1.423169136047363281e+00,3.103962540626525879e-01,-2.315461486577987671e-01,5.283806324005126953e-01,8.580176159739494324e-03,6.868421435356140137e-01
-5.409890785813331604e-02,3.835832178592681885e-01,7.782534956932067871e-01,3.814037516713142395e-02,-1.024566590785980225e-02,7.537985444068908691e-01,6.559177637100219727e-01,-7.701636105775833130e-02,2.491909861564636230e-01,-8.397454023361206055e-02,4.885513484477996826e-01,-2.317595034837722778e-01,-1.667084693908691406e-01,-1.362617909908294678e-01,-4.744440615177154541e-01,-5.201406031847000122e-02,6.388224363327026367e-01,-9.180827438831329346e-02,2.617999911308288574e-01,2.222819179296493530e-01,-1.686656624078750610e-01,4.816757887601852417e-02,3.992707729339599609e-01,9.216139912605285645e-01,-3.065740764141082764e-01,-3.349256217479705811e-01,-6.720544099807739258e-01,-1.401209235191345215e-01,-6.204535365104675293e-01,1.927357763051986694e-01,-1.289326429367065430e+00,4.567092657089233398e-01,-2.757129073143005371e-01,5.294362902641296387e-01,2.343676611781120300e-02,6.835705041885375977e-01
-4.459585621953010559e-02,3.863151669502258301e-01,7.788785099983215332e-01,4.259931668639183044e-02,-8.902227506041526794e-03,7.478163242340087891e-01,6.624777317047119141e-01,-6.460137665271759033e-02,2.551783621311187744e-01,-6.760003417730331421e-02,4.922999441623687744e-01,-2.100491225719451904e-01,-1.782945096492767334e-01,-1.406621485948562622e-01,-4.664160311222076416e-01,-4.186310246586799622e-02,6.534329056739807129e-01,-1.090942025184631348e-01,2.617999911308288574e-01,2.548780143260955811e-01,-1.811498403549194336e-01,5.812473222613334656e-02,3.593480885028839111e-01,8.049557805061340332e-01,-3.136336505413055420e-01,-3.154800534248352051e-01,-6.666916012763977051e-01,-1.519146114587783813e-01,-5.403057932853698730e-01,1.825874894857406616e-01,-1.126349091529846191e+00,5.183259844779968262e-01,-2.507037818431854248e-01,5.966205000877380371e-01,3.581693768501281738e-02,5.923113226890563965e-01
-3.574582561850547791e-02,3.885180950164794922e-01,7.780438065528869629e-01,4.905642569065093994e-02,-5.661719478666782379e-03,7.406303882598876953e-01,6.700955629348754883e-01,-5.781020596623420715e-02,2.535290122032165527e-01,-5.344785004854202271e-02,5.048419237136840820e-01,-1.926762014627456665e-01,-1.923836767673492432e-01,-1.527252346277236938e-01,-4.664021730422973633e-01,-1.900766976177692413e-02,6.737183332443237305e-01,-1.345407515764236450e-01,2.617999911308288574e-01,2.716380357742309570e-01,-1.871622651815414429e-01,6.269793957471847534e-02,3.206166326999664307e-01,7.316136956214904785e-01,-3.117393851280212402e-01,-2.904990017414093018e-01,-6.819671392440795898e-01,-1.657002717256546021e-01,-4.548563957214355469e-01,1.907762140035629272e-01,-9.824371337890625000e-01,5.301631093025207520e-01,-1.830236017704010010e-01,6.679934859275817871e-01,4.670787975192070007e-02,4.965956211090087891e-01
-2.588552236557006836e-02,3.900777399539947510e-01,7.764955759048461914e-01,5.259524658322334290e-02,-2.785600954666733742e-03,7.302361130714416504e-01,6.811617016792297363e-01,-5.151120200753211975e-02,2.594340443611145020e-01,-3.888490423560142517e-02,5.119182467460632324e-01,-1.834329813718795776e-01,-2.031052410602569580e-01,-1.707992553710937500e-01,-4.570319652557373047e-01,6.375698838382959366e-03,6.861982345581054688e-01,-1.614475101232528687e-01,2.617999911308288574e-01,2.689968347549438477e-01,-1.927984207868576050e-01,6.445407122373580933e-02,2.985274791717529297e-01,7.204179167747497559e-01,-3.250297009944915771e-01,-2.672577500343322754e-01,-6.720249056816101074e-01,-1.748014688491821289e-01,-4.107037782669067383e-01,1.814892888069152832e-01,-8.912908434867858887e-01,5.406976938247680664e-01,-1.463781446218490601e-01,7.179924249649047852e-01,4.726280644536018372e-02,4.318051934242248535e-01
-1.483430713415145874e-02,3.913869559764862061e-01,7.739081978797912598e-01,4.989643767476081848e-02,-8.880713954567909241e-03,7.168473601341247559e-01,6.953857541084289551e-01,-5.370557680726051331e-02,2.853973209857940674e-01,-5.336343869566917419e-02,5.420821905136108398e-01,-1.895361244678497314e-01,-2.092195302248001099e-01,-1.862565428018569946e-01,-4.133982062339782715e-01,3.910619392991065979e-02,6.959210634231567383e-01,-1.747181564569473267e-01,2.617999911308288574e-01,2.562824487686157227e-01,-1.741757988929748535e-01,6.695945560932159424e-02,2.932314872741699219e-01,7.479177117347717285e-01,-3.466668426990509033e-01,-2.399363368749618530e-01,-6.608453392982482910e-01,-1.696797907352447510e-01,-4.022209644317626953e-01,1.574152559041976929e-01,-8.611417412757873535e-01,5.507940053939819336e-01,-1.378137469291687012e-01,7.490403652191162109e-01,4.999549314379692078e-02,4.042457044124603271e-01
-3.096998669207096100e-03,3.925954699516296387e-01,7.703388333320617676e-01,4.099573567509651184e-02,-2.039102464914321899e-02,7.035697102546691895e-01,7.091496586799621582e-01,-6.377611309289932251e-02,3.208803236484527588e-01,-8.737877011299133301e-02,5.854572653770446777e-01,-2.073304504156112671e-01,-2.085182964801788330e-01,-1.906857788562774658e-01,-3.453788161277770996e-01,8.866871893405914307e-02,6.871460676193237305e-01,-1.824548393487930298e-01,2.617999911308288574e-01,2.349630594253540039e-01,-1.424245238304138184e-01,7.435405999422073364e-02,2.852590978145599365e-01,7.923471331596374512e-01,-3.796254396438598633e-01,-2.217411994934082031e-01,-6.607033610343933105e-01,-1.761340498924255371e-01,-3.915742337703704834e-01,1.128740608692169189e-01,-8.711127638816833496e-01,5.896219015121459961e-01,-1.472643315792083740e-01,7.648268342018127441e-01,4.907435923814773560e-02,3.836647868156433105e-01
7.025574799627065659e-03,3.932000696659088135e-01,7.651034593582153320e-01,3.374240919947624207e-02,-3.428171202540397644e-02,6.878525614738464355e-01,7.242547869682312012e-01,-7.524243742227554321e-02,3.404265046119689941e-01,-1.450698077678680420e-01,6.499766707420349121e-01,-2.272275537252426147e-01,-2.013296484947204590e-01,-1.925096064805984497e-01,-2.862381339073181152e-01,1.430410891771316528e-01,6.790751814842224121e-01,-2.063670456409454346e-01,2.617999911308288574e-01,2.021700739860534668e-01,-9.420865029096603394e-02,8.774908632040023804e-02,2.835292220115661621e-01,8.609902262687683105e-01,-4.346953630447387695e-01,-2.174672633409500122e-01,-6.786434054374694824e-01,-1.831232607364654541e-01,-4.056956768035888672e-01,3.184851258993148804e-02,-9.030988216400146484e-01,6.529640555381774902e-01,-1.649076044559478760e-01,7.562777400016784668e-01,3.244251757860183716e-02,3.667587935924530029e-01
1.685301214456558228e-02,3.927884399890899658e-01,7.591083049774169922e-01,1.948521472513675690e-02,-5.801747739315032959e-02,6.750249266624450684e-01,7.352520823478698730e-01,-9.967356920242309570e-02,3.809174001216888428e-01,-2.216200530529022217e-01,7.340699434280395508e-01,-2.590993642807006836e-01,-1.881458163261413574e-01,-1.817638128995895386e-01,-1.851844340562820435e-01,2.181218117475509644e-01,6.737643480300903320e-01,-2.263551056385040283e-01,2.617999911308288574e-01,1.299348771572113037e-01,-1.665088161826133728e-02,1.110879555344581604e-01,2.782558500766754150e-01,9.357556104660034180e-01,-5.431497693061828613e-01,-2.260697484016418457e-01,-6.992386579513549805e-01,-1.833305805921554565e-01,-4.666359126567840576e-01,-9.616401791572570801e-02,-9.528220295906066895e-01,7.617043852806091309e-01,-2.075670212507247925e-01,7.657029032707214355e-01,2.617940306663513184e-02,3.828308284282684326e-01
2.317913621664047241e-02,3.915139138698577881e-01,7.527713775634765625e-01,3.964387811720371246e-03,-7.666177302598953247e-02,6.626754403114318848e-01,7.449620962142944336e-01,-1.227069720625877380e-01,4.095008075237274170e-01,-3.014505505561828613e-01,8.150196075439453125e-01,-3.215318024158477783e-01,-1.743071526288986206e-01,-1.803811937570571899e-01,-1.003064736723899841e-01,2.700190246105194092e-01,6.790246367454528809e-01,-2.646437287330627441e-01,2.617999911308288574e-01,5.539184063673019409e-02,7.295282185077667236e-02,1.478483527898788452e-01,2.552618980407714844e-01,9.599558711051940918e-01,-6.220061182975769043e-01,-2.134265601634979248e-01,-7.607606649398803711e-01,-1.669077724218368530e-01,-5.007507801055908203e-01,-2.160349041223526001e-01,-9.889907836914062500e-01,8.617164492607116699e-01,-2.489166855812072754e-01,7.873775959014892578e-01,2.189936116337776184e-02,3.947590291500091553e-01
3.178045526146888733e-02,3.920182585716247559e-01,7.478337287902832031e-01,-9.161931462585926056e-03,-9.095785766839981079e-02,6.510575413703918457e-01,7.535030245780944824e-01,-1.488141864538192749e-01,4.370057284832000732e-01,-3.522845208644866943e-01,8.825964331626892090e-01,-3.501442074775695801e-01,-1.568425595760345459e-01,-1.865142136812210083e-01,-2.165627852082252502e-02,3.072111606597900391e-01,6.968001723289489746e-01,-2.839589416980743408e-01,2.617999911308288574e-01,-2.982937544584274292e-02,1.524488478899002075e-01,1.869324594736099243e-01,2.062497586011886597e-01,9.681561589241027832e-01,-6.907808184623718262e-01,-2.038049250841140747e-01,-8.288691043853759766e-01,-1.364214718341827393e-01,-5.144248008728027344e-01,-3.375451266765594482e-01,-1.014971613883972168e+00,9.670249819755554199e-01,-2.990426719188690186e-01,7.756598591804504395e-01,2.464856579899787903e-02,4.037161171436309814e-01
4.007415100932121277e-02,3.908674418926239014e-01,7.445242404937744141e-01,-2.267811819911003113e-02,-1.003213599324226379e-01,6.438230276107788086e-01,7.582303285598754883e-01,-1.881894618272781372e-01,4.705933034420013428e-01,-3.757218718528747559e-01,9.337503314018249512e-01,-3.668426573276519775e-01,-1.523973047733306885e-01,-1.956540197134017944e-01,3.750878572463989258e-02,3.188818395137786865e-01,6.996411085128784180e-01,-2.925546467304229736e-01,2.617999911308288574e-01,-1.115406677126884460e-01,2.210004031658172607e-01,2.143220305442810059e-01,1.216312423348426819e-01,9.907125830650329590e-01,-7.312997579574584961e-01,-2.266318202018737793e-01,-8.965163826942443848e-01,-1.371944248676300049e-01,-5.019202232360839844e-01,-4.375871419906616211e-01,-1.043279290199279785e+00,1.049895167350769043e+00,-3.541122376918792725e-01,7.654098272323608398e-01,1.280179247260093689e-02,3.999006152153015137e-01
3.941148892045021057e-02,3.899253010749816895e-01,7.429358363151550293e-01,-3.401783481240272522e-02,-1.089092493057250977e-01,6.363787055015563965e-01,7.628917098045349121e-01,-2.184391766786575317e-01,4.947630763053894043e-01,-3.843225240707397461e-01,9.702180027961730957e-01,-3.751615285873413086e-01,-1.437257975339889526e-01,-2.023143172264099121e-01,7.993464171886444092e-02,3.329295814037322998e-01,6.974712610244750977e-01,-2.729929387569427490e-01,2.617999911308288574e-01,-1.544528305530548096e-01,2.569940090179443359e-01,2.284823358058929443e-01,-1.475567370653152466e-02,1.035853981971740723e+00,-7.340807318687438965e-01,-2.816877663135528564e-01,-9.147926568984985352e-01,-1.531128585338592529e-01,-4.961505532264709473e-01,-5.064373016357421875e-01,-1.057420611381530762e+00,1.111356139183044434e+00,-3.921427428722381592e-01,7.478694915771484375e-01,5.049917846918106079e-03,3.985913693904876709e-01
3.646852821111679077e-02,3.835559487342834473e-01,7.423995733261108398e-01,-4.083840176463127136e-02,-1.196604594588279724e-01,6.349735856056213379e-01,7.621168494224548340e-01,-2.403947710990905762e-01,5.143033266067504883e-01,-3.945968151092529297e-01,9.841589331626892090e-01,-4.004528224468231201e-01,-1.419597268104553223e-01,-2.031781226396560669e-01,1.081526800990104675e-01,3.271293938159942627e-01,6.940066218376159668e-01,-2.425509840250015259e-01,2.617999911308288574e-01,-1.809234023094177246e-01,2.813197970390319824e-01,2.381533831357955933e-01,-1.959432512521743774e-01,1.058819532394409180e+00,-7.003555893898010254e-01,-3.416627049446105957e-01,-9.120695590972900391e-01,-2.079830169677734375e-01,-4.328118860721588135e-01,-5.275318622589111328e-01,-1.067126512527465820e+00,1.115890622138977051e+00,-4.268869459629058838e-01,7.427600026130676270e-01,-1.650456711649894714e-02,3.696746528148651123e-01
3.565090522170066833e-02,3.868486583232879639e-01,7.421723008155822754e-01,-5.100678652524948120e-02,-1.220163479447364807e-01,6.310293674468994141e-01,7.644032239913940430e-01,-2.490982115268707275e-01,5.383499860763549805e-01,-3.876396119594573975e-01,9.836350679397583008e-01,-4.276379346847534180e-01,-1.332399994134902954e-01,-2.043532431125640869e-01,1.318563669919967651e-01,3.346489071846008301e-01,6.818798780441284180e-01,-2.401087433099746704e-01,2.617999911308288574e-01,-1.962312757968902588e-01,2.839383184909820557e-01,2.359147965908050537e-01,-4.092984795570373535e-01,1.000267863273620605e+00,-5.999441742897033691e-01,-3.394463360309600830e-01,-8.450778126716613770e-01,-3.085815906524658203e-01,-2.740649580955505371e-01,-5.159985423088073730e-01,-1.060624003410339355e+00,1.078356862068176270e+00,-4.487589299678802490e-01,7.105313539505004883e-01,-5.346893891692161560e-02,3.166474997997283936e-01
4.280556738376617432e-02,3.859806060791015625e-01,7.415935993194580078e-01,-5.383615568280220032e-02,-1.226864457130432129e-01,6.287967562675476074e-01,7.659401893615722656e-01,-2.508175075054168701e-01,5.538884401321411133e-01,-3.888184428215026855e-01,9.766210913658142090e-01,-4.316021502017974854e-01,-1.406551450490951538e-01,-2.080543190240859985e-01,1.535077840089797974e-01,3.398798406124114990e-01,6.841272115707397461e-01,-2.575076520442962646e-01,2.617999911308288574e-01,-2.055166810750961304e-01,2.737222909927368164e-01,2.343475073575973511e-01,-6.750025153160095215e-01,8.681195974349975586e-01,-4.597885608673095703e-01,-2.365456819534301758e-01,-7.772519588470458984e-01,-4.153088033199310303e-01,9.883425198495388031e-03,-4.795114398002624512e-01,-1.039247751235961914e+00,1.017611742019653320e+00,-4.417948722839355469e-01,6.730986237525939941e-01,-9.333525598049163818e-02,2.419240027666091919e-01
4.574692994356155396e-02,3.874091506004333496e-01,7.410941123962402344e-01,-5.748106166720390320e-02,-1.209086328744888306e-01,6.239429712295532227e-01,7.699170112609863281e-01,-2.466357499361038208e-01,5.711150765419006348e-01,-3.671799600124359131e-01,9.664122462272644043e-01,-4.542376101016998291e-01,-1.392638534307479858e-01,-2.167425453662872314e-01,1.675189882516860962e-01,3.432835638523101807e-01,6.877308487892150879e-01,-2.685248553752899170e-01,2.617999911308288574e-01,-2.188462764024734497e-01,2.427163720130920410e-01,2.247993797063827515e-01,-9.239777922630310059e-01,7.314009666442871094e-01,-3.182280659675598145e-01,-5.034417659044265747e-02,-7.316236495971679688e-01,-4.874875247478485107e-01,3.363453745841979980e-01,-4.395459890365600586e-01,-1.005133390426635742e+00,9.811376333236694336e-01,-4.082108139991760254e-01,6.731667518615722656e-01,-1.154800727963447571e-01,1.699288040399551392e-01
4.743381962180137634e-02,3.852363526821136475e-01,7.402173876762390137e-01,-5.592959001660346985e-02,-1.245329603552818298e-01,6.212576031684875488e-01,7.716231942176818848e-01,-2.400502711534500122e-01,5.737551450729370117e-01,-3.674871027469635010e-01,9.652671217918395996e-01,-4.587306380271911621e-01,-1.358862370252609253e-01,-2.137270867824554443e-01,1.784534007310867310e-01,3.510495424270629883e-01,6.927623748779296875e-01,-2.773232460021972656e-01,2.617999911308288574e-01,-2.365135401487350464e-01,2.161681503057479858e-01,2.234147489070892334e-01,-1.112448811531066895e+00,6.470915675163269043e-01,-2.821388244628906250e-01,1.599114835262298584e-01,-6.858261227607727051e-01,-4.889706373214721680e-01,5.385757684707641602e-01,-4.375670850276947021e-01,-9.805797338485717773e-01,9.677702784538269043e-01,-3.683175444602966309e-01,6.416778564453125000e-01,-1.284654885530471802e-01,1.245389655232429504e-01
4.910063371062278748e-02,3.875663280487060547e-01,7.389571070671081543e-01,-5.442855879664421082e-02,-1.283373385667800903e-01,6.196891069412231445e-01,7.723681330680847168e-01,-2.272736728191375732e-01,5.717830061912536621e-01,-3.794716000556945801e-01,9.649801254272460938e-01,-4.660275280475616455e-01,-1.376969069242477417e-01,-2.089752256870269775e-01,1.852221637964248657e-01,3.470155000686645508e-01,7.092536091804504395e-01,-2.890093028545379639e-01,2.617999911308288574e-01,-2.549027502536773682e-01,1.973137706518173218e-01,2.205234766006469727e-01,-1.265406847000122070e+00,6.039023399353027344e-01,-3.204039037227630615e-01,4.099731147289276123e-01,-7.160592675209045410e-01,-4.566950798034667969e-01,6.093280315399169922e-01,-4.439906775951385498e-01,-9.636417031288146973e-01,9.795699119567871094e-01,-3.355234265327453613e-01,6.353389620780944824e-01,-1.314995884895324707e-01,9.294147044420242310e-02
4.632943868637084961e-02,3.949117958545684814e-01,7.376109957695007324e-01,-5.340552330017089844e-02,-1.300711184740066528e-01,6.192417740821838379e-01,7.725082635879516602e-01,-2.088116258382797241e-01,5.633227825164794922e-01,-3.848265707492828369e-01,9.622986316680908203e-01,-4.959411025047302246e-01,-1.303942054510116577e-01,-1.990394145250320435e-01,1.798403710126876831e-01,3.460385799407958984e-01,7.218225002288818359e-01,-3.013794720172882080e-01,2.617999911308288574e-01,-2.688213288784027100e-01,1.781370192766189575e-01,2.062733918428421021e-01,-1.412969470024108887e+00,5.930433869361877441e-01,-4.080326557159423828e-01,7.576264739036560059e-01,-7.785339951515197754e-01,-3.768614530563354492e-01,5.393754839897155762e-01,-4.528407156467437744e-01,-9.613620638847351074e-01,9.978774785995483398e-01,-3.066264688968658447e-01,6.423840522766113281e-01,-1.140036135911941528e-01,8.726936578750610352e-02
4.788289219141006470e-02,3.937231302261352539e-01,7.357749938964843750e-01,-4.814660176634788513e-02,-1.357436180114746094e-01,6.206298470497131348e-01,7.707620859146118164e-01,-1.926874965429306030e-01,5.584997534751892090e-01,-4.024055600166320801e-01,9.578773975372314453e-01,-5.185769796371459961e-01,-1.184173300862312317e-01,-1.863906979560852051e-01,1.828360408544540405e-01,3.431658148765563965e-01,7.335254549980163574e-01,-3.157278597354888916e-01,2.617999911308288574e-01,-2.827670574188232422e-01,1.662072539329528809e-01,1.928938329219818115e-01,-1.494279742240905762e+00,5.736482739448547363e-01,-5.345460176467895508e-01,1.140073537826538086e+00,-7.952083945274353027e-01,-2.272520065307617188e-01,3.611968159675598145e-01,-4.566474854946136475e-01,-9.582827091217041016e-01,1.016092419624328613e+00,-2.772022783756256104e-01,6.495889425277709961e-01,-7.578233629465103149e-02,8.485256135463714600e-02
4.898951202630996704e-02,3.941347301006317139e-01,7.330841422080993652e-01,-4.170926287770271301e-02,-1.401091963052749634e-01,6.231697201728820801e-01,7.683028578758239746e-01,-1.843070238828659058e-01,5.628809928894042969e-01,-4.047766923904418945e-01,9.575141072273254395e-01,-5.510443449020385742e-01,-1.178549677133560181e-01,-1.715736538171768188e-01,1.743519306182861328e-01,3.353211879730224609e-01,7.440300583839416504e-01,-3.459697365760803223e-01,2.617999911308288574e-01,-2.813927829265594482e-01,1.578073203563690186e-01,1.881208419799804688e-01,-1.524527788162231445e+00,5.454269647598266602e-01,-5.872597098350524902e-01,1.256073594093322754e+00,-7.778481841087341309e-01,-1.857959181070327759e-01,2.935944795608520508e-01,-4.638421833515167236e-01,-9.648466110229492188e-01,1.024158358573913574e+00,-2.580116987228393555e-01,6.327978372573852539e-01,-6.503112614154815674e-02,8.392138779163360596e-02
5.041492357850074768e-02,3.917604684829711914e-01,7.299740314483642578e-01,-3.146367520093917847e-02,-1.388385295867919922e-01,6.311453580856323242e-01,7.624889612197875977e-01,-1.818000525236129761e-01,5.667379498481750488e-01,-3.851136267185211182e-01,9.486148953437805176e-01,-5.826914310455322266e-01,-1.053992733359336853e-01,-1.667718887329101562e-01,1.481935232877731323e-01,3.266715109348297119e-01,7.645571231842041016e-01,-3.849664032459259033e-01,2.617999911308288574e-01,-2.759988009929656982e-01,1.365640014410018921e-01,1.750580519437789917e-01,-1.557124972343444824e+00,5.380028486251831055e-01,-6.085044741630554199e-01,1.293053984642028809e+00,-7.724422812461853027e-01,-1.786610484123229980e-01,2.722469866275787354e-01,-4.482072889804840088e-01,-9.749090671539306641e-01,1.021110773086547852e+00,-2.479346692562103271e-01,6.328418254852294922e-01,-5.403541028499603271e-02,9.226738661527633667e-02
4.749916493892669678e-02,3.921836316585540771e-01,7.265832424163818359e-01,-2.185611799359321594e-02,-1.339266151189804077e-01,6.449707746505737305e-01,7.520629167556762695e-01,-1.803028434514999390e-01,5.691568255424499512e-01,-3.602918386459350586e-01,9.431587457656860352e-01,-5.990151166915893555e-01,-1.024541482329368591e-01,-1.634578406810760498e-01,1.037102341651916504e-01,3.073960542678833008e-01,7.885183691978454590e-01,-4.201708734035491943e-01,2.617999911308288574e-01,-2.647920846939086914e-01,1.204459890723228455e-01,1.614457517862319946e-01,-1.612445235252380371e+00,5.386108160018920898e-01,-6.040409207344055176e-01,1.267806768417358398e+00,-8.071326017379760742e-01,-1.995775997638702393e-01,2.799034714698791504e-01,-4.085190594196319580e-01,-9.864659309387207031e-01,9.975911378860473633e-01,-2.317090034484863281e-01,6.280858516693115234e-01,-5.081225559115409851e-02,1.008442565798759460e-01
4.298400878906250000e-02,3.908146321773529053e-01,7.230070829391479492e-01,-1.201453711837530136e-02,-1.270711719989776611e-01,6.617432236671447754e-01,7.387858033180236816e-01,-1.793714463710784912e-01,5.699588656425476074e-01,-3.257620930671691895e-01,9.305341243743896484e-01,-5.989233255386352539e-01,-1.053790301084518433e-01,-1.648572832345962524e-01,4.759407415986061096e-02,2.762501835823059082e-01,8.151330947875976562e-01,-4.488856792449951172e-01,2.617999911308288574e-01,-2.540360689163208008e-01,1.155781596899032593e-01,1.447452008724212646e-01,-1.690464615821838379e+00,5.722794532775878906e-01,-6.186469197273254395e-01,1.209861397743225098e+00,-8.272618651390075684e-01,-2.317689508199691772e-01,2.969334125518798828e-01,-3.618625700473785400e-01,-1.010625481605529785e+00,9.652042984962463379e-01,-2.062115967273712158e-01,6.044729351997375488e-01,-4.434785619378089905e-02,1.235615313053131104e-01
3.658087179064750671e-02,3.903774321079254150e-01,7.198334932327270508e-01,1.592533080838620663e-03,-1.133145987987518311e-01,6.815603375434875488e-01,7.229334712028503418e-01,-1.927500367164611816e-01,5.490817427635192871e-01,-2.984053790569305420e-01,9.367205500602722168e-01,-5.956977605819702148e-01,-1.050522848963737488e-01,-1.665732264518737793e-01,-3.252741694450378418e-02,2.510848641395568848e-01,8.430889844894409180e-01,-4.834905564785003662e-01,2.617999911308288574e-01,-2.352128624916076660e-01,1.055074036121368408e-01,1.175605952739715576e-01,-1.848555922508239746e+00,6.265961527824401855e-01,-6.610241532325744629e-01,1.084416508674621582e+00,-7.867124080657958984e-01,-2.987270057201385498e-01,4.050064980983734131e-01,-2.919647693634033203e-01,-1.047625780105590820e+00,9.165017008781433105e-01,-1.627413630485534668e-01,5.251283049583435059e-01,-6.237136945128440857e-02,1.269329339265823364e-01
2.543229050934314728e-02,3.835846483707427979e-01,7.193516492843627930e-01,1.639854907989501953e-02,-9.991440176963806152e-02,7.026740312576293945e-01,7.042708396911621094e-01,-1.997734606266021729e-01,5.277468562126159668e-01,-2.685924768447875977e-01,9.232032299041748047e-01,-5.822625756263732910e-01,-1.105904951691627502e-01,-1.537883430719375610e-01,-1.243473663926124573e-01,2.223533093929290771e-01,8.302873969078063965e-01,-4.937739372253417969e-01,2.617999911308288574e-01,-1.991827934980392456e-01,1.052081063389778137e-01,8.439704775810241699e-02,-2.039955615997314453e+00,6.947294473648071289e-01,-7.275723814964294434e-01,9.020257592201232910e-01,-6.908708810806274414e-01,-3.541826605796813965e-01,5.313756465911865234e-01,-1.546885818243026733e-01,-1.077660918235778809e+00,8.373799920082092285e-01,-1.129513308405876160e-01,4.445569813251495361e-01,-5.572305247187614441e-02,1.435415893793106079e-01
1.156622637063264847e-02,3.736604750156402588e-01,7.204513549804687500e-01,3.587058186531066895e-02,-8.628610521554946899e-02,7.256709337234497070e-01,6.816668510437011719e-01,-1.989916712045669556e-01,4.798957407474517822e-01,-2.308838963508605957e-01,9.132195115089416504e-01,-5.698401927947998047e-01,-1.123366057872772217e-01,-1.243814155459403992e-01,-2.442374378442764282e-01,1.674802750349044800e-01,7.922704219818115234e-01,-4.743454158306121826e-01,2.617999911308288574e-01,-1.384306102991104126e-01,1.117340326309204102e-01,4.963542893528938293e-02,-2.264978647232055664e+00,8.482350707054138184e-01,-9.050236940383911133e-01,5.998619198799133301e-01,-4.955741465091705322e-01,-3.837789595127105713e-01,6.593381762504577637e-01,7.422499358654022217e-02,-1.060957670211791992e+00,6.597729921340942383e-01,-1.348492410033941269e-02,3.081093728542327881e-01,-5.173220112919807434e-02,1.605147868394851685e-01
-3.765957197174429893e-03,3.774871528148651123e-01,7.223482728004455566e-01,4.446617886424064636e-02,-7.759355008602142334e-02,7.388494610786437988e-01,6.679098010063171387e-01,-1.983512639999389648e-01,4.340379536151885986e-01,-2.146913260221481323e-01,9.160019159317016602e-01,-5.918777585029602051e-01,-1.339512169361114502e-01,-1.103519871830940247e-01,-3.279176652431488037e-01,1.176063120365142822e-01,7.670782804489135742e-01,-3.830245137214660645e-01,2.617999911308288574e-01,-4.745566099882125854e-02,1.384303271770477295e-01,9.504213929176330566e-03,-2.523138761520385742e+00,1.058465957641601562e+00,-1.165180325508117676e+00,2.804706394672393799e-01,-2.501873970031738281e-01,-3.938684761524200439e-01,8.352777957916259766e-01,2.908001840114593506e-01,-9.607948064804077148e-01,4.559867978096008301e-01,2.025427967309951782e-01,1.556850224733352661e-01,-5.596756190061569214e-02,1.483797878026962280e-01
-2.204887196421623230e-02,3.790541291236877441e-01,7.251074314117431641e-01,4.809411242604255676e-02,-7.225273549556732178e-02,7.481855750083923340e-01,6.577877998352050781e-01,-2.028198391199111938e-01,3.841094672679901123e-01,-2.112414538860321045e-01,9.219421148300170898e-01,-5.986569523811340332e-01,-1.602133065462112427e-01,-8.999750763177871704e-02,-4.044669866561889648e-01,6.022920459508895874e-02,7.012653350830078125e-01,-2.692819833755493164e-01,2.617999911308288574e-01,9.640195965766906738e-02,1.726452261209487915e-01,-3.978545591235160828e-02,-2.689677476882934570e+00,1.272266507148742676e+00,-1.399999976158142090e+00,-7.701628841459751129e-03,1.532513741403818130e-02,-3.508910834789276123e-01,1.039562821388244629e+00,4.411538541316986084e-01,-8.104221224784851074e-01,2.730079889297485352e-01,5.042916536331176758e-01,-6.388460751622915268e-03,-7.204348593950271606e-02,6.188988313078880310e-02
-4.249486699700355530e-02,3.781619668006896973e-01,7.301078438758850098e-01,5.408979207277297974e-02,-6.602117419242858887e-02,7.540754675865173340e-01,6.512186527252197266e-01,-2.032440602779388428e-01,3.289577960968017578e-01,-1.825154870748519897e-01,9.261966347694396973e-01,-5.905864834785461426e-01,-1.713077723979949951e-01,-7.111740112304687500e-02,-4.872405529022216797e-01,-3.304129932075738907e-03,6.415935754776000977e-01,-1.481571793556213379e-01,2.617999911308288574e-01,2.921877205371856689e-01,2.027372419834136963e-01,-1.087079867720603943e-01,-2.571192502975463867e+00,1.525067329406738281e+00,-1.399999976158142090e+00,-2.724098861217498779e-01,2.583625614643096924e-01,-2.922697067260742188e-01,1.121635198593139648e+00,5.262281894683837891e-01,-6.605604887008666992e-01,8.229308575391769409e-02,7.882869839668273926e-01,-8.193137496709823608e-02,-6.726396828889846802e-02,-1.936426199972629547e-02
-6.369543820619583130e-02,3.766745626926422119e-01,7.365209460258483887e-01,6.015358865261077881e-02,-5.773605406284332275e-02,7.644554972648620605e-01,6.392619609832763672e-01,-1.994743347167968750e-01,2.515517175197601318e-01,-1.790675818920135498e-01,9.122536182403564453e-01,-5.817283987998962402e-01,-1.649163663387298584e-01,-5.952479690313339233e-02,-5.626077651977539062e-01,-4.810772836208343506e-02,6.070022583007812500e-01,-2.342892624437808990e-02,2.617999911308288574e-01,4.038760364055633545e-01,1.890644729137420654e-01,-1.438551843166351318e-01,-2.421529531478881836e+00,1.771822690963745117e+00,-1.399999976158142090e+00,-4.286392331123352051e-01,3.594373464584350586e-01,-2.890459299087524414e-01,1.157809615135192871e+00,5.273382067680358887e-01,-5.931382179260253906e-01,1.323730312287807465e-02,8.774315714836120605e-01,-1.082930192351341248e-01,-6.611920893192291260e-02,-4.352698475122451782e-02
-8.967214822769165039e-02,3.780142068862915039e-01,7.425033450126647949e-01,7.146222144365310669e-02,-4.864748567342758179e-02,7.779518961906433105e-01,6.223483085632324219e-01,-1.752249747514724731e-01,1.597210615873336792e-01,-1.773493736982345581e-01,8.808973431587219238e-01,-5.819284915924072266e-01,-1.418308168649673462e-01,-6.392426788806915283e-02,-6.255874633789062500e-01,-7.616878300905227661e-02,6.254551410675048828e-01,6.753976643085479736e-02,2.617999911308288574e-01,4.425725638866424561e-01,1.483237296342849731e-01,-1.327718794345855713e-01,-2.236399173736572266e+00,2.012998580932617188e+00,-1.395254373550415039e+00,-4.753173291683197021e-01,3.032862544059753418e-01,-3.380325734615325928e-01,1.125773668289184570e+00,4.739401936531066895e-01,-5.875899195671081543e-01,3.567744046449661255e-02,8.478049635887145996e-01,-1.110127717256546021e-01,-6.693617999553680420e-02,-3.765900433063507080e-02
-1.157362386584281921e-01,3.817299902439117432e-01,7.461434602737426758e-01,9.112822264432907104e-02,-2.937936782836914062e-02,7.940975427627563477e-01,6.002013087272644043e-01,-1.411089450120925903e-01,4.567701369524002075e-02,-1.618411689996719360e-01,8.355147838592529297e-01,-5.774716734886169434e-01,-9.402406215667724609e-02,-6.832295656204223633e-02,-7.024240493774414062e-01,-5.892548337578773499e-02,6.557739973068237305e-01,8.114866912364959717e-02,2.617999911308288574e-01,4.144478440284729004e-01,4.645236209034919739e-02,-9.810648858547210693e-02,-2.076997756958007812e+00,2.215744256973266602e+00,-1.399999976158142090e+00,-4.328395724296569824e-01,1.061243414878845215e-01,-4.153891205787658691e-01,9.995455741882324219e-01,3.883547484874725342e-01,-5.638024806976318359e-01,1.053518354892730713e-01,7.713277935981750488e-01,-7.329977303743362427e-02,-6.074330210685729980e-02,-2.027962543070316315e-02
-1.394349485635757446e-01,3.875589072704315186e-01,7.507200837135314941e-01,1.041033193469047546e-01,-1.588640548288822174e-02,8.048784136772155762e-01,5.840213298797607422e-01,-9.415684640407562256e-02,-3.809709474444389343e-02,-1.558796912431716919e-01,7.718487381935119629e-01,-5.736783742904663086e-01,-4.353508725762367249e-02,-7.207286357879638672e-02,-7.309469580650329590e-01,-3.610620647668838501e-02,6.893339157104492188e-01,5.295266211032867432e-02,2.617999911308288574e-01,3.936651349067687988e-01,-1.016975119709968567e-01,-7.156933099031448364e-02,-1.952131628990173340e+00,2.251499891281127930e+00,-1.399999976158142090e+00,-2.755728960037231445e-01,-1.843169033527374268e-01,-4.689661860466003418e-01,8.053348660469055176e-01,3.292675912380218506e-01,-5.129292607307434082e-01,1.042714044451713562e-01,5.804120898246765137e-01,-1.114282570779323578e-02,-8.020711690187454224e-02,-2.394302189350128174e-02
-1.543799638748168945e-01,3.945179283618927002e-01,7.572304010391235352e-01,1.123465672135353088e-01,-1.800586469471454620e-03,8.147882819175720215e-01,5.687662363052368164e-01,-5.520816147327423096e-02,-9.474685788154602051e-02,-1.499072462320327759e-01,7.001536488533020020e-01,-5.343761444091796875e-01,-2.717801742255687714e-02,-7.930286973714828491e-02,-7.225068807601928711e-01,-4.705395922064781189e-02,7.379757761955261230e-01,-7.081844657659530640e-02,2.123039662837982178e-01,3.852506577968597412e-01,-2.532311081886291504e-01,-4.780028760433197021e-02,-1.867095828056335449e+00,2.251499891281127930e+00,-1.399999976158142090e+00,-3.425865620374679565e-02,-4.871670603752136230e-01,-4.193415641784667969e-01,5.406106114387512207e-01,2.548143863677978516e-01,-4.450395703315734863e-01,1.240984871983528137e-01,4.396201372146606445e-01,-1.217971555888652802e-02,-7.238049805164337158e-02,-3.952813521027565002e-02
-1.753478050231933594e-01,3.989033401012420654e-01,7.646696567535400391e-01,1.156683936715126038e-01,6.052075885236263275e-03,8.200901150703430176e-01,5.603895187377929688e-01,-1.268363650888204575e-02,-1.427775770425796509e-01,-1.491427123546600342e-01,6.284229159355163574e-01,-4.926236867904663086e-01,-7.331454195082187653e-03,-1.022329628467559814e-01,-6.860706806182861328e-01,-4.361919313669204712e-02,7.826792597770690918e-01,-1.384239494800567627e-01,1.856784373521804810e-01,3.602603673934936523e-01,-3.953726291656494141e-01,-2.798848971724510193e-02,-1.830104708671569824e+00,2.251499891281127930e+00,-1.399999976158142090e+00,2.554096877574920654e-01,-7.121935486793518066e-01,-3.051067292690277100e-01,2.817477583885192871e-01,1.788206845521926880e-01,-3.804273307323455811e-01,6.703285127878189087e-02,2.685945630073547363e-01,3.518080711364746094e-02,-8.446921408176422119e-02,-6.957914680242538452e-02
-1.952610760927200317e-01,3.964128494262695312e-01,7.727967500686645508e-01,1.147375032305717468e-01,-2.324772998690605164e-02,8.196223974227905273e-01,5.608154535293579102e-01,3.524094820022583008e-02,-1.164938956499099731e-01,-1.529186218976974487e-01,6.244174838066101074e-01,-4.608425199985504150e-01,-5.490894895046949387e-03,-8.877729624509811401e-02,-5.489863753318786621e-01,-7.302990555763244629e-02,8.289192914962768555e-01,-2.063554674386978149e-01,1.380243450403213501e-01,3.372985124588012695e-01,-4.083057343959808350e-01,-9.117835201323032379e-03,-1.833729982376098633e+00,2.251499891281127930e+00,-1.399999976158142090e+00,5.986475944519042969e-01,-8.578826785087585449e-01,-1.274225860834121704e-01,1.614128798246383667e-01,7.852780818939208984e-02,-3.224121034145355225e-01,-7.966740056872367859e-03,1.607282459735870361e-01,1.137134432792663574e-01,-1.090364307165145874e-01,-1.584512442350387573e-01
-2.149358838796615601e-01,3.849013149738311768e-01,7.808539271354675293e-01,1.091214492917060852e-01,-5.113525316119194031e-02,8.197110295295715332e-01,5.599566698074340820e-01,6.344106048345565796e-02,-8.736463636159896851e-02,-1.478517651557922363e-01,6.098481416702270508e-01,-4.177954494953155518e-01,-1.525406632572412491e-02,-9.798394143581390381e-02,-3.963791429996490479e-01,-6.197599321603775024e-02,8.628336787223815918e-01,-2.233819812536239624e-01,1.011839136481285095e-01,2.722040414810180664e-01,-4.085440933704376221e-01,1.641744375228881836e-02,-1.896365761756896973e+00,2.251499891281127930e+00,-1.399999976158142090e+00,9.870811700820922852e-01,-8.772317767143249512e-01,2.541893720626831055e-02,4.590541124343872070e-02,-8.434934169054031372e-02,-2.621224820613861084e-01,-1.251051723957061768e-01,8.086335659027099609e-02,2.338536977767944336e-01,-1.448331028223037720e-01,-2.962549328804016113e-01
-2.297538965940475464e-01,3.782038986682891846e-01,7.876533269882202148e-01,9.105612337589263916e-02,-6.209263205528259277e-02,8.313291072845458984e-01,5.447431802749633789e-01,3.724424168467521667e-02,-7.338970154523849487e-02,-1.642719805240631104e-01,6.132392287254333496e-01,-3.663691282272338867e-01,-3.455611690878868103e-02,-1.350562870502471924e-01,-2.621878385543823242e-01,-5.769978091120719910e-02,8.917407393455505371e-01,-1.964460164308547974e-01,9.542071819305419922e-02,1.782318353652954102e-01,-4.053106009960174561e-01,4.644110426306724548e-02,-1.961780548095703125e+00,2.251499891281127930e+00,-1.399999976158142090e+00,1.324656605720520020e+00,-7.733035683631896973e-01,1.229786351323127747e-01,-5.967737734317779541e-02,-2.515977323055267334e-01,-2.669937908649444580e-01,-2.294719517230987549e-01,3.051024861633777618e-02,3.010860681533813477e-01,-1.847691088914871216e-01,-4.083328843116760254e-01
-2.443364411592483521e-01,3.715419471263885498e-01,7.922008037567138672e-01,6.177512928843498230e-02,-6.673843413591384888e-02,8.393900990486145020e-01,5.358675718307495117e-01,-2.817667461931705475e-02,-3.165269270539283752e-02,-1.294748038053512573e-01,6.436112523078918457e-01,-3.565283417701721191e-01,-6.383202970027923584e-02,-1.938347071409225464e-01,-1.596966385841369629e-01,-1.072258800268173218e-01,9.096934795379638672e-01,-2.042413949966430664e-01,7.553488016128540039e-02,7.418870925903320312e-02,-4.041976332664489746e-01,7.004260271787643433e-02,-1.980374097824096680e+00,2.251499891281127930e+00,-1.399999976158142090e+00,1.506599545478820801e+00,-5.533569455146789551e-01,1.545210033655166626e-01,-2.423900961875915527e-01,-4.483055174350738525e-01,-2.775420248508453369e-01,-3.903221487998962402e-01,3.246540948748588562e-02,3.356334269046783447e-01,-2.140680253505706787e-01,-5.191392898559570312e-01
-2.439584881067276001e-01,3.659945726394653320e-01,7.944458127021789551e-01,3.543113544583320618e-02,-7.779783010482788086e-02,8.516129255294799805e-01,5.171533823013305664e-01,-1.112664267420768738e-01,1.950587891042232513e-02,-1.197058334946632385e-01,6.934583187103271484e-01,-3.668630123138427734e-01,-7.418429106473922729e-02,-2.701342701911926270e-01,-7.356868684291839600e-02,-1.464753895998001099e-01,9.282088875770568848e-01,-1.607129275798797607e-01,5.164900794625282288e-02,-9.961845353245735168e-03,-4.026328623294830322e-01,1.065731272101402283e-01,-1.942599534988403320e+00,2.251499891281127930e+00,-1.399999976158142090e+00,1.568449974060058594e+00,-3.303936421871185303e-01,1.170615479350090027e-01,-4.220276474952697754e-01,-6.217038631439208984e-01,-3.206991553306579590e-01,-5.518779754638671875e-01,6.321780383586883545e-02,3.678397238254547119e-01,-2.531813383102416992e-01,-6.309114694595336914e-01
-2.596762478351593018e-01,3.624199628829956055e-01,7.922901511192321777e-01,9.431690908968448639e-03,-8.041561394929885864e-02,8.644694089889526367e-01,4.961219429969787598e-01,-1.975712329149246216e-01,4.371619597077369690e-02,-1.110444143414497375e-01,7.423896193504333496e-01,-4.117971658706665039e-01,-6.313767284154891968e-02,-3.436492085456848145e-01,-9.888373315334320068e-03,-1.783932596445083618e-01,9.386123418807983398e-01,-9.625062346458435059e-02,5.373299121856689453e-02,-4.386700317263603210e-02,-4.025407433509826660e-01,1.341113299131393433e-01,-1.841212272644042969e+00,2.226402997970581055e+00,-1.399999976158142090e+00,1.521967530250549316e+00,-1.943371295928955078e-01,3.835337981581687927e-02,-5.390489101409912109e-01,-7.334911823272705078e-01,-4.125108122825622559e-01,-7.106701135635375977e-01,1.401710510253906250e-01,3.823969364166259766e-01,-2.827257215976715088e-01,-7.775452733039855957e-01
-2.605510950088500977e-01,3.585148155689239502e-01,7.873398065567016602e-01,-1.535617746412754059e-02,-8.560525625944137573e-02,8.694068193435668945e-01,4.863822758197784424e-01,-2.972025573253631592e-01,7.373135536909103394e-02,-1.114820837974548340e-01,8.193411827087402344e-01,-4.545503854751586914e-01,-3.702547773718833923e-02,-4.488378167152404785e-01,9.002371691167354584e-03,-2.275258004665374756e-01,9.638165235519409180e-01,8.507453836500644684e-03,7.681998610496520996e-02,9.673298150300979614e-02,-3.992873728275299072e-01,1.535047143697738647e-01,-1.580303668975830078e+00,1.929254412651062012e+00,-1.399999976158142090e+00,1.428429126739501953e+00,-2.620052695274353027e-01,-4.368697991594672203e-04,-6.467834115028381348e-01,-6.960461139678955078e-01,-6.250180602073669434e-01,-9.186980724334716797e-01,2.910869419574737549e-01,3.438326418399810791e-01,-2.834178507328033447e-01,-8.837179541587829590e-01
-2.772943675518035889e-01,3.561422526836395264e-01,7.818887233734130859e-01,-4.052503209095448256e-04,-3.933361917734146118e-02,8.813652396202087402e-01,4.707951545715332031e-01,-3.102199435234069824e-01,-6.099862977862358093e-02,-6.139215454459190369e-02,7.905803918838500977e-01,-4.430453181266784668e-01,8.035041391849517822e-03,-5.398722887039184570e-01,-7.321809232234954834e-02,-1.430015563964843750e-01,1.071371912956237793e+00,-2.456554956734180450e-02,1.003845408558845520e-01,3.397495746612548828e-01,-3.691413402557373047e-01,1.899988353252410889e-01,-9.334029555320739746e-01,1.322806596755981445e+00,-1.078650712966918945e+00,1.377206802368164062e+00,-4.007186591625213623e-01,5.532854236662387848e-03,-4.873158633708953857e-01,-3.986004292964935303e-01,-8.610860705375671387e-01,-1.154726505279541016e+00,3.318548798561096191e-01,2.373054325580596924e-01,-2.628755569458007812e-01,-9.751678705215454102e-01
-2.935512661933898926e-01,3.422256112098693848e-01,7.757901549339294434e-01,1.188077405095100403e-02,-1.529239350929856300e-03,8.959644436836242676e-01,4.439642727375030518e-01,-3.133188486099243164e-01,-1.929103434085845947e-01,-2.272537723183631897e-02,7.223408818244934082e-01,-3.919067978858947754e-01,5.362578481435775757e-02,-6.246610283851623535e-01,-1.774979531764984131e-01,-6.418844312429428101e-02,1.200955867767333984e+00,-6.586923450231552124e-02,1.464722603559494019e-01,1.667212545871734619e-01,1.423048824071884155e-01,6.635081022977828979e-02,-1.323724258691072464e-02,2.978444993495941162e-01,-4.010812938213348389e-01,1.194599628448486328e+00,-1.804669797420501709e-01,-1.684056669473648071e-01,4.940340761095285416e-03,-5.060384869575500488e-01,-1.491207718849182129e+00,-7.875555753707885742e-01,2.058563679456710815e-01,2.476779520511627197e-01,-2.194718569517135620e-01,-9.519343376159667969e-01
-2.950918674468994141e-01,3.363856673240661621e-01,7.745983004570007324e-01,1.598405651748180389e-03,-6.664493121206760406e-03,9.004710912704467773e-01,4.348618984222412109e-01,-3.490062654018402100e-01,-1.835951656103134155e-01,-2.597808465361595154e-02,7.498108148574829102e-01,-3.951164782047271729e-01,5.163265392184257507e-02,-6.547960042953491211e-01,-1.512825340032577515e-01,-6.822142750024795532e-02,1.215975999832153320e+00,-4.847534745931625366e-02,1.439209431409835815e-01,7.757499068975448608e-02,1.917564719915390015e-01,5.392184108495712280e-02,-7.551187649369239807e-03,2.519904673099517822e-01,-3.790581822395324707e-01,1.120226621627807617e+00,-1.446322798728942871e-01,-1.664124727249145508e-01,3.460051119327545166e-02,-8.342548012733459473e-01,-1.467113614082336426e+00,-4.319666326045989990e-01,1.862315833568572998e-01,1.411779522895812988e-01,-1.825288385152816772e-01,-9.686096906661987305e-01
-2.953817844390869141e-01,3.294104039669036865e-01,7.740998268127441406e-01,1.029162085615098476e-03,-1.146002393215894699e-02,9.040392637252807617e-01,4.272945225238800049e-01,-3.575434088706970215e-01,-1.865419298410415649e-01,-3.376049548387527466e-02,7.553768754005432129e-01,-3.951886594295501709e-01,5.726334452629089355e-02,-6.670108437538146973e-01,-1.191378980875015259e-01,-5.119591206312179565e-02,1.230481863021850586e+00,-3.894682973623275757e-02,1.437082886695861816e-01,1.170716527849435806e-02,2.087064236402511597e-01,6.876177340745925903e-02,-4.554368555545806885e-02,2.703254222869873047e-01,-3.811380267143249512e-01,1.031096458435058594e+00,-1.015425994992256165e-01,-1.772029399871826172e-01,3.117122314870357513e-02,-9.320775866508483887e-01,-1.428474903106689453e+00,-3.265195488929748535e-01,1.455528885126113892e-01,4.753915593028068542e-02,-1.490945070981979370e-01,-9.883531332015991211e-01
-2.963716387748718262e-01,3.294546902179718018e-01,7.738853096961975098e-01,-2.891648327931761742e-03,-1.433102879673242569e-02,9.085039496421813965e-01,4.176204204559326172e-01,-3.634999096393585205e-01,-1.869005709886550903e-01,-4.722426086664199829e-02,7.586367130279541016e-01,-4.088743627071380615e-01,7.021328806877136230e-02,-6.704602241516113281e-01,-8.305410295724868774e-02,-3.396138548851013184e-02,1.239773631095886230e+00,-4.711681976914405823e-02,1.555138081312179565e-01,-4.314180836081504822e-02,2.228808850049972534e-01,8.160551637411117554e-02,-9.387576580047607422e-02,3.009207248687744141e-01,-3.610464036464691162e-01,9.290629625320434570e-01,-6.629069149494171143e-02,-1.929091960191726685e-01,3.960852324962615967e-02,-9.636151790618896484e-01,-1.396043658256530762e+00,-2.774026989936828613e-01,6.989665329456329346e-02,-2.940669283270835876e-02,-1.305985599756240845e-01,-9.663319587707519531e-01
-2.965323030948638916e-01,3.300375342369079590e-01,7.734140157699584961e-01,-5.161417648196220398e-03,-1.725184731185436249e-02,9.101166129112243652e-01,4.139607548713684082e-01,-3.662612438201904297e-01,-1.803089082241058350e-01,-5.000507831573486328e-02,7.630444169044494629e-01,-4.291366040706634521e-01,9.021892398595809937e-02,-6.688883900642395020e-01,-4.737504199147224426e-02,-2.213354967534542084e-02,1.248047590255737305e+00,-4.768595844507217407e-02,1.754346191883087158e-01,-8.731334656476974487e-02,2.287574857473373413e-01,8.799699693918228149e-02,-1.448245644569396973e-01,3.426495194435119629e-01,-3.147432208061218262e-01,8.261046409606933594e-01,-5.268312618136405945e-02,-2.003247290849685669e-01,7.409363240003585815e-02,-9.514513015747070312e-01,-1.324133157730102539e+00,-2.629579305648803711e-01,-8.348956704139709473e-03,-7.065193355083465576e-02,-1.291088014841079712e-01,-9.628641009330749512e-01
-2.940094172954559326e-01,3.344178795814514160e-01,7.719858884811401367e-01,-1.947030192241072655e-03,-1.689066365361213684e-02,9.098703861236572266e-01,4.145441353321075439e-01,-3.586943149566650391e-01,-1.746909767389297485e-01,-4.593285918235778809e-02,7.665368914604187012e-01,-4.560573697090148926e-01,1.137713640928268433e-01,-6.577854752540588379e-01,-2.863434329628944397e-02,-1.980559155344963074e-02,1.262410521507263184e+00,-5.551849678158760071e-02,1.868930906057357788e-01,-1.143264621496200562e-01,2.242815196514129639e-01,8.855114877223968506e-02,-1.857822537422180176e-01,3.867017924785614014e-01,-2.407231330871582031e-01,7.180514931678771973e-01,-6.004482507705688477e-02,-2.154881358146667480e-01,1.091319546103477478e-01,-9.031254053115844727e-01,-1.240092635154724121e+00,-2.818961739540100098e-01,-1.078891679644584656e-01,-1.176185682415962219e-01,-1.448476016521453857e-01,-9.466204643249511719e-01
-2.880921661853790283e-01,3.351059854030609131e-01,7.695726156234741211e-01,5.383783951401710510e-03,-1.808197796344757080e-02,9.089334011077880859e-01,4.165143072605133057e-01,-3.493844568729400635e-01,-1.677972078323364258e-01,-3.818402811884880066e-02,7.715734243392944336e-01,-4.835450351238250732e-01,1.441437005996704102e-01,-6.485151052474975586e-01,-8.620691485702991486e-03,-2.553936094045639038e-02,1.301915526390075684e+00,-5.322337150573730469e-02,2.037220448255538940e-01,-1.369893848896026611e-01,2.078852057456970215e-01,9.206038713455200195e-02,-2.447669804096221924e-01,4.307115375995635986e-01,-1.634952425956726074e-01,6.058803200721740723e-01,-8.824678510427474976e-02,-2.304008603096008301e-01,1.600686609745025635e-01,-8.163006305694580078e-01,-1.118879914283752441e+00,-3.428453207015991211e-01,-2.047641724348068237e-01,-1.345678418874740601e-01,-1.762410849332809448e-01,-9.423287510871887207e-01
-2.821224629878997803e-01,3.375245630741119385e-01,7.664813399314880371e-01,1.028128247708082199e-02,-1.788176782429218292e-02,9.062708616256713867e-01,4.221938848495483398e-01,-3.434462249279022217e-01,-1.579418331384658813e-01,-2.984183467924594879e-02,7.751911878585815430e-01,-5.173401236534118652e-01,1.753478050231933594e-01,-6.439825892448425293e-01,3.052531741559505463e-03,-3.833686187863349915e-02,1.343932032585144043e+00,-6.249014660716056824e-02,2.072316855192184448e-01,-1.464924067258834839e-01,1.833004951477050781e-01,8.389200270175933838e-02,-3.137461543083190918e-01,4.614487290382385254e-01,-1.005238071084022522e-01,5.045902132987976074e-01,-1.115141212940216064e-01,-2.473176866769790649e-01,2.241825610399246216e-01,-7.285819649696350098e-01,-9.732291698455810547e-01,-4.037547707557678223e-01,-3.207769989967346191e-01,-1.493649035692214966e-01,-2.108242362737655640e-01,-9.839918613433837891e-01
-2.785724699497222900e-01,3.393076062202453613e-01,7.632371187210083008e-01,1.607246696949005127e-02,-1.544947922229766846e-02,9.022624492645263672e-01,4.306105375289916992e-01,-3.388181030750274658e-01,-1.517098695039749146e-01,-9.626193903386592865e-03,7.834366559982299805e-01,-5.430898666381835938e-01,1.951662898063659668e-01,-6.389597058296203613e-01,-7.498934864997863770e-03,-6.617715954780578613e-02,1.393471360206604004e+00,-7.685638219118118286e-02,2.118532210588455200e-01,-1.416412591934204102e-01,1.561957895755767822e-01,6.709150969982147217e-02,-3.915959596633911133e-01,4.511577486991882324e-01,-4.371712356805801392e-02,4.376560449600219727e-01,-1.561265289783477783e-01,-2.660670578479766846e-01,3.231755197048187256e-01,-6.666543483734130859e-01,-8.073931336402893066e-01,-4.538878500461578369e-01,-4.269261062145233154e-01,-1.650611758232116699e-01,-2.362454980611801147e-01,-1.075300812721252441e+00
-2.775393426418304443e-01,3.358933329582214355e-01,7.605547904968261719e-01,1.963491179049015045e-02,-1.741882972419261932e-02,8.969558477401733398e-01,4.413403272628784180e-01,-3.422867059707641602e-01,-1.426526606082916260e-01,7.836119271814823151e-03,7.993916273117065430e-01,-5.560660958290100098e-01,2.060803622007369995e-01,-6.338156461715698242e-01,-2.349263057112693787e-02,-8.379735797643661499e-02,1.437264800071716309e+00,-1.082674488425254822e-01,2.117594480514526367e-01,-1.315623521804809570e-01,1.308869421482086182e-01,5.091463401913642883e-02,-4.810898900032043457e-01,4.118357300758361816e-01,4.954097792506217957e-03,3.799176812171936035e-01,-2.204340100288391113e-01,-2.994927167892456055e-01,4.289794862270355225e-01,-6.462323069572448730e-01,-6.495825648307800293e-01,-4.785977005958557129e-01,-4.932086169719696045e-01,-1.677582263946533203e-01,-2.494938522577285767e-01,-1.192806839942932129e+00
-2.774190902709960938e-01,3.333925008773803711e-01,7.593580484390258789e-01,2.356491610407829285e-02,-1.738902181386947632e-02,8.913596868515014648e-01,4.523497223854064941e-01,-3.408954441547393799e-01,-1.392997950315475464e-01,2.243820019066333771e-02,8.061252236366271973e-01,-5.577729940414428711e-01,2.076666653156280518e-01,-6.334939599037170410e-01,-3.736492618918418884e-02,-9.563738852739334106e-02,1.486693263053894043e+00,-1.360310614109039307e-01,2.147963047027587891e-01,-1.099637150764465332e-01,1.137878894805908203e-01,4.078475758433341980e-02,-5.808230638504028320e-01,3.470152020454406738e-01,3.679456934332847595e-02,3.064311444759368896e-01,-2.948993146419525146e-01,-3.484030961990356445e-01,5.274446606636047363e-01,-6.608511805534362793e-01,-4.965446591377258301e-01,-4.809757173061370850e-01,-5.452862381935119629e-01,-1.647529155015945435e-01,-2.767951488494873047e-01,-1.306804418563842773e+00
-2.750647366046905518e-01,3.311074674129486084e-01,7.601827383041381836e-01,3.019249439239501953e-02,-1.538524124771356583e-02,8.835635185241699219e-01,4.670837819576263428e-01,-3.390884399414062500e-01,-1.325695067644119263e-01,4.958696663379669189e-02,8.159679770469665527e-01,-5.393122434616088867e-01,2.087996006011962891e-01,-6.356439590454101562e-01,-6.467150896787643433e-02,-1.034058183431625366e-01,1.521080613136291504e+00,-1.729334294795989990e-01,2.005928456783294678e-01,-7.970995455980300903e-02,9.682288020849227905e-02,3.827635943889617920e-02,-6.878084540367126465e-01,2.688025236129760742e-01,1.711603254079818726e-02,2.222153693437576294e-01,-3.356114327907562256e-01,-3.802570104598999023e-01,5.814454555511474609e-01,-7.140948772430419922e-01,-3.755072951316833496e-01,-4.233333766460418701e-01,-5.846776366233825684e-01,-1.567417085170745850e-01,-2.951754927635192871e-01,-1.339952588081359863e+00
-2.719537019729614258e-01,3.298369348049163818e-01,7.627087235450744629e-01,3.666540235280990601e-02,-1.274890545755624771e-02,8.769825100898742676e-01,4.789517819881439209e-01,-3.261064887046813965e-01,-1.229227483272552490e-01,8.063162118196487427e-02,8.021737337112426758e-01,-5.200436115264892578e-01,1.936866194009780884e-01,-6.218277215957641602e-01,-1.029625013470649719e-01,-8.986122161149978638e-02,1.495787262916564941e+00,-1.872103959321975708e-01,2.029594779014587402e-01,-5.212198570370674133e-02,8.338299393653869629e-02,3.504832834005355835e-02,-7.917988896369934082e-01,1.350555866956710815e-01,-2.110528387129306793e-02,1.479687988758087158e-01,-3.900527358055114746e-01,-4.098047316074371338e-01,5.803846120834350586e-01,-7.772177457809448242e-01,-2.500429153442382812e-01,-3.319772481918334961e-01,-6.021190285682678223e-01,-9.290154278278350830e-02,-3.457292318344116211e-01,-1.282960176467895508e+00
-2.663980424404144287e-01,3.266199827194213867e-01,7.663971185684204102e-01,4.941848292946815491e-02,-3.714088816195726395e-03,8.646346330642700195e-01,4.999509453773498535e-01,-3.080528676509857178e-01,-1.302572190761566162e-01,1.017373874783515930e-01,7.814636826515197754e-01,-4.828346073627471924e-01,1.516842693090438843e-01,-5.860142111778259277e-01,-1.244824230670928955e-01,-6.809091567993164062e-02,1.421262621879577637e+00,-2.017966955900192261e-01,1.924004554748535156e-01,-1.792544499039649963e-02,6.324972957372665405e-02,5.253171548247337341e-02,-8.740617036819458008e-01,7.468093652278184891e-03,-9.380162507295608521e-02,6.494828313589096069e-02,-3.897275626659393311e-01,-4.158777892589569092e-01,5.129502415657043457e-01,-8.773971796035766602e-01,-1.253248453140258789e-01,-1.855589300394058228e-01,-5.713090896606445312e-01,-1.698023267090320587e-02,-3.622205853462219238e-01,-1.141272425651550293e+00
-2.608214020729064941e-01,3.233122229576110840e-01,7.702223658561706543e-01,4.966844618320465088e-02,-2.966360887512564659e-03,8.571353554725646973e-01,5.126824378967285156e-01,-2.975460290908813477e-01,-1.074602380394935608e-01,1.239629089832305908e-01,7.809845209121704102e-01,-4.813335835933685303e-01,1.131521090865135193e-01,-5.265287160873413086e-01,-1.471254378557205200e-01,-5.797572806477546692e-02,1.321808934211730957e+00,-2.445750385522842407e-01,1.771781891584396362e-01,-2.945838682353496552e-02,4.376138001680374146e-02,7.797881215810775757e-02,-9.236341714859008789e-01,-7.421121001243591309e-02,-1.994955092668533325e-01,-1.276780106127262115e-02,-3.364639878273010254e-01,-4.115794003009796143e-01,3.794710934162139893e-01,-9.407039284706115723e-01,-1.089011207222938538e-01,-1.143159437924623489e-02,-4.598473310470581055e-01,3.256849199533462524e-02,-3.065918087959289551e-01,-8.442392945289611816e-01
-2.570067346096038818e-01,3.218004703521728516e-01,7.710792422294616699e-01,5.288787558674812317e-02,-5.667258054018020630e-03,8.451235294342041016e-01,5.319181680679321289e-01,-2.892691195011138916e-01,-9.137576073408126831e-02,1.251345276832580566e-01,8.183628916740417480e-01,-4.945181012153625488e-01,8.584310859441757202e-02,-4.730232954025268555e-01,-1.591501086950302124e-01,-5.048469081521034241e-02,1.233284473419189453e+00,-2.825450301170349121e-01,1.568877249956130981e-01,-2.148697711527347565e-02,3.171171247959136963e-02,9.051961451768875122e-02,-9.631572365760803223e-01,-1.123940721154212952e-01,-2.895937561988830566e-01,-4.901281744241714478e-02,-2.762007117271423340e-01,-3.998253345489501953e-01,2.616823613643646240e-01,-9.898024797439575195e-01,-7.104346901178359985e-02,1.233545094728469849e-01,-3.704696297645568848e-01,1.108673438429832458e-01,-2.943405508995056152e-01,-6.644812822341918945e-01
-2.538637816905975342e-01,3.218740224838256836e-01,7.689967751502990723e-01,5.535578727722167969e-02,-7.076511159539222717e-03,8.357921838760375977e-01,5.462024211883544922e-01,-2.921480238437652588e-01,-7.641388475894927979e-02,1.378002166748046875e-01,8.626823425292968750e-01,-5.107902288436889648e-01,6.338765472173690796e-02,-4.294354617595672607e-01,-1.634337604045867920e-01,-5.904879048466682434e-02,1.162985801696777344e+00,-3.473398089408874512e-01,1.460486501455307007e-01,5.091984290629625320e-03,2.159668132662773132e-02,9.216512739658355713e-02,-9.851430058479309082e-01,-1.393327713012695312e-01,-3.377889394760131836e-01,-6.233144178986549377e-02,-2.177736908197402954e-01,-3.892652988433837891e-01,2.031231224536895752e-01,-1.023786783218383789e+00,-7.005673646926879883e-02,2.015841305255889893e-01,-3.139229416847229004e-01,1.066362187266349792e-01,-2.591771781444549561e-01,-5.600448250770568848e-01
-2.516681551933288574e-01,3.226435780525207520e-01,7.659449577331542969e-01,5.215291306376457214e-02,-1.591633819043636322e-02,8.283050060272216797e-01,5.576177835464477539e-01,-3.049113154411315918e-01,-4.573795199394226074e-02,1.441303342580795288e-01,9.254025816917419434e-01,-5.374953150749206543e-01,5.850238725543022156e-02,-3.999314606189727783e-01,-1.343501806259155273e-01,-4.873298481106758118e-02,1.094755411148071289e+00,-4.293624758720397949e-01,1.171773076057434082e-01,3.845180151984095573e-03,2.464154548943042755e-02,9.204851090908050537e-02,-1.018565535545349121e+00,-1.400678306818008423e-01,-4.593918621540069580e-01,-1.247176453471183777e-01,-1.362151205539703369e-01,-3.642508089542388916e-01,8.260901272296905518e-02,-1.083570361137390137e+00,-7.109225541353225708e-02,3.258957564830780029e-01,-2.743038535118103027e-01,6.525631248950958252e-02,-2.134558707475662231e-01,-4.302495419979095459e-01
-2.496965378522872925e-01,3.239124417304992676e-01,7.628427743911743164e-01,4.871381074190139771e-02,-2.259532734751701355e-02,8.180771470069885254e-01,5.725960135459899902e-01,-3.057781159877777100e-01,-2.913642302155494690e-02,1.422892063856124878e-01,9.697192907333374023e-01,-5.704226493835449219e-01,7.667092978954315186e-02,-3.798111677169799805e-01,-1.031909808516502380e-01,-4.923330992460250854e-02,1.056147217750549316e+00,-4.757309556007385254e-01,9.497010707855224609e-02,1.197054143995046616e-02,3.564676269888877869e-02,9.269425272941589355e-02,-1.022009015083312988e+00,-1.281136572360992432e-01,-5.132666230201721191e-01,-1.644848734140396118e-01,-8.911784738302230835e-02,-3.483366966247558594e-01,2.661157213151454926e-02,-1.122000932693481445e+00,-8.433512598276138306e-02,3.847476840019226074e-01,-2.668433189392089844e-01,2.972791343927383423e-02,-1.893419027328491211e-01,-3.619305193424224854e-01
-2.482323348522186279e-01,3.246655166149139404e-01,7.606956958770751953e-01,4.642384499311447144e-02,-2.679925225675106049e-02,8.108735084533691406e-01,5.827612876892089844e-01,-2.931893169879913330e-01,-2.151525020599365234e-02,1.480791717767715454e-01,9.795392155647277832e-01,-6.036417484283447266e-01,9.147804230451583862e-02,-3.715448081493377686e-01,-8.301024883985519409e-02,-4.991253837943077087e-02,1.038477897644042969e+00,-5.069725513458251953e-01,7.766277343034744263e-02,9.705455973744392395e-03,3.714857995510101318e-02,8.840185403823852539e-02,-1.012022733688354492e+00,-1.153621375560760498e-01,-5.562456250190734863e-01,-1.939360797405242920e-01,-7.140360772609710693e-02,-3.460912704467773438e-01,-1.398818194866180420e-02,-1.141706466674804688e+00,-1.046058237552642822e-01,4.334897398948669434e-01,-2.780050933361053467e-01,-6.646594498306512833e-03,-1.751127541065216064e-01,-3.099859952926635742e-01
-2.469665706157684326e-01,3.243221938610076904e-01,7.596862912178039551e-01,4.598103463649749756e-02,-2.854289487004280090e-02,8.014071583747863770e-01,5.956656932830810547e-01,-2.729590535163879395e-01,-1.695675402879714966e-02,1.593272089958190918e-01,9.639492630958557129e-01,-6.402544975280761719e-01,1.144050359725952148e-01,-3.755394518375396729e-01,-7.333694398403167725e-02,-5.260202661156654358e-02,1.037464499473571777e+00,-5.188282728195190430e-01,7.013944536447525024e-02,1.224915031343698502e-02,3.455621004104614258e-02,8.424081653356552124e-02,-9.928459525108337402e-01,-9.832687675952911377e-02,-5.808607935905456543e-01,-2.234269976615905762e-01,-8.280238509178161621e-02,-3.468770980834960938e-01,-4.544869810342788696e-02,-1.149093151092529297e+00,-1.181584894657135010e-01,4.605023860931396484e-01,-2.964146733283996582e-01,-2.434112131595611572e-02,-1.645323932170867920e-01,-2.677343785762786865e-01
-2.498771101236343384e-01,3.260563313961029053e-01,7.593327760696411133e-01,4.744863510131835938e-02,-2.838976494967937469e-02,7.911316752433776855e-01,6.091414690017700195e-01,-2.513745129108428955e-01,-2.137356065213680267e-02,1.692982912063598633e-01,9.449275135993957520e-01,-6.596090197563171387e-01,1.274066716432571411e-01,-3.862012624740600586e-01,-7.153981178998947144e-02,-4.898082092404365540e-02,1.054398536682128906e+00,-5.172104239463806152e-01,5.904240906238555908e-02,1.618927158415317535e-02,2.753299288451671600e-02,8.142561465501785278e-02,-9.675294160842895508e-01,-7.762152701616287231e-02,-5.992193222045898438e-01,-2.473564743995666504e-01,-9.053416550159454346e-02,-3.410504460334777832e-01,-7.081021368503570557e-02,-1.146238446235656738e+00,-1.281735599040985107e-01,4.769102931022644043e-01,-3.148872256278991699e-01,-2.013542316854000092e-02,-1.551823168992996216e-01,-2.275563329458236694e-01
-2.471560388803482056e-01,3.298554122447967529e-01,7.596722841262817383e-01,4.745181277394294739e-02,-2.662024460732936859e-02,7.853477001190185547e-01,6.166592836380004883e-01,-2.275425940752029419e-01,-2.060680463910102844e-02,1.719971597194671631e-01,9.075713157653808594e-01,-6.896257996559143066e-01,1.470103710889816284e-01,-3.981174826622009277e-01,-6.472905725240707397e-02,-4.698473215103149414e-02,1.067362785339355469e+00,-5.096542239189147949e-01,6.670130789279937744e-02,9.562998078763484955e-03,1.906259730458259583e-02,8.181359618902206421e-02,-9.349679350852966309e-01,-4.416514188051223755e-02,-6.113204956054687500e-01,-2.669923603534698486e-01,-7.945621013641357422e-02,-3.465619385242462158e-01,-7.742382586002349854e-02,-1.125090241432189941e+00,-1.521678119897842407e-01,4.952060580253601074e-01,-3.314984142780303955e-01,-1.762887812219560146e-03,-1.553587317466735840e-01,-1.968622505664825439e-01
